0 0.716276 0.563426 0.0335938 0.106481 
0 0.951172 0.204398 0.0341146 0.116204 
0 0.559115 0.659722 0.0458333 0.0981481 
0 0.453385 0.258796 0.0296875 0.0981481 
0 0.164323 0.726389 0.0375 0.101852 
0 0.447005 0.620602 0.0335938 0.0976852 
0 0.149479 0.93125 0.0447917 0.074537 
0 0.595703 0.478009 0.0747396 0.075463 
0 0.974089 0.615509 0.0356771 0.0773148 
0 0.88125 0.80625 0.0494792 0.0606481 
0 0.443099 0.978009 0.0544271 0.0439815 
0 0.852083 0.378009 0.0395833 0.0782407 
0 0.801823 0.360648 0.0645833 0.0648148 
0 0.61862 0.764815 0.0351562 0.087037 
0 0.409245 0.518056 0.0486979 0.132407 
0 0.0834635 0.706944 0.0341146 0.0861111 
0 0.794401 0.910648 0.0507812 0.0888889 
0 0.0270833 0.626157 0.0447917 0.0856481 
0 0.274609 0.878935 0.0763021 0.0893519 
0 0.401823 0.325463 0.0484375 0.0740741 
0 0.69388 0.0652778 0.0518229 0.0916667 
0 0.332943 0.548148 0.0690104 0.0833333 
0 0.754427 0.852546 0.0427083 0.0717593 
0 0.139193 0.588426 0.0549479 0.0814815 
0 0.508854 0.310417 0.0260417 0.118056 
0 0.473828 0.725 0.0408854 0.115741 
0 0.671354 0.77662 0.0369792 0.0847222 
0 0.194271 0.391898 0.0609375 0.0763889 
0 0.203125 0.789352 0.0432292 0.0509259 
