0 0.888672 0.0601852 0.0695312 0.103704 
0 0.41862 0.343981 0.0388021 0.103704 
0 0.782161 0.245602 0.0731771 0.0939815 
0 0.796875 0.418981 0.0390625 0.101852 
0 0.276563 0.462963 0.0546875 0.0953704 
0 0.589844 0.947917 0.0416667 0.101389 
0 0.043099 0.204861 0.0632813 0.10787 
0 0.267839 0.200694 0.0710938 0.136574 
0 0.204427 0.29375 0.0755208 0.0884259 
0 0.54349 0.514352 0.0588542 0.0814815 
0 0.420703 0.901157 0.0580729 0.0837963 
0 0.108854 0.319213 0.03125 0.126389 
0 0.395573 0.503472 0.0322917 0.119907 
0 0.315625 0.260417 0.0583333 0.0837963 
0 0.295703 0.377315 0.0414063 0.0685185 
0 0.661589 0.308565 0.0382813 0.0800926 
0 0.502995 0.286343 0.0424479 0.105093 
0 0.0558594 0.875926 0.0622396 0.143519 
0 0.302734 0.950463 0.0591146 0.0925926 
0 0.639583 0.0358796 0.0635417 0.0689815 
0 0.939974 0.471296 0.0497396 0.0925926 
0 0.183724 0.591435 0.0669271 0.0680556 
0 0.0988281 0.137269 0.0627604 0.113426 
0 0.45 0.134028 0.0651042 0.0689815 
0 0.217708 0.21713 0.0322917 0.0898148 
0 0.952083 0.514815 0.04375 0.0675926 
0 0.0544271 0.28588 0.06875 0.0560185 
0 0.835026 0.365741 0.0414063 0.0842593 
0 0.791536 0.814583 0.0606771 0.0949074 
0 0.698177 0.024537 0.0598958 0.0490741 
0 0.900911 0.424537 0.0627604 0.062037 
0 0.626953 0.524769 0.0570313 0.0625 
0 0.188021 0.67662 0.0354167 0.0569444 
0 0.0231771 0.118519 0.040625 0.0694444 
0 0.434375 0.717824 0.034375 0.0828704 
0 0.181641 0.479861 0.0783854 0.0680556 
0 0.175781 0.0574074 0.028125 0.0583333 
0 0.854036 0.0277778 0.0591146 0.0546296 
0 0.864714 0.844676 0.0893229 0.0912037 
0 0.979036 0.229861 0.0377604 0.136574 
0 0.0722656 0.336111 0.0408854 0.0564815 
0 0.495833 0.559491 0.0447917 0.140278 
0 0.374089 0.569444 0.0658854 0.0851852 
0 0.290104 0.66088 0.0447917 0.0699074 
0 0.34375 0.188426 0.0614583 0.0509259 
0 0.952604 0.599769 0.0395833 0.0486111 
0 0.183073 0.750232 0.0401042 0.0671296 
0 0.270964 0.0986111 0.0367187 0.05 
0 0.964323 0.96875 0.0432292 0.0587963 
0 0.135937 0.184722 0.0505208 0.062963 
0 0.545833 0.641898 0.0557292 0.106944 
0 0.114844 0.851852 0.0463542 0.0685185 
0 0.374479 0.8625 0.0541667 0.0694444 
