0 0.705599 0.259722 0.0346354 0.133333 
0 0.739714 0.0388889 0.0403646 0.0777778 
0 0.727474 0.402778 0.0424479 0.102778 
0 0.16263 0.497917 0.0502604 0.074537 
0 0.432161 0.117593 0.0361979 0.0675926 
0 0.866667 0.358333 0.0494792 0.12963 
0 0.961849 0.0856481 0.0294271 0.0833333 
0 0.134245 0.430324 0.0481771 0.0541667 
0 0.174609 0.327315 0.0393229 0.0648148 
0 0.676823 0.147454 0.05 0.0865741 
0 0.617708 0.317824 0.0348958 0.109722 
0 0.340365 0.463194 0.0395833 0.0865741 
0 0.646484 0.47963 0.0299479 0.0796296 
0 0.0895833 0.384954 0.0572917 0.0810185 
0 0.649479 0.69213 0.0385417 0.0675926 
0 0.826172 0.289352 0.0263021 0.0703704 
0 0.229167 0.470833 0.053125 0.127778 
0 0.755859 0.704861 0.0445312 0.0597222 
0 0.413151 0.607176 0.0455729 0.0569444 
0 0.446615 0.246991 0.0328125 0.099537 
0 0.43151 0.927083 0.0359375 0.0847222 
0 0.587891 0.633565 0.0539063 0.0689815 
0 0.517057 0.232639 0.0492188 0.0597222 
0 0.656771 0.31412 0.0359375 0.0865741 
0 0.980469 0.107176 0.0369792 0.125463 
0 0.523958 0.36088 0.0421875 0.0587963 
0 0.148177 0.575926 0.0348958 0.0537037 
0 0.0701823 0.621528 0.0575521 0.0532407 
0 0.128906 0.791667 0.0333333 0.0462963 
0 0.0285156 0.356944 0.0382813 0.0722222 
0 0.933594 0.650926 0.0255208 0.0722222 
0 0.761719 0.821528 0.0239583 0.0893519 
0 0.892187 0.821528 0.0505208 0.0671296 
0 0.88763 0.723148 0.0278646 0.0972222 
0 0.0652344 0.548843 0.0544271 0.0560185 
0 0.633333 0.0851852 0.0229167 0.0611111 
0 0.947786 0.737963 0.0382813 0.0648148 
0 0.798437 0.757407 0.0427083 0.0768519 
0 0.0765625 0.464815 0.0625 0.087037 
0 0.542448 0.447454 0.0520833 0.0587963 
0 0.978906 0.303704 0.0411458 0.0685185 
0 0.974609 0.225 0.0492188 0.0611111 
0 0.911198 0.538657 0.0604167 0.0662037 
0 0.27487 0.303009 0.0716146 0.0625 
0 0.977995 0.451389 0.0351562 0.0666667 
0 0.408203 0.455093 0.0273438 0.0564815 
0 0.231771 0.881944 0.0479167 0.062037 
0 0.974089 0.7375 0.0325521 0.111111 
0 0.854557 0.131944 0.0294271 0.0509259 
0 0.95026 0.598843 0.040625 0.0625 
0 0.457292 0.497917 0.0348958 0.0449074 
0 0.386979 0.3625 0.0604167 0.0824074 
0 0.898438 0.345139 0.025 0.104167 
0 0.276693 0.774537 0.0299479 0.0666667 
0 0.69388 0.761343 0.0450521 0.101389 
0 0.0208333 0.759028 0.0244792 0.0578704 
0 0.3125 0.285648 0.0463542 0.0796296 
0 0.175911 0.733102 0.0263021 0.0513889 
0 0.774479 0.403241 0.04375 0.075 
0 0.211719 0.568287 0.0291667 0.0819444 
0 0.323177 0.575463 0.0401042 0.0546296 
0 0.608333 0.527778 0.0234375 0.0722222 
