0 0.157292 0.300926 0.0432292 0.158333 
0 0.317578 0.286806 0.0455729 0.136574 
0 0.829557 0.233102 0.0658854 0.101389 
0 0.930208 0.431019 0.119271 0.0805556 
0 0.235156 0.436806 0.0666667 0.0967593 
0 0.242448 0.619444 0.0708333 0.177778 
0 0.420573 0.246528 0.0484375 0.0949074 
0 0.164714 0.608102 0.0372396 0.0810185 
0 0.666016 0.131481 0.0570313 0.212963 
0 0.530729 0.0965278 0.0291667 0.0569444 
0 0.773047 0.61713 0.0580729 0.100926 
0 0.0286458 0.597685 0.0364583 0.106481 
0 0.651953 0.475231 0.0393229 0.0819444 
0 0.715365 0.2375 0.0390625 0.0509259 
0 0.136198 0.486111 0.0802083 0.0768519 
0 0.099349 0.713194 0.0372396 0.0782407 
0 0.232161 0.828935 0.0325521 0.1125 
0 0.327214 0.0914352 0.0403646 0.146759 
0 0.324479 0.693519 0.0411458 0.0564815 
0 0.520573 0.574306 0.0651042 0.074537 
0 0.583464 0.420833 0.0731771 0.0990741 
0 0.355208 0.461806 0.0822917 0.0800926 
0 0.285156 0.877083 0.0333333 0.0634259 
0 0.570703 0.353009 0.0471354 0.0856481 
0 0.775911 0.257176 0.0330729 0.122685 
0 0.245052 0.192361 0.0328125 0.0532407 
0 0.868099 0.600926 0.0445312 0.0685185 
0 0.409635 0.684491 0.0447917 0.0837963 
0 0.321875 0.827315 0.0369792 0.0972222 
0 0.381641 0.889583 0.0356771 0.0736111 
0 0.344401 0.371991 0.0591146 0.0662037 
0 0.942318 0.868519 0.0591146 0.117593 
0 0.648958 0.551389 0.0484375 0.0842593 
0 0.471224 0.762037 0.0455729 0.0898148 
0 0.768099 0.707407 0.0325521 0.125926 
0 0.849089 0.846296 0.0585938 0.0814815 
0 0.963932 0.947917 0.0710938 0.0541667 
0 0.655729 0.391898 0.0317708 0.0865741 
0 0.732422 0.585185 0.0570313 0.0833333 
0 0.502865 0.926157 0.0354167 0.0958333 
