0 0.760807 0.0581019 0.0533854 0.100463 
0 0.229948 0.493519 0.0354167 0.0759259 
0 0.710417 0.0300926 0.0447917 0.0592593 
0 0.122656 0.437963 0.0354167 0.123148 
0 0.0584635 0.403935 0.0445312 0.0893519 
0 0.0911458 0.563426 0.0354167 0.0731481 
0 0.912109 0.37963 0.0440104 0.132407 
0 0.883333 0.234259 0.0390625 0.100926 
0 0.754427 0.169213 0.0572917 0.0513889 
0 0.840885 0.274769 0.0510417 0.0736111 
0 0.560026 0.153704 0.0372396 0.125926 
0 0.59375 0.586343 0.0296875 0.0671296 
0 0.957552 0.146759 0.0723958 0.087963 
0 0.885286 0.441898 0.0559896 0.0893519 
0 0.0522135 0.499537 0.0497396 0.0490741 
0 0.942448 0.837731 0.0390625 0.0662037 
0 0.6875 0.631713 0.0380208 0.118056 
0 0.217187 0.142824 0.0838542 0.0615741 
0 0.223438 0.897454 0.0447917 0.0717593 
0 0.447786 0.207407 0.0653646 0.0611111 
0 0.0648438 0.213426 0.03125 0.122222 
0 0.613281 0.752546 0.0390625 0.10787 
0 0.716797 0.581944 0.0471354 0.0601852 
0 0.504818 0.316898 0.0403646 0.106019 
0 0.160547 0.641435 0.0502604 0.0634259 
0 0.591797 0.123611 0.0304688 0.108333 
0 0.896875 0.576389 0.0348958 0.0888889 
0 0.240104 0.70625 0.0291667 0.105093 
0 0.853906 0.110185 0.0546875 0.105556 
0 0.852083 0.816435 0.0380208 0.0865741 
0 0.160026 0.887963 0.0424479 0.0851852 
0 0.189193 0.419676 0.0518229 0.0736111 
0 0.0876302 0.469213 0.0388021 0.0819444 
0 0.470182 0.657176 0.0414063 0.0550926 
0 0.564453 0.0393519 0.0841146 0.0648148 
0 0.0200521 0.357639 0.0385417 0.0884259 
0 0.577604 0.227546 0.065625 0.0763889 
0 0.876953 0.705787 0.0289063 0.0736111 
0 0.620703 0.373843 0.0492188 0.0569444 
0 0.440234 0.11088 0.0544271 0.0615741 
0 0.722656 0.962731 0.0348958 0.0726852 
0 0.986849 0.409954 0.0242187 0.0837963 
0 0.321224 0.690509 0.0372396 0.0856481 
0 0.405469 0.709259 0.0333333 0.0814815 
0 0.814844 0.901157 0.0265625 0.0884259 
0 0.528776 0.433565 0.0580729 0.0578704 
0 0.361849 0.347917 0.0575521 0.0699074 
0 0.292708 0.438889 0.04375 0.0731481 
0 0.954557 0.525231 0.0523437 0.129167 
0 0.209766 0.613657 0.0242187 0.0643518 
0 0.331771 0.795602 0.0411458 0.0671296 
0 0.837891 0.175926 0.0325521 0.119444 
0 0.85651 0.549769 0.05 0.0467593 
0 0.83737 0.429398 0.0429688 0.0921296 
0 0.760286 0.649769 0.0476562 0.0976852 
0 0.119531 0.590278 0.0380208 0.0731481 
0 0.635286 0.254398 0.0315104 0.101389 
0 0.0636719 0.0657407 0.0398437 0.0648148 
0 0.421354 0.503472 0.0552083 0.0606481 
0 0.728516 0.853472 0.0377604 0.0828704 
0 0.613672 0.495139 0.0429688 0.0930556 
0 0.666016 0.503472 0.0502604 0.0587963 
0 0.366016 0.462269 0.0507812 0.0912037 
0 0.467057 0.409491 0.0424479 0.0532407 
0 0.397005 0.940046 0.0434896 0.0643518 
0 0.350391 0.164352 0.0940104 0.0833333 
0 0.980729 0.467824 0.0385417 0.0587963 
0 0.638672 0.734722 0.0294271 0.0768519 
0 0.730078 0.720602 0.0398437 0.0615741 
0 0.192839 0.553472 0.0299479 0.0615741 
0 0.768099 0.376852 0.0242187 0.0694444 
0 0.582552 0.401157 0.0302083 0.0587963 
0 0.988802 0.299769 0.0208333 0.0773148 
0 0.220443 0.21412 0.0351562 0.110648 
0 0.437891 0.37963 0.0466146 0.0814815 
