0 0.883203 0.712963 0.0497396 0.0898148 
0 0.427083 0.73912 0.0432292 0.106944 
0 0.918359 0.590278 0.0367187 0.127778 
0 0.874479 0.572917 0.0395833 0.0736111 
0 0.115885 0.908796 0.0473958 0.0851852 
0 0.835026 0.187963 0.0466146 0.100926 
0 0.921354 0.37338 0.0395833 0.0800926 
0 0.807161 0.435185 0.0606771 0.0666667 
0 0.164583 0.918287 0.0328125 0.156019 
0 0.574219 0.852778 0.053125 0.0740741 
0 0.775781 0.346065 0.0515625 0.0467593 
0 0.280859 0.875463 0.0622396 0.0888889 
0 0.136458 0.816204 0.0354167 0.134259 
0 0.797396 0.846065 0.0390625 0.0810185 
0 0.545964 0.517361 0.0492188 0.0560185 
0 0.960938 0.727315 0.0369792 0.112037 
0 0.440885 0.623843 0.05625 0.0930556 
0 0.776953 0.91412 0.0382813 0.111574 
0 0.820833 0.744444 0.0723958 0.0851852 
0 0.441927 0.961806 0.0364583 0.0689815 
0 0.0875 0.59537 0.059375 0.0768519 
0 0.775911 0.283796 0.0809896 0.0592593 
0 0.125 0.641204 0.0338542 0.0592593 
0 0.938542 0.956481 0.0489583 0.087037 
0 0.566406 0.3375 0.025 0.0712963 
0 0.58737 0.487731 0.0299479 0.0606481 
0 0.683594 0.704861 0.0302083 0.0652778 
0 0.228646 0.808565 0.0296875 0.111574 
0 0.663151 0.927083 0.0580729 0.0606481 
0 0.913021 0.7875 0.028125 0.0953704 
0 0.367448 0.843287 0.0708333 0.0625 
0 0.751953 0.467824 0.0361979 0.0597222 
0 0.526823 0.167361 0.05 0.0930556 
0 0.515625 0.662037 0.0463542 0.105556 
0 0.657812 0.818981 0.0385417 0.0777778 
0 0.559115 0.732639 0.0348958 0.0458333 
0 0.625 0.451852 0.0458333 0.0546296 
0 0.67487 0.29213 0.0554687 0.05 
0 0.382552 0.681944 0.0401042 0.0777778 
0 0.441146 0.846065 0.0541667 0.0541667 
0 0.584505 0.708333 0.0497396 0.0666667 
0 0.695833 0.33125 0.0671875 0.0439815 
0 0.448438 0.773148 0.0375 0.0833333 
0 0.875 0.250463 0.0526042 0.0787037 
0 0.867188 0.187037 0.0354167 0.0611111 
0 0.574609 0.427778 0.0445312 0.087037 
0 0.567969 0.979167 0.0515625 0.0416667 
0 0.39375 0.650231 0.0588542 0.0560185 
