0 0.258984 0.959954 0.0403646 0.075463 
0 0.021875 0.465509 0.0348958 0.0930556 
0 0.378906 0.809028 0.028125 0.0550926 
0 0.680599 0.665509 0.0382813 0.0782407 
0 0.367708 0.732639 0.05 0.0893519 
0 0.341536 0.319213 0.0330729 0.127315 
0 0.975651 0.0717593 0.0481771 0.134259 
0 0.741146 0.851157 0.0520833 0.0587963 
0 0.0651042 0.269676 0.0635417 0.075463 
0 0.0746094 0.80625 0.0315104 0.0930556 
0 0.411068 0.113889 0.0476562 0.124074 
0 0.631901 0.764352 0.0773437 0.0703704 
0 0.123958 0.586806 0.0604167 0.0837963 
0 0.782812 0.595833 0.0526042 0.144444 
0 0.9375 0.796065 0.0380208 0.111574 
0 0.580469 0.699306 0.0484375 0.0884259 
0 0.720703 0.280787 0.0815104 0.0597222 
0 0.644531 0.684028 0.0291667 0.130093 
0 0.752344 0.777315 0.0354167 0.103704 
0 0.156641 0.148148 0.0356771 0.119444 
0 0.150391 0.640972 0.0315104 0.0615741 
0 0.471615 0.885417 0.0515625 0.0625 
0 0.380339 0.659722 0.0445312 0.0527778 
0 0.458594 0.380556 0.0364583 0.0861111 
0 0.859375 0.51875 0.0390625 0.0671296 
0 0.298307 0.648148 0.0325521 0.0537037 
0 0.859896 0.963657 0.0375 0.0671296 
0 0.419141 0.849306 0.0643229 0.0782407 
0 0.0574219 0.724769 0.0679687 0.0560185 
0 0.571354 0.497222 0.0505208 0.0731481 
0 0.458333 0.68588 0.05625 0.0717593 
