0 0.578646 0.713194 0.0635417 0.0763889 
0 0.662109 0.451389 0.0742188 0.103704 
0 0.552214 0.8 0.0638021 0.0685185 
0 0.525781 0.9375 0.0458333 0.121296 
0 0.313151 0.897454 0.0377604 0.0671296 
0 0.439714 0.550231 0.0664062 0.075463 
0 0.538021 0.506019 0.103125 0.0990741 
0 0.471224 0.180093 0.0361979 0.182407 
0 0.61862 0.273611 0.0981771 0.0796296 
0 0.29987 0.212731 0.0372396 0.0569444 
0 0.650391 0.70625 0.0877604 0.074537 
0 0.725521 0.553009 0.131771 0.0958333 
0 0.282943 0.441435 0.0606771 0.0587963 
0 0.113281 0.408565 0.0473958 0.121759 
0 0.272396 0.269907 0.0671875 0.0583333 
0 0.625911 0.617593 0.0763021 0.0768519 
0 0.333464 0.271759 0.0408854 0.0527778 
0 0.523438 0.401157 0.04375 0.0606481 
0 0.204688 0.15787 0.0630208 0.0611111 
0 0.0821615 0.806944 0.0554687 0.0657407 
0 0.491406 0.446991 0.0546875 0.0662037 
0 0.451693 0.766435 0.0799479 0.0819444 
0 0.433594 0.121759 0.0661458 0.0555556 
0 0.261719 0.524306 0.0557292 0.0513889 
0 0.13151 0.936806 0.065625 0.0680556 
0 0.451953 0.930556 0.0653646 0.0759259 
0 0.492188 0.570833 0.0359375 0.10463 
0 0.583594 0.317593 0.0333333 0.128704 
0 0.658203 0.777083 0.0434896 0.0680556 
0 0.364974 0.262037 0.0273438 0.0916667 
0 0.392839 0.266204 0.0231771 0.1 
0 0.185417 0.821528 0.05625 0.0606481 
0 0.412891 0.0905093 0.0591146 0.0625 
0 0.0192708 0.278009 0.0348958 0.0550926 
0 0.566927 0.0407407 0.0817708 0.0759259 
0 0.320312 0.373843 0.0354167 0.099537 
0 0.167839 0.299074 0.0570313 0.087963 
0 0.369922 0.640972 0.0263021 0.0662037 
0 0.227344 0.978704 0.0786458 0.0425926 
0 0.374089 0.812963 0.0424479 0.0703704 
0 0.107813 0.502546 0.0609375 0.0587963 
0 0.964453 0.4125 0.0408854 0.0527778 
0 0.472786 0.0356481 0.0554687 0.0648148 
0 0.568359 0.482176 0.0268229 0.0587963 
0 0.166927 0.660185 0.03125 0.0833333 
0 0.199609 0.443056 0.0778646 0.0768519 
0 0.61276 0.449074 0.0598958 0.087963 
0 0.0272135 0.132176 0.0315104 0.0532407 
0 0.148438 0.0837963 0.0296875 0.10463 
0 0.222526 0.511343 0.0341146 0.0513889 
0 0.701172 0.262269 0.0440104 0.049537 
0 0.115885 0.0326389 0.040625 0.0560185 
0 0.688411 0.615046 0.0388021 0.0763889 
0 0.126563 0.864583 0.0442708 0.0939815 
0 0.331771 0.812963 0.0432292 0.0722222 
