0 0.603516 0.0837963 0.0257812 0.0361111 
0 0.738802 0.0895833 0.0416667 0.0523148 
0 0.756771 0.031713 0.028125 0.0625 
0 0.444141 0.0212963 0.0502604 0.0398148 
0 0.503385 0.65162 0.0416667 0.0486111 
0 0.410156 0.74213 0.0546875 0.0574074 
0 0.682682 0.250694 0.0455729 0.0476852 
0 0.190625 0.826389 0.0442708 0.0453704 
0 0.451693 0.949769 0.0356771 0.075463 
0 0.20013 0.901157 0.0414063 0.0560185 
0 0.524349 0.389815 0.0398437 0.0657407 
0 0.714323 0.0356481 0.0723958 0.0444444 
0 0.137109 0.790972 0.0335938 0.0569444 
0 0.362891 0.89838 0.0367187 0.0569444 
0 0.524349 0.297685 0.0346354 0.0527778 
0 0.498568 0.0439815 0.0330729 0.087037 
0 0.301302 0.546065 0.0296875 0.049537 
0 0.308333 0.062037 0.0427083 0.0574074 
0 0.747656 0.346528 0.03125 0.050463 
0 0.530729 0.452315 0.0338542 0.0444444 
0 0.386979 0.669444 0.034375 0.0555556 
0 0.354036 0.285185 0.0414063 0.0425926 
0 0.630339 0.271296 0.0247396 0.116667 
0 0.224609 0.454167 0.0315104 0.0518519 
0 0.451823 0.180324 0.034375 0.0587963 
0 0.697786 0.202315 0.0289063 0.0777778 
0 0.657812 0.375463 0.0348958 0.062963 
0 0.191276 0.15162 0.0445312 0.0449074 
0 0.399479 0.299769 0.0385417 0.0430556 
0 0.657161 0.911574 0.0471354 0.0648148 
0 0.654818 0.453009 0.0278646 0.0875 
0 0.31901 0.251389 0.0255208 0.0583333 
0 0.751432 0.853009 0.0299479 0.0791667 
0 0.522917 0.159491 0.0369792 0.0865741 
0 0.715755 0.561111 0.0299479 0.0527778 
0 0.617578 0.934954 0.0382813 0.0736111 
0 0.573828 0.809491 0.0278646 0.0513889 
0 0.527865 0.778935 0.03125 0.0625 
0 0.473177 0.584259 0.0223958 0.0916667 
0 0.877474 0.160648 0.0268229 0.0509259 
0 0.295703 0.293056 0.0341146 0.0592593 
0 0.342969 0.746065 0.034375 0.0523148 
0 0.10638 0.268519 0.0361979 0.062037 
0 0.169922 0.276852 0.0330729 0.0592593 
0 0.495313 0.207176 0.0192708 0.0606481 
0 0.657812 0.745602 0.0307292 0.0587963 
0 0.303125 0.425694 0.0432292 0.0513889 
0 0.69388 0.623611 0.0268229 0.0666667 
0 0.662109 0.641898 0.0414063 0.0606481 
0 0.110547 0.881481 0.0356771 0.0657407 
0 0.337109 0.424537 0.0424479 0.0462963 
0 0.380208 0.109259 0.0317708 0.0583333 
0 0.533724 0.832407 0.0294271 0.0481481 
0 0.457552 0.513889 0.0369792 0.0398148 
0 0.376693 0.248843 0.0315104 0.0467593 
0 0.264583 0.654167 0.0286458 0.062963 
0 0.248568 0.0916667 0.0408854 0.0481481 
0 0.276563 0.166204 0.0369792 0.05 
0 0.402995 0.249306 0.0346354 0.0402778 
0 0.49349 0.497454 0.0291667 0.0439815 
0 0.633724 0.791667 0.0528646 0.0472222 
0 0.631771 0.0914352 0.0260417 0.0782407 
0 0.484115 0.280787 0.0328125 0.0430556 
0 0.811458 0.972222 0.0651042 0.0555556 
0 0.559115 0.634954 0.0390625 0.0680556 
0 0.658724 0.567824 0.0528646 0.049537 
0 0.435026 0.312963 0.0226563 0.0537037 
