0 0.969661 0.575463 0.0518229 0.115741 
0 0.758333 0.0821759 0.0817708 0.108796 
0 0.386719 0.204167 0.0645833 0.124074 
0 0.871094 0.330556 0.0458333 0.0722222 
0 0.327865 0.640046 0.0395833 0.111574 
0 0.890234 0.075 0.0502604 0.0888889 
0 0.798828 0.681481 0.0669271 0.0953704 
0 0.441146 0.19537 0.0546875 0.075 
0 0.978906 0.881019 0.0416667 0.0694444 
0 0.692318 0.550463 0.0481771 0.143519 
0 0.96875 0.250694 0.0541667 0.0689815 
0 0.351302 0.0488426 0.0427083 0.0912037 
0 0.232943 0.478704 0.0289063 0.0851852 
0 0.227344 0.614583 0.0546875 0.143056 
0 0.704167 0.900926 0.0322917 0.134259 
0 0.804688 0.758796 0.0625 0.0666667 
0 0.105599 0.371296 0.0466146 0.0972222 
0 0.0414063 0.247917 0.0276042 0.0560185 
0 0.736849 0.607639 0.0263021 0.0513889 
0 0.564453 0.205556 0.0669271 0.214815 
0 0.191016 0.736574 0.0591146 0.0666667 
0 0.852474 0.195833 0.0846354 0.0916667 
0 0.922786 0.286111 0.0539063 0.156481 
0 0.721224 0.253935 0.0320312 0.104167 
0 0.461979 0.960648 0.0479167 0.0787037 
0 0.154427 0.406019 0.0453125 0.0611111 
0 0.308073 0.927778 0.0583333 0.0777778 
0 0.609896 0.756944 0.0390625 0.0953704 
0 0.537109 0.397454 0.0611979 0.0865741 
0 0.0518229 0.597222 0.0630208 0.062037 
0 0.725651 0.0289352 0.0460938 0.0578704 
0 0.143229 0.837269 0.0557292 0.0865741 
0 0.385417 0.719213 0.0442708 0.0791667 
0 0.636198 0.809028 0.0484375 0.0717593 
0 0.808203 0.558565 0.0367187 0.0717593 
0 0.65625 0.902778 0.0692708 0.0601852 
0 0.389453 0.845139 0.0393229 0.105093 
0 0.250391 0.305093 0.0617188 0.0712963 
0 0.286849 0.780787 0.0429688 0.0773148 
0 0.857422 0.122454 0.0617188 0.0560185 
0 0.434766 0.437963 0.0325521 0.0898148 
0 0.901432 0.966204 0.0335938 0.062037 
0 0.132943 0.509491 0.0367187 0.0606481 
0 0.541016 0.821991 0.0434896 0.0791667 
0 0.6 0.859954 0.0484375 0.105093 
0 0.145443 0.555556 0.0419271 0.0907407 
0 0.0123698 0.569907 0.0247396 0.0666667 
0 0.824609 0.044213 0.0388021 0.0541667 
0 0.470182 0.434954 0.0528646 0.0597222 
0 0.0703125 0.423843 0.0583333 0.0921296 
0 0.781771 0.818981 0.0359375 0.101852 
