0 0.183854 0.871296 0.0583333 0.0925926 
0 0.539062 0.730093 0.0390625 0.0962963 
0 0.640625 0.759259 0.0697917 0.162963 
0 0.349609 0.763194 0.0888021 0.0773148 
0 0.0825521 0.521528 0.0453125 0.0708333 
0 0.508854 0.6375 0.0369792 0.0425926 
0 0.570703 0.934028 0.0533854 0.109722 
0 0.564844 0.793056 0.0427083 0.0796296 
0 0.488932 0.486574 0.0669271 0.0462963 
0 0.260547 0.740509 0.0450521 0.129167 
0 0.430859 0.754861 0.0335938 0.0791667 
0 0.338932 0.13588 0.0419271 0.100463 
0 0.343359 0.0344907 0.0502604 0.0513889 
0 0.491667 0.928935 0.05 0.130093 
0 0.382552 0.187269 0.0270833 0.113426 
0 0.249089 0.314352 0.0731771 0.0833333 
0 0.464323 0.0905093 0.0421875 0.0486111 
0 0.43138 0.584028 0.0611979 0.0652778 
0 0.460938 0.188426 0.0328125 0.0462963 
0 0.320312 0.272685 0.0484375 0.0583333 
0 0.198177 0.736574 0.0572917 0.062037 
0 0.26901 0.41088 0.0645833 0.0810185 
0 0.0380208 0.576389 0.0354167 0.117593 
0 0.698307 0.681481 0.0278646 0.0388889 
0 0.146615 0.752546 0.0630208 0.0587963 
0 0.416146 0.828472 0.0515625 0.0800926 
0 0.292318 0.246759 0.0544271 0.0768519 
0 0.301302 0.910417 0.0276042 0.1125 
0 0.307682 0.619676 0.0492188 0.100463 
0 0.151432 0.184722 0.0455729 0.0574074 
0 0.0421875 0.0349537 0.0463542 0.0671296 
0 0.363281 0.254861 0.0385417 0.0384259 
0 0.717839 0.85463 0.0434896 0.0657407 
0 0.220833 0.951389 0.0364583 0.0703704 
0 0.685026 0.913194 0.0539063 0.0643518 
0 0.223047 0.0458333 0.0351562 0.0916667 
0 0.304427 0.977083 0.0520833 0.0458333 
0 0.195182 0.351852 0.0429688 0.0796296 
0 0.547266 0.0231481 0.0445312 0.0462963 
0 0.566406 0.147222 0.0588542 0.0546296 
0 0.151823 0.374306 0.0489583 0.0773148 
0 0.560026 0.236574 0.0294271 0.0444444 
0 0.0375 0.956713 0.0463542 0.0865741 
0 0.172656 0.15162 0.0796875 0.0708333 
0 0.720182 0.653241 0.0351562 0.0407407 
0 0.675781 0.796528 0.0463542 0.125463 
0 0.246484 0.922917 0.0356771 0.0625 
0 0.68112 0.188657 0.0309896 0.0402778 
0 0.0279948 0.915972 0.0268229 0.0476852 
0 0.436719 0.375694 0.0338542 0.10787 
0 0.201042 0.196991 0.0520833 0.0606481 
0 0.29375 0.163426 0.0645833 0.0444444 
0 0.614714 0.683102 0.0658854 0.0912037 
