0 0.393099 0.959028 0.0669271 0.0819444 
0 0.596615 0.138889 0.0401042 0.12037 
0 0.853125 0.0923611 0.096875 0.0791667 
0 0.542448 0.522222 0.071875 0.062963 
0 0.863281 0.210417 0.0541667 0.0708333 
0 0.729948 0.250926 0.084375 0.0759259 
0 0.280729 0.172454 0.0302083 0.0476852 
0 0.246615 0.895833 0.0776042 0.0675926 
0 0.255339 0.461806 0.0455729 0.0486111 
0 0.750521 0.457639 0.0390625 0.075463 
0 0.525911 0.230556 0.0388021 0.103704 
0 0.429036 0.175926 0.0539063 0.0537037 
0 0.645443 0.642593 0.0601562 0.108333 
0 0.291927 0.771296 0.05 0.0601852 
0 0.702083 0.508333 0.0494792 0.0638889 
0 0.964323 0.649769 0.0520833 0.0643518 
0 0.389453 0.159722 0.0320312 0.108333 
0 0.578646 0.672685 0.046875 0.153704 
0 0.114193 0.328241 0.0507812 0.0444444 
0 0.55026 0.0583333 0.0510417 0.0601852 
0 0.0951823 0.881944 0.0429688 0.0472222 
0 0.178385 0.636806 0.0354167 0.0337963 
0 0.342969 0.655787 0.0317708 0.0699074 
0 0.701172 0.0800926 0.103906 0.102778 
0 0.36276 0.294444 0.040625 0.0435185 
0 0.408464 0.268056 0.0382813 0.0546296 
0 0.745703 0.899306 0.0320312 0.103241 
0 0.620573 0.445602 0.0609375 0.0736111 
0 0.24349 0.33912 0.0401042 0.0847222 
0 0.757292 0.527778 0.0854167 0.0694444 
0 0.64987 0.0266204 0.0507812 0.0486111 
0 0.190104 0.749074 0.0505208 0.05 
0 0.438932 0.610417 0.0617188 0.0449074 
0 0.355469 0.766435 0.034375 0.0560185 
0 0.773438 0.599074 0.0333333 0.0740741 
0 0.306901 0.396296 0.0507812 0.062037 
0 0.441146 0.509491 0.034375 0.0375 
0 0.23737 0.271991 0.0341146 0.0634259 
0 0.716797 0.884954 0.0341146 0.149537 
0 0.384766 0.668519 0.0341146 0.0953704 
0 0.751432 0.796759 0.0335938 0.0953704 
0 0.226562 0.845139 0.059375 0.050463 
0 0.0576823 0.0798611 0.0513021 0.0541667 
0 0.870573 0.361574 0.0338542 0.0398148 
0 0.583594 0.585185 0.0307292 0.0546296 
0 0.491276 0.0375 0.0429688 0.0611111 
0 0.177604 0.19375 0.0364583 0.0791667 
0 0.475521 0.73125 0.0359375 0.0625 
0 0.29987 0.0358796 0.0299479 0.0652778 
