0 0.385547 0.0497685 0.0539063 0.099537 
0 0.291536 0.0708333 0.0356771 0.0768519 
0 0.707552 0.119444 0.05625 0.12963 
0 0.964844 0.669213 0.0369792 0.118981 
0 0.114323 0.348843 0.0359375 0.0856481 
0 0.302734 0.508796 0.0523437 0.106481 
0 0.701693 0.90625 0.0497396 0.143056 
0 0.298568 0.210648 0.0304688 0.132407 
0 0.689453 0.692593 0.0570313 0.075 
0 0.363281 0.239583 0.0447917 0.119907 
0 0.377995 0.316667 0.0382813 0.0537037 
0 0.0817708 0.343056 0.0333333 0.124074 
0 0.786198 0.533102 0.0703125 0.0773148 
0 0.584896 0.245139 0.0447917 0.143981 
0 0.966276 0.324769 0.0565104 0.0652778 
0 0.227344 0.377315 0.0744792 0.0675926 
0 0.25612 0.764352 0.0367187 0.107407 
0 0.527214 0.815509 0.0429688 0.0680556 
0 0.443099 0.382176 0.0669271 0.0773148 
0 0.534766 0.725694 0.0481771 0.108796 
0 0.907682 0.515278 0.0513021 0.0962963 
0 0.170312 0.883333 0.0421875 0.0694444 
0 0.446224 0.0708333 0.0492188 0.0666667 
0 0.686979 0.585417 0.0385417 0.127315 
0 0.417188 0.546065 0.0385417 0.0643518 
0 0.252865 0.885417 0.0510417 0.102315 
0 0.340495 0.679167 0.0367187 0.0601852 
0 0.481901 0.710185 0.0528646 0.0638889 
0 0.316927 0.0226852 0.0489583 0.0453704 
0 0.476302 0.20463 0.0385417 0.0962963 
0 0.648828 0.216667 0.0382813 0.127778 
0 0.603516 0.825926 0.0393229 0.0805556 
0 0.255599 0.619444 0.0695312 0.0796296 
0 0.488802 0.100463 0.0359375 0.0787037 
0 0.11862 0.812037 0.0309896 0.0824074 
0 0.550391 0.96088 0.0460938 0.0662037 
0 0.541536 0.141435 0.0294271 0.0800926 
0 0.313802 0.61412 0.0317708 0.0865741 
0 0.913672 0.88287 0.0294271 0.0759259 
0 0.964323 0.941667 0.0520833 0.110185 
