0 0.770573 0.419907 0.0619792 0.159259 
0 0.629297 0.237963 0.0372396 0.0574074 
0 0.573177 0.560185 0.040625 0.0527778 
0 0.633854 0.55625 0.034375 0.0819444 
0 0.868099 0.346759 0.0638021 0.0916667 
0 0.61276 0.373148 0.053125 0.0814815 
0 0.599089 0.876852 0.0559896 0.107407 
0 0.672917 0.40162 0.0520833 0.0634259 
0 0.73138 0.777315 0.0794271 0.111111 
0 0.503906 0.973611 0.0354167 0.0527778 
0 0.242057 0.436806 0.0497396 0.0791667 
0 0.467448 0.425463 0.0484375 0.109259 
0 0.242839 0.96713 0.0440104 0.0657407 
0 0.576172 0.163889 0.0601562 0.0712963 
0 0.802214 0.743056 0.0445312 0.062037 
0 0.640625 0.302778 0.0677083 0.0638889 
0 0.397005 0.126157 0.0455729 0.0625 
0 0.222786 0.816435 0.0309896 0.0458333 
0 0.476823 0.172685 0.0390625 0.0555556 
0 0.113281 0.0335648 0.0385417 0.0634259 
0 0.145703 0.136343 0.0429688 0.0578704 
0 0.185026 0.254167 0.0533854 0.0666667 
0 0.798828 0.314583 0.0325521 0.050463 
0 0.616146 0.63588 0.0348958 0.0578704 
0 0.267318 0.235185 0.0289063 0.0685185 
0 0.513672 0.874074 0.0606771 0.101852 
0 0.183333 0.34537 0.0390625 0.062037 
0 0.566927 0.044213 0.0322917 0.0884259 
0 0.606901 0.947917 0.101302 0.0837963 
0 0.548828 0.614815 0.0356771 0.0907407 
0 0.364974 0.625694 0.0408854 0.0921296 
0 0.110286 0.212963 0.0361979 0.0712963 
0 0.710026 0.964583 0.0591146 0.0680556 
0 0.220182 0.652315 0.0335938 0.0787037 
0 0.75638 0.246991 0.0315104 0.0532407 
0 0.0423177 0.420602 0.0440104 0.0773148 
0 0.0268229 0.27963 0.034375 0.0546296 
0 0.681641 0.823843 0.0377604 0.140278 
0 0.745182 0.920833 0.0585938 0.108333 
0 0.106771 0.267361 0.034375 0.049537 
0 0.526953 0.786806 0.0440104 0.075463 
0 0.45026 0.137963 0.059375 0.0611111 
0 0.725521 0.0418981 0.0625 0.0615741 
0 0.419531 0.699537 0.040625 0.0722222 
0 0.347266 0.181713 0.0502604 0.0884259 
0 0.508854 0.762731 0.0427083 0.0513889 
0 0.0696615 0.0969907 0.0325521 0.0671296 
0 0.6875 0.593982 0.0322917 0.125 
0 0.171094 0.759722 0.0364583 0.0518519 
0 0.244922 0.3625 0.0252604 0.0527778 
0 0.458203 0.244676 0.0638021 0.075463 
0 0.43112 0.403009 0.0419271 0.0532407 
0 0.748568 0.32338 0.0820312 0.0578704 
0 0.0901042 0.701852 0.0307292 0.0898148 
0 0.233333 0.785185 0.0401042 0.0481481 
0 0.351172 0.425 0.0424479 0.0861111 
0 0.151432 0.486111 0.0596354 0.0416667 
0 0.0507812 0.979167 0.0635417 0.0416667 
0 0.720182 0.607639 0.0523437 0.0550926 
0 0.266797 0.062963 0.0513021 0.0888889 
0 0.398047 0.184954 0.0513021 0.0513889 
0 0.26901 0.315741 0.0255208 0.107407 
0 0.392839 0.246991 0.0596354 0.0615741 
