0 0.707422 0.377315 0.0382813 0.124074 
0 0.257812 0.595602 0.0484375 0.152315 
0 0.5625 0.484028 0.0515625 0.120833 
0 0.647917 0.225694 0.0703125 0.102315 
0 0.294922 0.584259 0.0429688 0.10463 
0 0.129297 0.565046 0.0700521 0.0921296 
0 0.0338542 0.402778 0.0552083 0.100926 
0 0.674219 0.428935 0.0427083 0.129167 
0 0.583464 0.559954 0.0309896 0.122685 
0 0.842318 0.515741 0.0601562 0.062963 
0 0.327865 0.643981 0.040625 0.128704 
0 0.915495 0.743056 0.0367187 0.101852 
0 0.481901 0.680556 0.0471354 0.0888889 
0 0.772526 0.169213 0.0856771 0.0837963 
0 0.275391 0.7 0.0544271 0.0972222 
0 0.975521 0.465278 0.0442708 0.109259 
0 0.791927 0.43125 0.0479167 0.129167 
0 0.814453 0.621528 0.0679687 0.0763889 
0 0.726562 0.606713 0.0427083 0.0930556 
0 0.632812 0.67338 0.0447917 0.0791667 
0 0.0173177 0.769213 0.0309896 0.099537 
0 0.610937 0.524769 0.04375 0.141204 
0 0.733854 0.438426 0.0265625 0.125926 
0 0.829557 0.376389 0.0283854 0.0722222 
0 0.714323 0.87662 0.0572917 0.0819444 
0 0.773828 0.875463 0.0440104 0.111111 
0 0.975651 0.561343 0.0455729 0.100463 
0 0.770573 0.795139 0.0666667 0.0819444 
0 0.822266 0.832176 0.0445312 0.0773148 
0 0.110286 0.899306 0.0440104 0.0782407 
0 0.0770833 0.6875 0.04375 0.0768519 
