0 0.977995 0.136111 0.0393229 0.112963 
0 0.51263 0.177546 0.0450521 0.135648 
0 0.566016 0.593287 0.0513021 0.0773148 
0 0.409245 0.338426 0.0643229 0.101852 
0 0.955078 0.479167 0.0570313 0.0824074 
0 0.950651 0.605324 0.0341146 0.143056 
0 0.917578 0.0469907 0.0544271 0.0837963 
0 0.358854 0.191667 0.0442708 0.15463 
0 0.536719 0.678009 0.0630208 0.0856481 
0 0.601562 0.133102 0.0515625 0.099537 
0 0.217578 0.491667 0.0356771 0.106481 
0 0.329557 0.37662 0.0825521 0.0726852 
0 0.664062 0.470833 0.0828125 0.0787037 
0 0.336849 0.508333 0.0325521 0.0685185 
0 0.849609 0.450463 0.0440104 0.0712963 
0 0.395443 0.530556 0.0372396 0.114815 
0 0.665625 0.271296 0.0375 0.0851852 
0 0.0954427 0.542593 0.0658854 0.127778 
0 0.845703 0.364352 0.0361979 0.0814815 
0 0.16888 0.35463 0.0320312 0.107407 
0 0.878906 0.458796 0.0484375 0.0731481 
0 0.523047 0.0229167 0.0440104 0.0458333 
0 0.915495 0.11875 0.0502604 0.0486111 
0 0.390234 0.738657 0.0382813 0.106019 
0 0.479818 0.594213 0.0440104 0.0689815 
0 0.150391 0.421065 0.0763021 0.0736111 
0 0.150391 0.94537 0.0455729 0.0990741 
0 0.266797 0.403009 0.0382813 0.106944 
0 0.0338542 0.811574 0.053125 0.128704 
0 0.436198 0.512269 0.0546875 0.16713 
0 0.841406 0.276157 0.0421875 0.0643518 
0 0.741146 0.417361 0.0489583 0.0541667 
0 0.426953 0.785648 0.0393229 0.0648148 
0 0.242839 0.829861 0.0544271 0.0782407 
0 0.539453 0.356019 0.0820312 0.0611111 
0 0.521484 0.265278 0.0919271 0.0694444 
0 0.939062 0.94537 0.0385417 0.101852 
0 0.515625 0.794676 0.0385417 0.0893519 
0 0.307031 0.208796 0.0682292 0.112963 
0 0.672917 0.534028 0.0744792 0.106944 
0 0.822266 0.970602 0.0408854 0.0541667 
0 0.609896 0.680556 0.0557292 0.0898148 
