0 0.49388 0.383333 0.0341146 0.131481 
0 0.342839 0.321296 0.0341146 0.121296 
0 0.372266 0.821759 0.0398437 0.110185 
0 0.778255 0.761111 0.0617188 0.106481 
0 0.0822917 0.573843 0.0520833 0.143056 
0 0.421354 0.393056 0.0416667 0.102778 
0 0.648958 0.534259 0.034375 0.0916667 
0 0.854036 0.590278 0.0570313 0.115741 
0 0.976693 0.6625 0.0466146 0.062037 
0 0.640625 0.956481 0.0401042 0.0851852 
0 0.654297 0.617593 0.0247396 0.0925926 
0 0.378646 0.401389 0.05 0.0546296 
0 0.57526 0.560648 0.0364583 0.062963 
0 0.637109 0.392361 0.0398437 0.0643518 
0 0.439193 0.769444 0.0330729 0.153704 
0 0.223177 0.602083 0.0619792 0.074537 
0 0.0283854 0.953009 0.0395833 0.0939815 
0 0.701172 0.881019 0.0591146 0.0648148 
0 0.586849 0.347685 0.0273438 0.087963 
0 0.55026 0.27338 0.0375 0.0587963 
0 0.85013 0.381481 0.0346354 0.140741 
0 0.983854 0.320833 0.0302083 0.0768519 
0 0.73151 0.523611 0.0354167 0.0453704 
0 0.274089 0.445139 0.0408854 0.050463 
0 0.973568 0.87662 0.0408854 0.0875 
0 0.586328 0.748611 0.0679687 0.0611111 
0 0.826693 0.489583 0.0450521 0.0671296 
0 0.246745 0.765972 0.0460938 0.0708333 
0 0.523438 0.70625 0.0291667 0.0523148 
0 0.463151 0.916667 0.0466146 0.0685185 
0 0.959896 0.487731 0.0401042 0.0986111 
0 0.757812 0.0194444 0.0354167 0.0388889 
0 0.0986979 0.912269 0.0364583 0.050463 
0 0.721615 0.409491 0.0260417 0.0439815 
