0 0.497526 0.661111 0.0320312 0.0574074 
0 0.442187 0.9375 0.0463542 0.05 
0 0.508203 0.92963 0.0330729 0.122222 
0 0.572786 0.250231 0.0643229 0.0615741 
0 0.758203 0.640972 0.0466146 0.0597222 
0 0.650911 0.0659722 0.0471354 0.0662037 
0 0.641667 0.452546 0.0630208 0.0902778 
0 0.277604 0.666204 0.0364583 0.0435185 
0 0.494661 0.297222 0.0341146 0.0527778 
0 0.394792 0.900231 0.0416667 0.0439815 
0 0.673828 0.536111 0.0351562 0.0518519 
0 0.236849 0.0409722 0.0507812 0.0421296 
0 0.264193 0.588426 0.0335938 0.0759259 
0 0.461979 0.326389 0.0453125 0.0694444 
0 0.361068 0.0891204 0.0341146 0.0513889 
0 0.635677 0.188194 0.0671875 0.0689815 
0 0.432682 0.199537 0.0294271 0.0425926 
0 0.622526 0.964352 0.0528646 0.0685185 
0 0.677734 0.78912 0.0643229 0.129167 
0 0.782682 0.924306 0.0309896 0.0986111 
0 0.38112 0.597222 0.0330729 0.0407407 
0 0.384245 0.125694 0.0372396 0.110648 
0 0.0842448 0.886343 0.0346354 0.0560185 
0 0.353646 0.283565 0.0583333 0.0689815 
0 0.28151 0.946296 0.0302083 0.0981481 
0 0.605078 0.67963 0.0335938 0.0435185 
0 0.365885 0.786343 0.0432292 0.0643518 
0 0.648438 0.293287 0.0375 0.0884259 
0 0.323568 0.0321759 0.0325521 0.0634259 
0 0.322786 0.586111 0.0263021 0.0768519 
0 0.582552 0.896759 0.0609375 0.0675926 
0 0.23125 0.328009 0.0380208 0.075463 
0 0.661589 0.38125 0.0513021 0.099537 
0 0.708984 0.283565 0.0471354 0.0569444 
0 0.263151 0.842361 0.0460938 0.0430556 
0 0.0984375 0.972222 0.0427083 0.0490741 
0 0.735417 0.533333 0.0515625 0.0574074 
0 0.711849 0.0185185 0.0815104 0.0342593 
0 0.428516 0.117593 0.0361979 0.0592593 
