0 0.596615 0.209028 0.03125 0.0412037 
0 0.571745 0.675463 0.0398437 0.0472222 
0 0.574219 0.767361 0.0421875 0.0606481 
0 0.664062 0.29375 0.0536458 0.0486111 
0 0.546875 0.496065 0.0338542 0.0449074 
0 0.601042 0.92963 0.0385417 0.0814815 
0 0.465104 0.603241 0.0421875 0.0425926 
0 0.61237 0.0324074 0.0361979 0.0425926 
0 0.420964 0.0520833 0.0429688 0.0439815 
0 0.555208 0.666667 0.0375 0.0398148 
0 0.837891 0.972222 0.0455729 0.0546296 
0 0.38112 0.704861 0.0414063 0.0532407 
0 0.257292 0.784259 0.0307292 0.0657407 
0 0.595703 0.306944 0.0408854 0.0462963 
0 0.286719 0.477778 0.0395833 0.0398148 
0 0.778255 0.133333 0.0341146 0.0611111 
0 0.261198 0.24375 0.0395833 0.0689815 
