0 0.866276 0.262963 0.0450521 0.138889 
0 0.857422 0.411574 0.0408854 0.0962963 
0 0.257161 0.508565 0.0502604 0.0708333 
0 0.978516 0.301157 0.0341146 0.0634259 
0 0.585026 0.258565 0.0393229 0.106019 
0 0.869141 0.728009 0.0445312 0.0680556 
0 0.0490885 0.56713 0.0601562 0.0851852 
0 0.245573 0.437963 0.0572917 0.0583333 
0 0.861328 0.841667 0.0257812 0.0898148 
0 0.108854 0.349306 0.0526042 0.0949074 
0 0.461589 0.472454 0.0440104 0.110648 
0 0.171615 0.565972 0.0546875 0.0541667 
0 0.814062 0.604167 0.0291667 0.0481481 
0 0.0402344 0.477778 0.0596354 0.0888889 
0 0.510286 0.378704 0.0648438 0.0842593 
0 0.426562 0.588194 0.0359375 0.0652778 
0 0.207292 0.807639 0.0416667 0.0523148 
0 0.773047 0.0835648 0.0257812 0.0671296 
0 0.907682 0.502778 0.0382813 0.062963 
0 0.659245 0.23125 0.0690104 0.0837963 
0 0.90625 0.421528 0.04375 0.0680556 
0 0.646484 0.335648 0.0351562 0.0611111 
0 0.273698 0.335417 0.0395833 0.0763889 
0 0.695312 0.65625 0.0526042 0.0726852 
0 0.76263 0.49375 0.0351562 0.0921296 
0 0.409375 0.25787 0.0239583 0.0703704 
0 0.75638 0.796296 0.0523437 0.0712963 
0 0.396484 0.597917 0.0377604 0.0430556 
0 0.779818 0.347454 0.0367187 0.129167 
0 0.972135 0.952315 0.053125 0.0925926 
0 0.676823 0.362963 0.05 0.0796296 
0 0.130729 0.74213 0.0463542 0.0740741 
0 0.459375 0.678472 0.0401042 0.0662037 
0 0.845703 0.14375 0.0414063 0.0828704 
0 0.415234 0.309259 0.0580729 0.062037 
0 0.650391 0.536343 0.0388021 0.0717593 
0 0.535677 0.836343 0.03125 0.0671296 
0 0.963411 0.500694 0.0591146 0.0569444 
0 0.818359 0.819907 0.0361979 0.0666667 
0 0.041276 0.674537 0.0351562 0.114815 
0 0.613672 0.670602 0.0419271 0.0643518 
0 0.206901 0.394444 0.0408854 0.0851852 
0 0.796354 0.785648 0.04375 0.0833333 
0 0.130599 0.57338 0.0325521 0.0486111 
0 0.335156 0.464815 0.0463542 0.139815 
0 0.0303385 0.729167 0.0486979 0.0768519 
0 0.232552 0.589815 0.0338542 0.0611111 
0 0.401693 0.949537 0.0377604 0.0611111 
0 0.916536 0.802083 0.0351562 0.0717593 
0 0.552734 0.111343 0.0268229 0.0597222 
0 0.13112 0.479861 0.0658854 0.0828704 
0 0.719792 0.346991 0.028125 0.0763889 
