0 0.239844 0.0863426 0.0713542 0.10787 
0 0.227214 0.452778 0.0497396 0.135185 
0 0.299479 0.434722 0.0598958 0.110185 
0 0.655729 0.347222 0.040625 0.142593 
0 0.784766 0.130787 0.0648438 0.0856481 
0 0.464323 0.160417 0.0734375 0.115278 
0 0.0795573 0.539815 0.0481771 0.121296 
0 0.522917 0.483333 0.053125 0.127778 
0 0.730469 0.263889 0.0338542 0.135185 
0 0.799349 0.699074 0.0533854 0.0777778 
0 0.689844 0.262963 0.0458333 0.113889 
0 0.572266 0.543519 0.0460938 0.0759259 
0 0.366146 0.903704 0.0484375 0.100926 
0 0.930208 0.182407 0.0364583 0.17037 
0 0.786589 0.396296 0.104948 0.0925926 
0 0.471615 0.601389 0.0265625 0.0990741 
0 0.88763 0.137269 0.0351562 0.0875 
0 0.0240885 0.782639 0.0476562 0.0717593 
0 0.590885 0.0467593 0.0348958 0.0916667 
0 0.160938 0.457407 0.0421875 0.0518519 
0 0.101172 0.30787 0.0325521 0.0851852 
0 0.766536 0.603472 0.0330729 0.1125 
0 0.111458 0.409028 0.05 0.104167 
0 0.960026 0.0423611 0.0674479 0.0782407 
0 0.882812 0.680556 0.0375 0.112037 
0 0.712891 0.653241 0.0351562 0.075 
0 0.582422 0.640046 0.0283854 0.050463 
0 0.645964 0.184491 0.0539063 0.0773148 
0 0.0236979 0.298148 0.0442708 0.0824074 
0 0.589844 0.509491 0.0296875 0.0736111 
0 0.619141 0.254167 0.0393229 0.0925926 
0 0.939453 0.452546 0.0664062 0.0736111 
0 0.291406 0.53287 0.0427083 0.0777778 
0 0.618099 0.346759 0.0455729 0.0546296 
0 0.0583333 0.255556 0.0635417 0.118519 
0 0.120703 0.837731 0.0361979 0.131019 
0 0.711458 0.51088 0.0411458 0.0810185 
0 0.826693 0.625926 0.0523437 0.0898148 
0 0.735286 0.0923611 0.0950521 0.0708333 
0 0.521875 0.892361 0.0296875 0.10787 
0 0.433073 0.688889 0.0276042 0.105556 
0 0.273438 0.62963 0.0416667 0.1 
0 0.0358073 0.368981 0.0664062 0.0703704 
0 0.917448 0.913194 0.0395833 0.0958333 
0 0.751042 0.846991 0.0802083 0.0615741 
0 0.731901 0.732176 0.0382813 0.0523148 
0 0.511719 0.776852 0.0557292 0.075 
0 0.818359 0.237269 0.111719 0.0930556 
0 0.725651 0.908796 0.0398437 0.133333 
0 0.0268229 0.614815 0.0458333 0.0546296 
0 0.226693 0.549074 0.0273438 0.105556 
0 0.673307 0.791667 0.0361979 0.107407 
0 0.863281 0.409259 0.0322917 0.12037 
0 0.971224 0.228241 0.0466146 0.0564815 
0 0.658203 0.659722 0.0585938 0.0833333 
0 0.332031 0.629861 0.0322917 0.0902778 
0 0.20651 0.709954 0.0354167 0.0912037 
0 0.259245 0.540741 0.0408854 0.0694444 
0 0.509766 0.679167 0.0622396 0.0601852 
0 0.0419271 0.877083 0.0427083 0.075463 
0 0.592188 0.138426 0.0359375 0.0462963 
0 0.0204427 0.537269 0.0388021 0.122685 
0 0.982161 0.895833 0.0356771 0.0805556 
0 0.966406 0.730093 0.0541667 0.150926 
0 0.61276 0.839815 0.0473958 0.0648148 
0 0.990234 0.124074 0.0164062 0.0888889 
