0 0.973177 0.454398 0.0484375 0.0550926 
0 0.690365 0.669676 0.0411458 0.0763889 
0 0.849609 0.21088 0.0294271 0.106019 
0 0.892578 0.0400463 0.0325521 0.0782407 
0 0.385938 0.33588 0.0510417 0.0921296 
0 0.785677 0.417361 0.0296875 0.128241 
0 0.67526 0.117593 0.0427083 0.123148 
0 0.765625 0.0659722 0.053125 0.0578704 
0 0.583464 0.382639 0.0611979 0.0726852 
0 0.468359 0.456019 0.0382813 0.0962963 
0 0.941406 0.783565 0.0255208 0.0847222 
0 0.149089 0.452546 0.0315104 0.103241 
0 0.88724 0.143519 0.0635417 0.062037 
0 0.270703 0.222917 0.0434896 0.0828704 
0 0.723047 0.256713 0.0632813 0.0773148 
0 0.448047 0.621991 0.0440104 0.0578704 
0 0.610937 0.604167 0.0411458 0.062963 
0 0.202995 0.412963 0.0294271 0.0592593 
0 0.595703 0.531018 0.0304688 0.0916667 
0 0.900391 0.674537 0.0403646 0.0861111 
0 0.983464 0.614583 0.0299479 0.0643518 
0 0.241146 0.963657 0.04375 0.0689815 
0 0.898047 0.284954 0.0356771 0.0791667 
0 0.191146 0.206019 0.0421875 0.0592593 
0 0.808594 0.980324 0.0442708 0.0393519 
0 0.766667 0.127546 0.04375 0.0717593 
0 0.82474 0.621296 0.0416667 0.0490741 
0 0.840755 0.399769 0.0377604 0.0902778 
0 0.361589 0.65463 0.0398437 0.0564815 
0 0.938932 0.404861 0.0356771 0.0791667 
0 0.625 0.681019 0.0458333 0.0722222 
0 0.296875 0.689815 0.0359375 0.0490741 
