0 0.784635 0.243981 0.0552083 0.116667 
0 0.117578 0.452083 0.0372396 0.14213 
0 0.711458 0.0949074 0.0395833 0.109259 
0 0.754948 0.373611 0.0578125 0.128704 
0 0.697786 0.177315 0.0919271 0.0787037 
0 0.60651 0.265278 0.0432292 0.137037 
0 0.647005 0.826852 0.0450521 0.148148 
0 0.173047 0.228935 0.0528646 0.136574 
0 0.541536 0.562963 0.0638021 0.10463 
0 0.432422 0.115046 0.0372396 0.0643518 
0 0.050651 0.599769 0.0606771 0.0717593 
0 0.628906 0.347222 0.0578125 0.15 
0 0.224219 0.332176 0.0385417 0.136574 
0 0.425521 0.186111 0.0328125 0.0638889 
0 0.70651 0.952315 0.0369792 0.0935185 
0 0.20599 0.100231 0.0708333 0.0643518 
0 0.215755 0.513194 0.0632813 0.0782407 
0 0.270703 0.731713 0.0533854 0.0643518 
0 0.475781 0.911574 0.0770833 0.12963 
0 0.267057 0.610648 0.0591146 0.0953704 
0 0.541927 0.283565 0.0473958 0.0856481 
0 0.363802 0.596296 0.0442708 0.0796296 
0 0.724089 0.43912 0.0539063 0.0949074 
0 0.0888021 0.509491 0.0333333 0.120833 
0 0.9125 0.513426 0.0598958 0.0851852 
0 0.173568 0.322454 0.0299479 0.0356481 
0 0.875521 0.251389 0.0479167 0.0657407 
0 0.761198 0.143287 0.040625 0.111574 
0 0.140495 0.715741 0.0429688 0.0657407 
0 0.0467448 0.6625 0.0513021 0.0712963 
0 0.909766 0.0606481 0.0903646 0.0611111 
0 0.525391 0.364583 0.0320312 0.074537 
