0 0.483854 0.62338 0.0427083 0.197685 
0 0.636719 0.59838 0.0484375 0.118981 
0 0.38724 0.500463 0.0463542 0.22037 
0 0.599089 0.0553241 0.0919271 0.099537 
0 0.51276 0.738194 0.107292 0.14213 
0 0.443359 0.618981 0.0351562 0.0824074 
0 0.741146 0.681713 0.0625 0.145833 
0 0.346094 0.88125 0.059375 0.118981 
0 0.886328 0.464583 0.0580729 0.131019 
0 0.490755 0.945139 0.0434896 0.109722 
0 0.229036 0.750232 0.0632813 0.0986111 
0 0.176563 0.0668981 0.0395833 0.130093 
0 0.501953 0.862963 0.0341146 0.0935185 
0 0.675391 0.733796 0.0414063 0.112963 
0 0.0515625 0.888426 0.0536458 0.0925926 
0 0.705599 0.783796 0.0403646 0.134259 
0 0.476823 0.0412037 0.0390625 0.0518519 
0 0.940365 0.28912 0.101562 0.115278 
0 0.370833 0.711343 0.0552083 0.0763889 
0 0.25612 0.852546 0.0716146 0.108796 
0 0.631771 0.953241 0.0682292 0.0916667 
0 0.346224 0.0243056 0.0445312 0.0486111 
0 0.379557 0.814815 0.0440104 0.0703704 
0 0.814453 0.961806 0.0554687 0.0662037 
0 0.271745 0.952315 0.0393229 0.087963 
0 0.903385 0.603704 0.0890625 0.0805556 
0 0.173958 0.42338 0.0416667 0.0680556 
0 0.730469 0.543519 0.025 0.0796296 
0 0.0364583 0.3625 0.0666667 0.105556 
0 0.921354 0.422454 0.0427083 0.125463 
0 0.537109 0.521296 0.0424479 0.0453704 
