0 0.677734 0.420602 0.0341146 0.136574 
0 0.700651 0.0905093 0.0674479 0.0912037 
0 0.607422 0.819213 0.0591146 0.145833 
0 0.565885 0.485648 0.0333333 0.0611111 
0 0.605859 0.315046 0.0377604 0.0615741 
0 0.452214 0.299537 0.0346354 0.0398148 
0 0.766146 0.403472 0.0578125 0.131019 
0 0.705599 0.37963 0.0315104 0.138889 
0 0.728125 0.553241 0.0369792 0.0416667 
0 0.0811198 0.230787 0.0408854 0.0560185 
0 0.473828 0.791667 0.0638021 0.0555556 
0 0.792969 0.233565 0.0479167 0.104167 
0 0.348698 0.763426 0.046875 0.0833333 
0 0.808594 0.511806 0.0364583 0.0912037 
0 0.0408854 0.540278 0.0526042 0.0462963 
0 0.477995 0.536343 0.0315104 0.0717593 
0 0.177214 0.911574 0.0497396 0.0694444 
0 0.196354 0.66875 0.0458333 0.0541667 
0 0.357552 0.578935 0.0395833 0.0412037 
0 0.0528646 0.808565 0.0463542 0.0550926 
0 0.147526 0.686111 0.0481771 0.0574074 
0 0.535677 0.863426 0.0572917 0.0462963 
0 0.273698 0.46713 0.0473958 0.0398148 
0 0.170833 0.0238426 0.0338542 0.0430556 
0 0.723568 0.190741 0.0929687 0.0657407 
0 0.51901 0.251389 0.0265625 0.0768519 
0 0.426172 0.958333 0.0622396 0.062037 
0 0.372135 0.0949074 0.0395833 0.0657407 
0 0.216406 0.229167 0.0421875 0.0453704 
0 0.642187 0.0858796 0.0333333 0.124537 
0 0.261198 0.945139 0.0421875 0.0634259 
0 0.573698 0.37338 0.0546875 0.0921296 
0 0.461198 0.453704 0.0557292 0.0592593 
0 0.554688 0.442593 0.05625 0.0416667 
0 0.0753906 0.678009 0.0455729 0.0865741 
0 0.226172 0.889815 0.0455729 0.037963 
0 0.105208 0.286343 0.0489583 0.0486111 
0 0.496354 0.60463 0.0692708 0.0509259 
0 0.146094 0.2 0.0307292 0.0638889 
0 0.729036 0.656713 0.0382813 0.0412037 
0 0.57474 0.207407 0.0447917 0.062963 
0 0.560547 0.694444 0.0669271 0.0611111 
0 0.205599 0.0224537 0.0460938 0.0402778 
0 0.205339 0.762963 0.0341146 0.0675926 
0 0.240104 0.541204 0.046875 0.0527778 
0 0.150651 0.591898 0.0351562 0.0884259 
0 0.334375 0.532407 0.0447917 0.0518519 
0 0.357292 0.44537 0.0421875 0.0787037 
0 0.495313 0.65 0.0328125 0.05 
0 0.427214 0.349769 0.0622396 0.0717593 
0 0.103125 0.506019 0.05625 0.0509259 
0 0.101693 0.619444 0.0429688 0.0518519 
0 0.663151 0.623148 0.0783854 0.0694444 
