0 0.603516 0.488657 0.0549479 0.111574 
0 0.620703 0.928935 0.0367187 0.131019 
0 0.044401 0.762963 0.0361979 0.0981481 
0 0.979427 0.7625 0.0348958 0.107407 
0 0.660677 0.708333 0.0479167 0.107407 
0 0.319792 0.925463 0.0390625 0.137963 
0 0.344922 0.628935 0.0335938 0.161574 
0 0.11901 0.603935 0.0578125 0.099537 
0 0.222005 0.771991 0.0565104 0.0634259 
0 0.704557 0.811806 0.0669271 0.101389 
0 0.783724 0.950463 0.0669271 0.0861111 
0 0.878516 0.54838 0.0690104 0.075463 
0 0.323958 0.411806 0.0552083 0.0856481 
0 0.0640625 0.690972 0.0395833 0.10787 
0 0.565365 0.701852 0.0744792 0.0583333 
0 0.420964 0.506944 0.0601562 0.0898148 
0 0.0358073 0.862269 0.0674479 0.0634259 
0 0.110026 0.751852 0.0575521 0.0805556 
0 0.266146 0.738426 0.0338542 0.111111 
0 0.0167969 0.675 0.0315104 0.0712963 
0 0.260807 0.84213 0.0377604 0.087037 
0 0.205339 0.93912 0.0414063 0.0800926 
0 0.546875 0.579398 0.0536458 0.0782407 
0 0.895573 0.791667 0.0546875 0.0981481 
0 0.118229 0.846065 0.0359375 0.115278 
0 0.503906 0.856481 0.0442708 0.0472222 
0 0.546354 0.860648 0.0536458 0.110185 
0 0.283464 0.53125 0.0679687 0.111574 
0 0.542969 0.932176 0.0520833 0.0699074 
0 0.308333 0.752083 0.0411458 0.0652778 
0 0.400651 0.928935 0.0507812 0.0430556 
0 0.630339 0.569444 0.0346354 0.0759259 
0 0.279297 0.591204 0.0440104 0.0583333 
0 0.841797 0.587731 0.0580729 0.0597222 
0 0.467969 0.96875 0.0317708 0.0578704 
