0 0.697266 0.812037 0.0398437 0.0916667 
0 0.821745 0.334722 0.0632813 0.155556 
0 0.677214 0.129861 0.0367187 0.131019 
0 0.38125 0.48912 0.0619792 0.0560185 
0 0.603516 0.415972 0.0382813 0.0699074 
0 0.89987 0.932176 0.0539063 0.0680556 
0 0.74375 0.49838 0.0234375 0.0513889 
0 0.470443 0.770833 0.0539063 0.0509259 
0 0.536068 0.215741 0.0408854 0.103704 
0 0.322266 0.467361 0.0320312 0.0578704 
0 0.877344 0.20787 0.0739583 0.0675926 
0 0.383333 0.559491 0.040625 0.0597222 
0 0.809115 0.211574 0.059375 0.0675926 
0 0.55612 0.32338 0.0356771 0.114352 
0 0.716276 0.0532407 0.0398437 0.0925926 
0 0.553776 0.561574 0.0778646 0.0638889 
0 0.757812 0.802315 0.0588542 0.0490741 
0 0.646484 0.470833 0.0841146 0.0898148 
0 0.60013 0.720602 0.0414063 0.0513889 
0 0.64987 0.363657 0.0252604 0.102315 
0 0.205469 0.429861 0.0270833 0.0486111 
0 0.707031 0.194213 0.0260417 0.110648 
0 0.508333 0.185185 0.034375 0.0935185 
0 0.652865 0.618519 0.0369792 0.0611111 
0 0.726953 0.2875 0.0382813 0.113889 
0 0.297917 0.409028 0.0484375 0.0587963 
0 0.313802 0.856713 0.0395833 0.0615741 
0 0.676302 0.959954 0.0286458 0.0652778 
0 0.416016 0.740509 0.0434896 0.0476852 
0 0.230729 0.878704 0.03125 0.106481 
0 0.505339 0.651852 0.0325521 0.062963 
0 0.744661 0.35162 0.0346354 0.0597222 
0 0.427214 0.569907 0.0268229 0.0814815 
0 0.560547 0.923611 0.0377604 0.0805556 
0 0.823307 0.399537 0.0263021 0.0509259 
0 0.675781 0.54213 0.0588542 0.0824074 
0 0.327734 0.345602 0.0289063 0.0643518 
0 0.24388 0.733102 0.0283854 0.0384259 
0 0.306901 0.718287 0.0330729 0.0800926 
0 0.446354 0.267824 0.0625 0.0819444 
0 0.26888 0.955787 0.0539063 0.0643518 
0 0.151172 0.0428241 0.0351562 0.049537 
0 0.644922 0.724769 0.0382813 0.0421296 
0 0.564453 0.121759 0.0367187 0.0564815 
0 0.4875 0.117824 0.0442708 0.0717593 
0 0.641536 0.940046 0.0351562 0.0689815 
0 0.149479 0.837269 0.0484375 0.0523148 
0 0.815885 0.0388889 0.0276042 0.0694444 
0 0.0794271 0.0261574 0.0239583 0.0523148 
0 0.449219 0.339583 0.0578125 0.0560185 
0 0.368359 0.0766204 0.0450521 0.0662037 
0 0.121615 0.732176 0.0317708 0.0337963 
0 0.285286 0.125926 0.0419271 0.0638889 
0 0.332292 0.608565 0.0213542 0.0949074 
0 0.663542 0.220602 0.0307292 0.0421296 
0 0.36875 0.0451389 0.0546875 0.0800926 
0 0.719661 0.837963 0.0429688 0.0592593 
0 0.307552 0.595602 0.0302083 0.0967593 
0 0.220703 0.0863426 0.0502604 0.0449074 
0 0.714844 0.948843 0.040625 0.0736111 
0 0.117839 0.432176 0.0419271 0.0560185 
0 0.632812 0.300463 0.0421875 0.0611111 
0 0.465234 0.630787 0.0434896 0.050463 
0 0.0815104 0.595139 0.0286458 0.050463 
0 0.555208 0.845602 0.0270833 0.0513889 
0 0.148047 0.593287 0.0351562 0.0393519 
0 0.373568 0.971296 0.0315104 0.0509259 
0 0.686589 0.331019 0.0361979 0.0537037 
0 0.653776 0.521759 0.0544271 0.117593 
