0 0.957943 0.18588 0.0627604 0.147685 
0 0.846224 0.241898 0.0742188 0.0680556 
0 0.120964 0.0715278 0.0351562 0.0958333 
0 0.946354 0.744444 0.0692708 0.0898148 
0 0.0664062 0.0446759 0.0348958 0.0569444 
0 0.402995 0.0803241 0.0320312 0.0541667 
0 0.2375 0.0962963 0.0270833 0.0564815 
0 0.240885 0.55463 0.05 0.101852 
0 0.970182 0.843287 0.0518229 0.128241 
0 0.607031 0.890741 0.0416667 0.114815 
0 0.851562 0.708333 0.0614583 0.0537037 
0 0.282422 0.761111 0.0351562 0.0953704 
0 0.159375 0.544676 0.0322917 0.109722 
0 0.80612 0.148843 0.0523437 0.0597222 
0 0.426823 0.959259 0.0489583 0.0777778 
0 0.348307 0.927083 0.0466146 0.0615741 
0 0.385677 0.754861 0.0546875 0.151389 
0 0.689974 0.600694 0.0367187 0.0800926 
0 0.323698 0.616667 0.0552083 0.131481 
0 0.306641 0.979167 0.0585938 0.0416667 
