0 0.30612 0.238426 0.0684896 0.164815 
0 0.670964 0.104167 0.0585938 0.0953704 
0 0.503385 0.2 0.0921875 0.0962963 
0 0.657292 0.582407 0.0447917 0.163889 
0 0.552214 0.35787 0.0861979 0.0768519 
0 0.38138 0.28287 0.0669271 0.0657407 
0 0.132552 0.174074 0.0661458 0.0944444 
0 0.289974 0.94375 0.0424479 0.0726852 
0 0.404167 0.134722 0.0536458 0.0925926 
0 0.375 0.567593 0.0380208 0.0537037 
0 0.26276 0.8125 0.116146 0.144444 
0 0.0175781 0.0407407 0.0315104 0.0509259 
0 0.342839 0.230787 0.0684896 0.099537 
0 0.396484 0.738194 0.0710938 0.0708333 
0 0.494141 0.0826389 0.0533854 0.103241 
0 0.318359 0.132639 0.0601562 0.0606481 
0 0.371745 0.421065 0.0403646 0.0810185 
0 0.276432 0.502778 0.0429688 0.111111 
0 0.662109 0.872454 0.0674479 0.206944 
0 0.0341146 0.455787 0.0661458 0.0763889 
0 0.128776 0.9375 0.0471354 0.0731481 
0 0.0941406 0.317824 0.0309896 0.0486111 
0 0.42513 0.513426 0.0627604 0.087037 
0 0.545964 0.0425926 0.0575521 0.0759259 
0 0.558594 0.834954 0.107292 0.0708333 
0 0.523438 0.657407 0.0494792 0.17963 
0 0.408464 0.0456019 0.0502604 0.0875 
0 0.0484375 0.285185 0.0661458 0.0388889 
0 0.123828 0.0773148 0.0320312 0.0990741 
0 0.0846354 0.577083 0.0708333 0.0643518 
0 0.337891 0.421296 0.0273438 0.0546296 
0 0.316667 0.0449074 0.046875 0.0833333 
0 0.241667 0.154167 0.0364583 0.130556 
0 0.560026 0.963426 0.0617188 0.0712963 
0 0.177995 0.388889 0.0841146 0.0898148 
0 0.475391 0.469676 0.0341146 0.0791667 
0 0.213672 0.22037 0.0476562 0.0685185 
0 0.457422 0.278009 0.0684896 0.0699074 
0 0.482422 0.678704 0.0289063 0.0574074 
0 0.0259115 0.182176 0.0236979 0.0939815 
0 0.692839 0.33588 0.0424479 0.0606481 
0 0.0760417 0.678241 0.0546875 0.075 
0 0.574219 0.877778 0.0895833 0.0601852 
0 0.0382813 0.519444 0.0645833 0.0648148 
