0 0.30026 0.40162 0.0421875 0.0773148 
0 0.78125 0.15 0.0359375 0.10463 
0 0.771484 0.55162 0.0252604 0.10787 
0 0.249219 0.404167 0.0354167 0.0722222 
0 0.582031 0.923611 0.0625 0.130556 
0 0.683594 0.290741 0.0489583 0.147222 
0 0.560026 0.425231 0.0335938 0.0523148 
0 0.463932 0.719213 0.0632813 0.0680556 
0 0.234375 0.868981 0.0286458 0.05 
0 0.272396 0.776157 0.0307292 0.0930556 
0 0.597135 0.732639 0.0442708 0.0865741 
0 0.735807 0.782176 0.0320312 0.0884259 
0 0.0915365 0.356713 0.0460938 0.0375 
0 0.289974 0.181944 0.0283854 0.112963 
0 0.652865 0.85162 0.0333333 0.0662037 
0 0.361849 0.82037 0.0601562 0.0407407 
0 0.21237 0.0990741 0.0315104 0.0953704 
0 0.410417 0.925463 0.0395833 0.0851852 
0 0.15013 0.0229167 0.0257812 0.0458333 
0 0.539974 0.908102 0.0497396 0.0449074 
0 0.0509115 0.920139 0.0361979 0.0819444 
0 0.678255 0.5625 0.0346354 0.0657407 
0 0.48125 0.553704 0.0494792 0.0666667 
0 0.734375 0.272917 0.0822917 0.0652778 
0 0.426432 0.548611 0.0424479 0.0888889 
0 0.0216146 0.449074 0.0380208 0.0537037 
0 0.105469 0.712269 0.0421875 0.0699074 
0 0.351042 0.481713 0.046875 0.0662037 
0 0.0708333 0.254861 0.0328125 0.0449074 
0 0.290234 0.524769 0.0283854 0.0569444 
0 0.266406 0.570833 0.0328125 0.0740741 
0 0.36237 0.419213 0.0377604 0.0550926 
0 0.068099 0.55162 0.0388021 0.0449074 
0 0.631771 0.920139 0.05625 0.10787 
0 0.11276 0.47338 0.046875 0.0606481 
0 0.557161 0.684028 0.0351562 0.153241 
0 0.634766 0.557639 0.0398437 0.0921296 
0 0.471484 0.948843 0.0367187 0.0865741 
0 0.0292969 0.298843 0.0388021 0.0476852 
0 0.709375 0.395602 0.0489583 0.0662037 
0 0.444271 0.351852 0.0307292 0.0722222 
0 0.124479 0.538657 0.028125 0.0513889 
0 0.191667 0.475694 0.0333333 0.0699074 
0 0.0382813 0.649306 0.0364583 0.0671296 
0 0.585938 0.690046 0.0307292 0.0597222 
0 0.453646 0.147454 0.0401042 0.049537 
0 0.458984 0.858796 0.0330729 0.0509259 
0 0.401693 0.978009 0.0513021 0.0439815 
