0 0.480208 0.173611 0.0484375 0.0981481 
0 0.327865 0.341204 0.03125 0.0898148 
0 0.222656 0.352083 0.0390625 0.0810185 
0 0.266406 0.403935 0.0484375 0.0800926 
0 0.402734 0.302778 0.0330729 0.062037 
0 0.57513 0.0912037 0.0377604 0.05 
0 0.871615 0.113426 0.05625 0.0703704 
0 0.295443 0.265741 0.0346354 0.075 
0 0.201042 0.858565 0.0421875 0.0680556 
0 0.0972656 0.5 0.0299479 0.0759259 
0 0.831641 0.657639 0.0247396 0.0902778 
0 0.690885 0.323148 0.0713542 0.127778 
0 0.629818 0.578704 0.0320312 0.0814815 
0 0.779818 0.104167 0.0450521 0.0740741 
0 0.64401 0.663889 0.0302083 0.0768519 
0 0.359896 0.431481 0.0630208 0.110185 
0 0.507292 0.294444 0.0473958 0.0546296 
0 0.461328 0.506481 0.0466146 0.0592593 
0 0.911198 0.500926 0.0484375 0.075 
0 0.679297 0.771759 0.0351562 0.0685185 
0 0.850521 0.306481 0.0473958 0.146296 
0 0.823177 0.11713 0.0458333 0.062963 
0 0.800391 0.728009 0.0528646 0.0800926 
0 0.434505 0.225926 0.0335938 0.05 
0 0.891536 0.392593 0.0544271 0.0722222 
0 0.619141 0.849074 0.0455729 0.0898148 
0 0.941927 0.808102 0.059375 0.0800926 
0 0.36276 0.351389 0.04375 0.0564815 
0 0.0201823 0.838889 0.0346354 0.062963 
0 0.75 0.571528 0.0463542 0.075463 
0 0.576172 0.366435 0.0471354 0.0680556 
0 0.43138 0.973148 0.0549479 0.0537037 
0 0.614193 0.354861 0.0403646 0.0541667 
0 0.393099 0.633102 0.0414063 0.0615741 
0 0.615234 0.2 0.0304688 0.0935185 
0 0.629818 0.455787 0.0268229 0.102315 
0 0.110677 0.609491 0.0484375 0.075463 
0 0.638672 0.273843 0.0539063 0.0532407 
0 0.523438 0.458796 0.0416667 0.0712963 
0 0.316927 0.758565 0.0416667 0.0671296 
0 0.811068 0.591898 0.0591146 0.0652778 
0 0.31276 0.584259 0.0442708 0.0675926 
0 0.532682 0.346528 0.0356771 0.049537 
0 0.0558594 0.634028 0.0559896 0.0550926 
