0 0.507292 0.0668981 0.0932292 0.127315 
0 0.376693 0.955787 0.0570313 0.0875 
0 0.697266 0.578009 0.0653646 0.170833 
0 0.761719 0.728241 0.0338542 0.158333 
0 0.566406 0.957639 0.0791667 0.0736111 
0 0.662109 0.361806 0.0919271 0.122685 
0 0.660156 0.549306 0.0604167 0.110648 
0 0.622526 0.724074 0.0638021 0.10463 
0 0.0970052 0.847222 0.0643229 0.0490741 
0 0.484115 0.204167 0.0484375 0.0537037 
0 0.169141 0.463194 0.0559896 0.123611 
0 0.293229 0.714815 0.0286458 0.087037 
0 0.407161 0.587963 0.0632813 0.140741 
0 0.508333 0.356944 0.0354167 0.152778 
0 0.0324219 0.150463 0.0294271 0.111111 
0 0.0971354 0.920139 0.0390625 0.0606481 
0 0.217839 0.741435 0.0481771 0.0486111 
0 0.253646 0.261806 0.0416667 0.0384259 
0 0.103516 0.71088 0.0565104 0.0486111 
0 0.583073 0.583796 0.078125 0.100926 
0 0.700651 0.965972 0.0539063 0.0643518 
0 0.114323 0.246528 0.0619792 0.0532407 
0 0.28737 0.300926 0.0341146 0.0722222 
0 0.21224 0.110417 0.0708333 0.0634259 
0 0.410156 0.64375 0.0380208 0.122685 
0 0.332292 0.426389 0.084375 0.0925926 
0 0.794922 0.251157 0.0289063 0.108796 
0 0.144271 0.583796 0.0630208 0.0416667 
0 0.582422 0.292593 0.0705729 0.142593 
0 0.599089 0.824306 0.0372396 0.180093 
0 0.58151 0.457407 0.139583 0.126852 
0 0.0579427 0.22963 0.0471354 0.087037 
0 0.760807 0.317824 0.0341146 0.0856481 
0 0.352734 0.147222 0.0424479 0.0907407 
0 0.221745 0.399537 0.0309896 0.0722222 
0 0.257292 0.89838 0.0520833 0.124537 
0 0.282682 0.396528 0.0361979 0.0902778 
0 0.189714 0.243519 0.0440104 0.0675926 
0 0.117057 0.290278 0.0653646 0.0490741 
0 0.194271 0.180324 0.0416667 0.0541667 
0 0.155208 0.6875 0.04375 0.1 
0 0.625521 0.496528 0.046875 0.0726852 
0 0.498307 0.455324 0.0450521 0.0615741 
0 0.0342448 0.398843 0.0283854 0.0902778 
0 0.107552 0.633102 0.0489583 0.0541667 
0 0.0166667 0.981713 0.0333333 0.0347222 
0 0.557682 0.0340278 0.0346354 0.0643518 
0 0.551823 0.352315 0.0416667 0.122222 
0 0.11888 0.769213 0.0377604 0.0606481 
0 0.618099 0.0178241 0.0429688 0.0356481 
0 0.19388 0.0298611 0.0533854 0.0578704 
0 0.0272135 0.32963 0.0471354 0.0675926 
0 0.115365 0.959259 0.0515625 0.0712963 
0 0.188542 0.516898 0.0411458 0.100463 
0 0.147656 0.0953704 0.0479167 0.100926 
0 0.289974 0.777315 0.0893229 0.0518519 
0 0.101562 0.126157 0.0307292 0.0884259 
0 0.160286 0.783333 0.0309896 0.075 
0 0.128646 0.360185 0.040625 0.0768519 
0 0.0855469 0.373611 0.0424479 0.0611111 
0 0.740755 0.493519 0.0263021 0.0777778 
0 0.377214 0.217824 0.0419271 0.050463 
0 0.386589 0.809028 0.0476562 0.0689815 
0 0.536589 0.485185 0.0643229 0.112963 
