0 0.571354 0.0300926 0.0520833 0.0592593 
0 0.800781 0.0414352 0.0453125 0.0828704 
0 0.435286 0.227778 0.0325521 0.0564815 
0 0.847135 0.785648 0.0505208 0.0972222 
0 0.810026 0.729167 0.0320312 0.0694444 
0 0.688932 0.588194 0.0351562 0.074537 
0 0.907682 0.927083 0.0283854 0.075463 
0 0.633333 0.737037 0.04375 0.0787037 
0 0.835026 0.0439815 0.0335938 0.0638889 
0 0.302474 0.199537 0.0429688 0.0944444 
0 0.0450521 0.349074 0.0463542 0.0935185 
0 0.884375 0.0636574 0.0322917 0.0810185 
0 0.979948 0.187963 0.0302083 0.0916667 
0 0.592318 0.422917 0.0315104 0.0662037 
0 0.522005 0.224537 0.0351562 0.0824074 
0 0.114323 0.445139 0.0583333 0.0939815 
0 0.379427 0.103935 0.0609375 0.0615741 
0 0.642187 0.232639 0.0557292 0.0597222 
0 0.929167 0.169444 0.0484375 0.0842593 
0 0.237109 0.14838 0.0596354 0.0856481 
0 0.107031 0.954861 0.0588542 0.0884259 
0 0.41901 0.353009 0.0479167 0.0541667 
0 0.631901 0.118287 0.0210938 0.0652778 
0 0.979036 0.519444 0.0341146 0.062963 
0 0.283464 0.265046 0.0335938 0.0578704 
0 0.220313 0.957407 0.04375 0.0787037 
0 0.660156 0.0993056 0.0260417 0.110648 
0 0.263151 0.206481 0.0377604 0.0694444 
0 0.677344 0.706019 0.0395833 0.0703704 
0 0.878516 0.438657 0.0585938 0.113426 
0 0.516536 0.645833 0.0539063 0.062963 
0 0.976042 0.975463 0.046875 0.0490741 
0 0.716276 0.0664352 0.0664062 0.0689815 
