0 0.477995 0.503704 0.0434896 0.0796296 
0 0.830469 0.0462963 0.040625 0.0555556 
0 0.377734 0.256481 0.0346354 0.0953704 
0 0.617188 0.140046 0.053125 0.0921296 
0 0.90625 0.134954 0.040625 0.1125 
0 0.80612 0.555556 0.0471354 0.0768519 
0 0.344141 0.152083 0.0361979 0.10787 
0 0.70026 0.741667 0.0515625 0.062037 
0 0.226562 0.571528 0.0411458 0.0634259 
0 0.157943 0.043287 0.0414063 0.0810185 
0 0.909245 0.575463 0.0450521 0.0814815 
0 0.462891 0.167361 0.0388021 0.0912037 
0 0.768099 0.758565 0.0445312 0.0643518 
0 0.267969 0.0486111 0.0427083 0.0824074 
0 0.530729 0.351389 0.0390625 0.0638889 
0 0.514193 0.830324 0.0367187 0.0532407 
0 0.878385 0.883565 0.0442708 0.0671296 
0 0.698177 0.504398 0.0265625 0.0782407 
0 0.86224 0.965278 0.0510417 0.0657407 
0 0.56888 0.391667 0.0325521 0.0648148 
0 0.665625 0.625926 0.0473958 0.0759259 
0 0.747526 0.497685 0.0424479 0.0509259 
