0 0.182812 0.437037 0.0453125 0.0601852 
0 0.588411 0.879398 0.0419271 0.119907 
0 0.773828 0.774306 0.0429688 0.0587963 
0 0.607943 0.61713 0.0528646 0.112037 
0 0.23099 0.68588 0.0526042 0.0782407 
0 0.626432 0.541667 0.0872396 0.0972222 
0 0.711458 0.834491 0.0348958 0.0439815 
0 0.459245 0.35 0.0653646 0.0481481 
0 0.0557292 0.502315 0.0447917 0.0712963 
0 0.460156 0.821296 0.0432292 0.0601852 
0 0.151432 0.888889 0.0367187 0.148148 
0 0.545964 0.623611 0.0367187 0.184259 
0 0.269401 0.736574 0.0466146 0.087037 
0 0.272786 0.0851852 0.0539063 0.0611111 
0 0.115625 0.591667 0.04375 0.0592593 
0 0.363932 0.791667 0.0356771 0.0953704 
0 0.296354 0.628472 0.0703125 0.0615741 
0 0.229427 0.522454 0.0614583 0.074537 
0 0.505339 0.0388889 0.0622396 0.0768519 
0 0.297005 0.458333 0.0585938 0.0462963 
0 0.21237 0.970602 0.0382813 0.0578704 
0 0.157031 0.600694 0.0302083 0.0560185 
0 0.366406 0.320833 0.0546875 0.0944444 
0 0.597266 0.328241 0.0335938 0.0361111 
0 0.442839 0.740741 0.0502604 0.0564815 
0 0.211198 0.617593 0.0354167 0.0777778 
0 0.366276 0.722222 0.0533854 0.05 
0 0.332682 0.318519 0.0268229 0.122222 
0 0.710026 0.958333 0.0830729 0.0787037 
0 0.447266 0.178704 0.0596354 0.0509259 
0 0.34375 0.174769 0.0484375 0.0643518 
0 0.526953 0.261806 0.0471354 0.050463 
0 0.0270833 0.167361 0.0286458 0.0773148 
0 0.13112 0.67963 0.0304688 0.0842593 
0 0.158333 0.288889 0.0583333 0.087037 
0 0.0557292 0.04375 0.0375 0.0680556 
0 0.0497396 0.565046 0.0713542 0.0513889 
