0 0.874479 0.375231 0.105208 0.128241 
0 0.371094 0.473148 0.0598958 0.10463 
0 0.428906 0.684028 0.10625 0.0662037 
0 0.711979 0.68912 0.0416667 0.0930556 
0 0.033724 0.537731 0.0445312 0.110648 
0 0.82513 0.0543981 0.0664062 0.0736111 
0 0.777344 0.910648 0.0494792 0.0657407 
0 0.389062 0.899306 0.040625 0.131019 
0 0.803255 0.761806 0.102344 0.103241 
0 0.28125 0.486574 0.0317708 0.0712963 
0 0.673307 0.115972 0.0481771 0.104167 
0 0.933073 0.231944 0.0822917 0.118519 
0 0.11901 0.472685 0.0427083 0.201852 
0 0.12474 0.24375 0.0421875 0.128241 
0 0.711458 0.561806 0.111979 0.0791667 
0 0.60651 0.966898 0.0390625 0.0597222 
0 0.422396 0.794676 0.0333333 0.0939815 
0 0.69974 0.87662 0.0520833 0.116204 
0 0.977995 0.756944 0.0440104 0.140741 
0 0.870182 0.948843 0.0372396 0.0902778 
0 0.71237 0.41088 0.0664062 0.144907 
0 0.660547 0.962731 0.0606771 0.0717593 
0 0.974609 0.96088 0.0507812 0.074537 
0 0.88724 0.620602 0.040625 0.0578704 
0 0.386458 0.796528 0.0427083 0.108796 
0 0.158203 0.61713 0.0664062 0.122222 
0 0.161198 0.373843 0.0453125 0.0643518 
0 0.730078 0.0875 0.0528646 0.12037 
0 0.0627604 0.735648 0.05 0.0657407 
0 0.508724 0.671528 0.0664062 0.0717593 
0 0.09375 0.90625 0.0588542 0.131944 
0 0.171615 0.690509 0.0854167 0.10787 
