0 0.597656 0.555093 0.0630208 0.108333 
0 0.803125 0.779861 0.0416667 0.0578704 
0 0.742188 0.786574 0.0380208 0.137037 
0 0.471484 0.960185 0.0460938 0.0787037 
0 0.497266 0.105556 0.0513021 0.0555556 
0 0.316667 0.123843 0.0677083 0.0541667 
0 0.619661 0.368056 0.0919271 0.0722222 
0 0.600521 0.106713 0.0333333 0.127315 
0 0.650911 0.946296 0.0429688 0.0537037 
0 0.0485677 0.06875 0.0523437 0.0652778 
0 0.240495 0.852778 0.0533854 0.0527778 
0 0.568229 0.238194 0.046875 0.0689815 
0 0.601042 0.877546 0.0489583 0.0625 
0 0.39388 0.51412 0.0268229 0.0912037 
0 0.169401 0.318287 0.0669271 0.0560185 
0 0.544401 0.620833 0.0492188 0.0694444 
0 0.384115 0.110648 0.0546875 0.0907407 
0 0.725 0.0467593 0.0557292 0.0935185 
0 0.698177 0.566898 0.0494792 0.0550926 
0 0.641667 0.313889 0.0364583 0.0462963 
0 0.46901 0.636343 0.0432292 0.0643518 
0 0.58737 0.637963 0.0445312 0.0546296 
0 0.310937 0.642361 0.0526042 0.0662037 
0 0.137891 0.490509 0.0341146 0.118981 
0 0.213932 0.325694 0.0351562 0.0513889 
0 0.597135 0.20162 0.0328125 0.099537 
0 0.10026 0.0912037 0.0385417 0.0842593 
0 0.132812 0.101852 0.0348958 0.0694444 
0 0.716797 0.403704 0.0440104 0.0444444 
0 0.604036 0.296528 0.0372396 0.0856481 
0 0.42474 0.0296296 0.040625 0.0462963 
0 0.193099 0.900231 0.0309896 0.0523148 
0 0.378385 0.375694 0.0401042 0.0717593 
