0 0.0615885 0.707407 0.0335938 0.103704 
0 0.632812 0.668519 0.0703125 0.0777778 
0 0.23125 0.878241 0.0416667 0.152778 
0 0.705078 0.569907 0.0434896 0.163889 
0 0.785156 0.578241 0.0473958 0.175926 
0 0.047526 0.953241 0.0841146 0.087037 
0 0.964844 0.605093 0.0416667 0.0592593 
0 0.840885 0.762963 0.0770833 0.087963 
0 0.789583 0.33588 0.0588542 0.134722 
0 0.952214 0.82037 0.0320312 0.0907407 
0 0.842318 0.910648 0.0450521 0.160185 
0 0.754427 0.293519 0.0364583 0.136111 
0 0.916536 0.639352 0.0731771 0.0777778 
0 0.726562 0.753935 0.0760417 0.0680556 
0 0.280078 0.579861 0.0486979 0.140278 
0 0.450651 0.822222 0.0580729 0.0611111 
0 0.0144531 0.85162 0.0289063 0.129167 
