0 0.896484 0.715972 0.0877604 0.102315 
0 0.667448 0.152546 0.0713542 0.126389 
0 0.971094 0.574306 0.0322917 0.103241 
0 0.941797 0.0349537 0.0351562 0.0671296 
0 0.327865 0.471296 0.0630208 0.0861111 
0 0.221484 0.424074 0.0497396 0.0962963 
0 0.68125 0.544907 0.0463542 0.162963 
0 0.388932 0.177315 0.0533854 0.136111 
0 0.491016 0.139815 0.0372396 0.075 
0 0.475391 0.765046 0.0309896 0.0810185 
0 0.516146 0.886343 0.0442708 0.100463 
0 0.568359 0.372917 0.0476562 0.131944 
0 0.804167 0.952083 0.0552083 0.0921296 
0 0.177214 0.377546 0.0533854 0.0717593 
0 0.192578 0.549537 0.0549479 0.0768519 
