0 0.0970052 0.318056 0.0351562 0.109259 
0 0.813411 0.784722 0.0466146 0.155556 
0 0.966276 0.148843 0.0658854 0.159722 
0 0.261198 0.434028 0.0416667 0.139352 
0 0.805729 0.267824 0.0635417 0.159722 
0 0.605469 0.891667 0.0661458 0.107407 
0 0.182552 0.595602 0.0770833 0.0875 
0 0.411198 0.155556 0.0848958 0.0842593 
0 0.0938802 0.765509 0.0335938 0.128241 
0 0.779818 0.18912 0.0486979 0.131019 
0 0.28763 0.638426 0.0606771 0.0712963 
0 0.300391 0.198611 0.0460938 0.140741 
0 0.358984 0.284259 0.0315104 0.15 
0 0.686068 0.90625 0.0455729 0.0837963 
0 0.140495 0.454861 0.0559896 0.109722 
0 0.583464 0.11875 0.0304688 0.0560185 
0 0.588932 0.0449074 0.0408854 0.0694444 
0 0.41263 0.588657 0.0539063 0.0837963 
0 0.885677 0.0842593 0.075 0.0703704 
0 0.25026 0.71088 0.0333333 0.0708333 
0 0.707031 0.513426 0.0786458 0.114815 
0 0.0503906 0.902778 0.0575521 0.075 
0 0.36276 0.630324 0.046875 0.116204 
0 0.204557 0.502546 0.0335938 0.11713 
0 0.920443 0.302315 0.0596354 0.134259 
0 0.914583 0.0560185 0.0588542 0.103704 
0 0.0682292 0.471759 0.0520833 0.0888889 
0 0.059375 0.576389 0.0489583 0.0527778 
0 0.353125 0.484722 0.0645833 0.0990741 
0 0.155078 0.274306 0.0341146 0.0680556 
0 0.154297 0.972685 0.0559896 0.0546296 
0 0.504818 0.390741 0.0471354 0.0638889 
0 0.119271 0.699769 0.0395833 0.111574 
0 0.815885 0.624537 0.0390625 0.102778 
0 0.167448 0.666204 0.0671875 0.0712963 
0 0.504427 0.704861 0.0338542 0.0884259 
0 0.392318 0.714352 0.0429688 0.0675926 
0 0.347266 0.575694 0.0513021 0.050463 
