0 0.652865 0.290741 0.0421875 0.139815 
0 0.647396 0.73125 0.0526042 0.161574 
0 0.55026 0.128704 0.0802083 0.0851852 
0 0.554167 0.59375 0.107813 0.0763889 
0 0.655729 0.590278 0.0682292 0.168519 
0 0.286849 0.0662037 0.0388021 0.127778 
0 0.0416667 0.845602 0.0369792 0.0810185 
0 0.424089 0.322917 0.0617188 0.0856481 
0 0.687891 0.137731 0.0356771 0.0634259 
0 0.378385 0.0701389 0.071875 0.0773148 
0 0.372266 0.882639 0.0513021 0.0532407 
0 0.519531 0.39537 0.0489583 0.168519 
0 0.289583 0.777778 0.0463542 0.0685185 
0 0.613281 0.793519 0.0395833 0.0638889 
0 0.436068 0.78125 0.0507812 0.118981 
0 0.573177 0.65625 0.0697917 0.0532407 
0 0.452344 0.0872685 0.0760417 0.0671296 
0 0.157292 0.894907 0.0421875 0.0518519 
0 0.210417 0.395833 0.0307292 0.0611111 
0 0.201823 0.875463 0.0552083 0.0675926 
0 0.393099 0.423611 0.0346354 0.0657407 
0 0.0936198 0.16088 0.0356771 0.0523148 
0 0.427214 0.931481 0.0403646 0.127778 
0 0.267318 0.462269 0.0325521 0.103241 
0 0.395573 0.54375 0.0723958 0.0643518 
0 0.360807 0.296991 0.0736979 0.0773148 
0 0.472005 0.285417 0.0304688 0.0680556 
0 0.0496094 0.948843 0.0351562 0.0930556 
0 0.131771 0.0314815 0.065625 0.062963 
0 0.314193 0.482176 0.0299479 0.050463 
0 0.195833 0.230324 0.0677083 0.0717593 
0 0.197656 0.488657 0.034375 0.0662037 
0 0.484896 0.758796 0.0546875 0.138889 
0 0.560938 0.75 0.0645833 0.0824074 
0 0.282031 0.9375 0.0359375 0.106481 
