0 0.52487 0.37037 0.0434896 0.0555556 
0 0.519531 0.80787 0.0583333 0.062037 
0 0.684505 0.068287 0.0309896 0.129167 
0 0.417969 0.928704 0.059375 0.0648148 
0 0.58151 0.955787 0.08125 0.0884259 
0 0.583984 0.787731 0.0455729 0.158796 
0 0.644531 0.574537 0.0380208 0.121296 
0 0.487109 0.965278 0.0445312 0.0666667 
0 0.0763021 0.598148 0.0395833 0.0601852 
0 0.634766 0.126852 0.0325521 0.062963 
0 0.351042 0.322454 0.0588542 0.0773148 
0 0.609375 0.35 0.109896 0.0833333 
0 0.546354 0.204398 0.0333333 0.0736111 
0 0.248698 0.653472 0.0348958 0.0939815 
0 0.803646 0.890741 0.0328125 0.113889 
0 0.73099 0.244676 0.078125 0.102315 
0 0.67474 0.744444 0.0333333 0.102778 
0 0.556641 0.120139 0.0450521 0.074537 
0 0.482943 0.529861 0.0419271 0.0958333 
0 0.323438 0.11875 0.0526042 0.0532407 
0 0.222005 0.846759 0.0356771 0.0583333 
0 0.16263 0.563889 0.0351562 0.0657407 
0 0.167187 0.714815 0.0244792 0.0398148 
0 0.797396 0.288889 0.0328125 0.0453704 
0 0.590365 0.463426 0.04375 0.1 
0 0.222656 0.549537 0.0333333 0.0583333 
0 0.696224 0.481713 0.0554687 0.0939815 
0 0.238411 0.49213 0.0309896 0.0398148 
0 0.504948 0.588426 0.0395833 0.0527778 
0 0.274479 0.13588 0.0354167 0.0560185 
0 0.291016 0.772454 0.0388021 0.0560185 
0 0.39375 0.447917 0.0255208 0.0847222 
0 0.154687 0.220602 0.0640625 0.0513889 
0 0.126302 0.586343 0.0442708 0.0393519 
0 0.421354 0.378009 0.0369792 0.0680556 
0 0.271745 0.212963 0.0309896 0.0546296 
0 0.0597656 0.6625 0.0341146 0.0537037 
0 0.306901 0.19838 0.0304688 0.0467593 
0 0.192708 0.41412 0.0364583 0.0736111 
0 0.363802 0.273611 0.0333333 0.0824074 
0 0.427474 0.0305556 0.0361979 0.0509259 
0 0.134375 0.923611 0.0364583 0.0601852 
0 0.271224 0.0425926 0.0283854 0.0851852 
0 0.516667 0.454861 0.065625 0.0949074 
0 0.285156 0.268287 0.034375 0.0662037 
0 0.352734 0.0648148 0.0424479 0.0898148 
0 0.0799479 0.477315 0.0317708 0.0712963 
0 0.705599 0.398611 0.0695312 0.0657407 
0 0.388021 0.05 0.0286458 0.062037 
0 0.460026 0.0416667 0.0393229 0.0833333 
0 0.181901 0.144444 0.0335938 0.0472222 
0 0.134245 0.803009 0.0476562 0.0791667 
0 0.0856771 0.729861 0.0489583 0.0689815 
0 0.665104 0.552546 0.028125 0.0578704 
0 0.174479 0.0365741 0.0354167 0.0574074 
0 0.114193 0.024537 0.0398437 0.0490741 
0 0.189193 0.612963 0.0268229 0.062963 
0 0.531771 0.436343 0.0645833 0.0615741 
0 0.602474 0.393519 0.0789063 0.05 
0 0.128385 0.454861 0.0375 0.0449074 
0 0.746615 0.434259 0.0541667 0.087037 
0 0.345703 0.370139 0.0445312 0.0384259 
0 0.361068 0.777315 0.0627604 0.062037 
0 0.167318 0.818056 0.0341146 0.0490741 
0 0.348177 0.891435 0.0390625 0.0439815 
0 0.318359 0.917593 0.0184896 0.0787037 
0 0.25638 0.878009 0.0393229 0.0439815 
0 0.36888 0.952315 0.0393229 0.0416667 
0 0.0528646 0.901157 0.0182292 0.0810185 
0 0.47487 0.782176 0.0325521 0.0634259 
0 0.307161 0.707407 0.0377604 0.0916667 
0 0.680078 0.262731 0.0393229 0.113426 
0 0.17526 0.514352 0.0583333 0.0490741 
0 0.043099 0.25787 0.0403646 0.0657407 
0 0.326823 0.5625 0.071875 0.0407407 
0 0.238932 0.136806 0.0341146 0.0550926 
0 0.227865 0.958333 0.04375 0.0759259 
0 0.801302 0.0763889 0.0348958 0.0537037 
0 0.940365 0.240741 0.053125 0.0925926 
0 0.395182 0.966898 0.0419271 0.0569444 
0 0.197656 0.196296 0.0411458 0.0398148 
0 0.703125 0.134954 0.0791667 0.0550926 
