0 0.610807 0.216204 0.0466146 0.133333 
0 0.823177 0.340972 0.0401042 0.0856481 
0 0.930599 0.158333 0.0507812 0.0657407 
0 0.698698 0.689352 0.0385417 0.062037 
0 0.689974 0.847917 0.0408854 0.0532407 
0 0.0858073 0.360185 0.0356771 0.115741 
0 0.974089 0.337963 0.0330729 0.0527778 
0 0.338542 0.236574 0.0375 0.087037 
0 0.166667 0.446065 0.0520833 0.0736111 
0 0.900781 0.702083 0.0427083 0.0773148 
0 0.364062 0.538194 0.0411458 0.0643518 
0 0.313932 0.0486111 0.0476562 0.0833333 
0 0.573307 0.25625 0.0486979 0.0902778 
0 0.175911 0.822917 0.0528646 0.0847222 
0 0.950651 0.578472 0.0513021 0.0513889 
0 0.107292 0.465278 0.0479167 0.0638889 
0 0.908203 0.504398 0.0580729 0.0671296 
0 0.602083 0.452778 0.0302083 0.0777778 
0 0.548828 0.783565 0.0481771 0.0773148 
0 0.686068 0.185648 0.0450521 0.0972222 
0 0.410156 0.684491 0.0489583 0.0643518 
0 0.605078 0.837269 0.0419271 0.0837963 
0 0.554688 0.205093 0.0380208 0.0675926 
0 0.333984 0.758565 0.0419271 0.0810185 
0 0.979036 0.280093 0.0330729 0.0592593 
0 0.207292 0.173611 0.0505208 0.0916667 
0 0.322266 0.432176 0.0273438 0.10787 
0 0.229297 0.798843 0.0466146 0.075463 
0 0.514583 0.629861 0.0375 0.119907 
0 0.840885 0.584954 0.0369792 0.0587963 
0 0.354818 0.343056 0.0648438 0.0824074 
0 0.745573 0.865741 0.0510417 0.0638889 
0 0.0908854 0.508333 0.0421875 0.0685185 
0 0.705078 0.777778 0.0325521 0.0583333 
0 0.211979 0.64838 0.03125 0.099537 
0 0.038151 0.725694 0.0492188 0.0819444 
0 0.121875 0.1125 0.0572917 0.0509259 
