0 0.714844 0.25 0.0494792 0.121296 
0 0.597656 0.90625 0.053125 0.0726852 
0 0.58099 0.809028 0.0416667 0.0828704 
0 0.791536 0.825 0.0393229 0.0833333 
0 0.378125 0.350231 0.03125 0.0662037 
0 0.973698 0.74375 0.0442708 0.0606481 
0 0.568359 0.111343 0.0497396 0.0578704 
0 0.694792 0.0277778 0.0421875 0.0527778 
0 0.443099 0.393056 0.0533854 0.0611111 
0 0.616276 0.721759 0.0502604 0.116667 
0 0.446094 0.662269 0.0395833 0.0671296 
0 0.186979 0.903704 0.0572917 0.0740741 
0 0.754818 0.543981 0.0492188 0.087037 
0 0.225 0.268056 0.040625 0.0601852 
0 0.76224 0.0490741 0.03125 0.0981481 
0 0.719661 0.466204 0.0528646 0.0481481 
0 0.640625 0.536574 0.0567708 0.0407407 
0 0.198177 0.0340278 0.0416667 0.0476852 
0 0.378646 0.683102 0.0338542 0.0375 
0 0.866667 0.407407 0.0286458 0.0537037 
0 0.376693 0.924306 0.0601562 0.0643518 
0 0.29974 0.0953704 0.0411458 0.0527778 
0 0.579036 0.646991 0.0684896 0.0587963 
0 0.705078 0.752546 0.0773437 0.0782407 
0 0.847656 0.187731 0.0244792 0.0486111 
0 0.0214844 0.381481 0.0398437 0.0675926 
0 0.49388 0.717824 0.0367187 0.0782407 
0 0.854557 0.14375 0.0294271 0.0615741 
0 0.10638 0.186111 0.0533854 0.0416667 
0 0.322786 0.488657 0.0356771 0.0930556 
0 0.25651 0.559722 0.046875 0.0388889 
0 0.629948 0.227546 0.0359375 0.0976852 
0 0.653255 0.127546 0.0263021 0.0856481 
0 0.348958 0.806481 0.0317708 0.05 
0 0.514193 0.755324 0.0330729 0.0486111 
0 0.565885 0.703704 0.0369792 0.0648148 
