0 0.703516 0.240046 0.0513021 0.0912037 
0 0.0688802 0.42338 0.0361979 0.0986111 
0 0.399089 0.893981 0.0414063 0.0722222 
0 0.645964 0.308102 0.0445312 0.0819444 
0 0.460156 0.335185 0.0395833 0.0601852 
0 0.558594 0.420833 0.0359375 0.0861111 
0 0.21849 0.455324 0.0447917 0.0847222 
0 0.924349 0.0277778 0.0549479 0.0555556 
0 0.904688 0.263426 0.0296875 0.0962963 
0 0.598698 0.674769 0.0348958 0.0615741 
0 0.0446615 0.107176 0.0367187 0.0569444 
0 0.80612 0.477083 0.0351562 0.075463 
0 0.890625 0.841667 0.0333333 0.0777778 
0 0.898047 0.934954 0.0429688 0.0782407 
0 0.025651 0.548611 0.0502604 0.0777778 
0 0.641146 0.436111 0.0473958 0.0583333 
0 0.821745 0.316204 0.0507812 0.0527778 
0 0.739323 0.437037 0.0463542 0.0509259 
0 0.607813 0.486111 0.0421875 0.075 
0 0.508203 0.419676 0.0309896 0.0949074 
0 0.542448 0.767824 0.05 0.0717593 
0 0.0309896 0.0368056 0.0427083 0.0652778 
0 0.780729 0.697917 0.0416667 0.0856481 
0 0.0740885 0.517824 0.0539063 0.0791667 
0 0.582943 0.139583 0.0252604 0.0476852 
0 0.492188 0.336111 0.0239583 0.0657407 
0 0.504427 0.920139 0.0484375 0.104167 
0 0.134375 0.0733796 0.0447917 0.0763889 
0 0.0208333 0.826852 0.0401042 0.0814815 
0 0.15026 0.975694 0.0484375 0.0476852 
0 0.321875 0.712269 0.0447917 0.0819444 
0 0.650911 0.683333 0.0299479 0.0712963 
0 0.451693 0.42037 0.0346354 0.107407 
0 0.0713542 0.948843 0.028125 0.0939815 
0 0.226823 0.708333 0.0307292 0.0703704 
