0 0.873047 0.257639 0.0789063 0.124537 
0 0.325651 0.493981 0.0554687 0.102778 
0 0.760286 0.77963 0.0794271 0.108333 
0 0.653255 0.424537 0.0596354 0.12963 
0 0.812109 0.399769 0.0950521 0.127315 
0 0.754818 0.0840278 0.0585938 0.0680556 
0 0.120573 0.638889 0.0505208 0.0990741 
0 0.022526 0.753472 0.0450521 0.074537 
0 0.691797 0.0331019 0.0966146 0.0662037 
0 0.828125 0.955787 0.0380208 0.0865741 
0 0.351302 0.926157 0.0479167 0.124537 
0 0.368359 0.701852 0.10026 0.0712963 
0 0.619661 0.150231 0.0497396 0.118056 
0 0.458203 0.688889 0.0716146 0.0685185 
0 0.0791667 0.276157 0.0427083 0.122685 
0 0.671354 0.124537 0.0458333 0.112037 
0 0.384766 0.810185 0.0361979 0.100926 
0 0.733333 0.918519 0.0463542 0.0703704 
0 0.798307 0.516898 0.0658854 0.0791667 
0 0.819792 0.64537 0.08125 0.0805556 
0 0.661198 0.586574 0.0953125 0.0768519 
0 0.663021 0.704861 0.0442708 0.0930556 
0 0.466016 0.794213 0.0638021 0.074537 
0 0.130339 0.711111 0.0898438 0.117593 
0 0.0522135 0.943519 0.0476562 0.0972222 
0 0.0660156 0.496065 0.0440104 0.194907 
0 0.0786458 0.684954 0.0447917 0.0680556 
0 0.236068 0.506944 0.0356771 0.075 
0 0.105078 0.397685 0.0643229 0.0648148 
0 0.976042 0.183565 0.04375 0.0856481 
0 0.250521 0.863657 0.0833333 0.0810185 
0 0.284375 0.517361 0.03125 0.11713 
0 0.142448 0.833333 0.0765625 0.0731481 
0 0.350781 0.811343 0.0395833 0.106944 
0 0.617188 0.965972 0.0635417 0.0652778 
0 0.772917 0.364815 0.0682292 0.0805556 
0 0.00976562 0.534259 0.0174479 0.0916667 
0 0.168099 0.944444 0.0513021 0.100926 
0 0.113151 0.966204 0.0606771 0.0638889 
0 0.0121094 0.959954 0.0231771 0.0791667 
