0 0.55612 0.792824 0.0528646 0.1125 
0 0.432161 0.224769 0.0377604 0.0523148 
0 0.482943 0.556019 0.0471354 0.122222 
0 0.717318 0.302546 0.0445312 0.0708333 
0 0.695833 0.53287 0.0416667 0.0564815 
0 0.216406 0.863889 0.059375 0.0768519 
0 0.307161 0.45625 0.0981771 0.0708333 
0 0.699219 0.407639 0.0333333 0.0856481 
0 0.709896 0.74537 0.0604167 0.0564815 
0 0.510807 0.644213 0.0315104 0.0763889 
0 0.509245 0.238889 0.0325521 0.0805556 
0 0.446745 0.329398 0.0419271 0.0625 
0 0.380599 0.285648 0.0408854 0.0703704 
0 0.672396 0.454398 0.0286458 0.0708333 
0 0.141536 0.774074 0.0471354 0.124074 
0 0.0533854 0.606019 0.0864583 0.128704 
0 0.648958 0.544213 0.0395833 0.0634259 
0 0.585547 0.458333 0.0351562 0.123148 
0 0.197005 0.5125 0.0497396 0.0638889 
0 0.877865 0.837731 0.0578125 0.118981 
0 0.228516 0.794676 0.0419271 0.0939815 
0 0.833464 0.675231 0.0335938 0.0615741 
0 0.0628906 0.829861 0.0815104 0.0837963 
0 0.241797 0.599769 0.0377604 0.0699074 
0 0.513151 0.839352 0.0309896 0.0592593 
0 0.516146 0.959259 0.0640625 0.0768519 
0 0.658724 0.259491 0.0611979 0.0699074 
0 0.488542 0.352315 0.0255208 0.0722222 
0 0.0346354 0.446065 0.0645833 0.0550926 
0 0.210156 0.393981 0.0494792 0.0731481 
0 0.94974 0.270833 0.0895833 0.0685185 
0 0.526302 0.570833 0.0395833 0.0509259 
0 0.988281 0.66088 0.021875 0.0828704 
0 0.32513 0.856481 0.0242187 0.102778 
0 0.736849 0.888889 0.0492188 0.0555556 
