0 0.442708 0.314583 0.0984375 0.0782407 
0 0.179427 0.709491 0.0953125 0.0875 
0 0.180599 0.469676 0.0820312 0.122685 
0 0.907682 0.154861 0.0627604 0.0902778 
0 0.809505 0.415046 0.0393229 0.0708333 
0 0.583073 0.0615741 0.0385417 0.0648148 
0 0.378516 0.467824 0.0320312 0.0726852 
0 0.154297 0.296991 0.0539063 0.0717593 
0 0.689974 0.0849537 0.0565104 0.0949074 
0 0.455078 0.412963 0.0398437 0.0675926 
0 0.163802 0.18287 0.0515625 0.0638889 
0 0.675781 0.516898 0.0416667 0.0912037 
0 0.861849 0.63588 0.0752604 0.0560185 
0 0.526953 0.130093 0.0507812 0.0759259 
0 0.847656 0.40787 0.0364583 0.0583333 
0 0.277995 0.644213 0.0460938 0.133796 
0 0.719141 0.681944 0.0434896 0.102778 
0 0.598698 0.181019 0.034375 0.0601852 
0 0.638672 0.4375 0.0419271 0.14537 
0 0.73724 0.576389 0.0291667 0.0907407 
0 0.292969 0.474769 0.0317708 0.0680556 
0 0.320703 0.374306 0.0440104 0.0625 
0 0.838932 0.319676 0.0341146 0.0763889 
0 0.49388 0.927083 0.0789063 0.0976852 
0 0.745573 0.316204 0.0447917 0.152778 
0 0.864193 0.780093 0.0601562 0.0657407 
0 0.354036 0.743056 0.0419271 0.0777778 
0 0.974089 0.560417 0.0346354 0.0606481 
0 0.0341146 0.878472 0.0614583 0.0791667 
0 0.367188 0.671759 0.0328125 0.0907407 
0 0.423828 0.908796 0.0507812 0.12037 
0 0.834505 0.0956018 0.105469 0.101389 
0 0.230078 0.188426 0.0419271 0.0731481 
