0 0.838802 0.399306 0.0645833 0.256944 
0 0.788542 0.571528 0.0411458 0.0930556 
0 0.959505 0.689352 0.0804688 0.153704 
0 0.236979 0.652778 0.0609375 0.142593 
0 0.129297 0.698843 0.0460938 0.169907 
0 0.792448 0.890741 0.05 0.147222 
0 0.138932 0.341435 0.0867188 0.169907 
0 0.95013 0.562037 0.0570313 0.211111 
0 0.507812 0.946991 0.0427083 0.099537 
0 0.269271 0.244676 0.0640625 0.0865741 
0 0.141797 0.951389 0.0580729 0.0907407 
0 0.467318 0.0872685 0.0492188 0.0726852 
0 0.414062 0.894213 0.0703125 0.173611 
0 0.153646 0.537731 0.08125 0.0819444 
0 0.511719 0.309028 0.0447917 0.0791667 
0 0.3 0.860648 0.0630208 0.0888889 
0 0.726562 0.799306 0.0708333 0.0736111 
0 0.0730469 0.405324 0.0497396 0.0837963 
0 0.732943 0.886343 0.0414063 0.125463 
0 0.797917 0.742593 0.0484375 0.0935185 
0 0.837891 0.771296 0.0450521 0.0851852 
0 0.338151 0.964352 0.0497396 0.0694444 
0 0.0485677 0.650694 0.0893229 0.164352 
0 0.327734 0.793056 0.0638021 0.0583333 
0 0.70013 0.682407 0.0809896 0.0851852 
