0 0.758203 0.0638889 0.0513021 0.123148 
0 0.530208 0.0462963 0.0723958 0.0805556 
0 0.65625 0.288426 0.0416667 0.155556 
0 0.927734 0.614583 0.0356771 0.0893519 
0 0.0632813 0.539815 0.05 0.134259 
0 0.299609 0.205093 0.0372396 0.128704 
0 0.823698 0.584722 0.0588542 0.102778 
0 0.853516 0.347222 0.0518229 0.164815 
0 0.782292 0.294676 0.0604167 0.0791667 
0 0.633724 0.0576389 0.0716146 0.109722 
0 0.274609 0.574537 0.0388021 0.12037 
0 0.346484 0.460185 0.0513021 0.0583333 
0 0.907682 0.0925926 0.0309896 0.147222 
0 0.963411 0.559028 0.0679687 0.0699074 
0 0.479297 0.336111 0.0507812 0.134259 
0 0.841276 0.193519 0.0445312 0.0675926 
0 0.316927 0.0641204 0.0359375 0.0893519 
0 0.0726563 0.352083 0.0817708 0.0634259 
0 0.523438 0.610185 0.0463542 0.0703704 
0 0.866667 0.111806 0.0453125 0.0986111 
0 0.135677 0.296065 0.0421875 0.0652778 
0 0.639583 0.119907 0.0369792 0.137037 
0 0.261719 0.428935 0.0484375 0.109722 
0 0.614714 0.321296 0.0367187 0.101852 
0 0.510677 0.186343 0.0828125 0.0625 
0 0.247266 0.240972 0.0674479 0.133796 
0 0.198437 0.768287 0.0463542 0.0689815 
0 0.135547 0.543519 0.0361979 0.062963 
0 0.126042 0.765741 0.0317708 0.0722222 
0 0.357161 0.772222 0.0372396 0.110185 
0 0.567839 0.293287 0.0377604 0.0782407 
0 0.357682 0.565278 0.0424479 0.0981481 
0 0.669401 0.689815 0.0429688 0.0648148 
0 0.339844 0.915046 0.0385417 0.0967593 
0 0.765625 0.922685 0.03125 0.0564815 
0 0.923828 0.833333 0.0544271 0.0787037 
0 0.727995 0.335417 0.0424479 0.118981 
0 0.811068 0.772454 0.0289063 0.0828704 
0 0.0361979 0.708333 0.053125 0.0925926 
0 0.721224 0.0300926 0.0226563 0.0601852 
0 0.544922 0.879861 0.0533854 0.0791667 
0 0.10638 0.827315 0.0372396 0.0898148 
0 0.734375 0.738657 0.0369792 0.099537 
0 0.393359 0.866204 0.0664062 0.0814815 
0 0.510286 0.958333 0.0830729 0.0833333 
0 0.522005 0.721759 0.0544271 0.0898148 
0 0.48138 0.478704 0.0429688 0.115741 
0 0.871094 0.680556 0.0364583 0.0944444 
0 0.958073 0.974769 0.028125 0.0486111 
0 0.558073 0.44537 0.0369792 0.107407 
0 0.458333 0.610648 0.0291667 0.110185 
0 0.0552083 0.113194 0.0572917 0.0930556 
0 0.696745 0.626157 0.0388021 0.109722 
