0 0.29362 0.383333 0.0513021 0.1 
0 0.626953 0.624074 0.0356771 0.0962963 
0 0.677734 0.074537 0.0434896 0.0805556 
0 0.441016 0.44838 0.0309896 0.0708333 
0 0.772005 0.59838 0.0445312 0.0763889 
0 0.060026 0.134954 0.0414063 0.135648 
0 0.0398437 0.6125 0.0442708 0.062963 
0 0.754818 0.137269 0.0539063 0.0652778 
0 0.718229 0.505093 0.0296875 0.0675926 
0 0.300781 0.20463 0.0567708 0.0555556 
0 0.881901 0.305093 0.0408854 0.0768519 
0 0.786719 0.680556 0.040625 0.075 
0 0.479036 0.0689815 0.0565104 0.0787037 
0 0.31888 0.0337963 0.0476562 0.0648148 
0 0.377474 0.792593 0.0372396 0.0944444 
0 0.708073 0.0824074 0.0317708 0.131481 
0 0.161719 0.51875 0.0359375 0.0652778 
0 0.843359 0.588426 0.0486979 0.0759259 
0 0.133854 0.38287 0.0348958 0.0611111 
0 0.226432 0.499074 0.0565104 0.0648148 
0 0.282161 0.518287 0.0367187 0.0689815 
0 0.698828 0.648148 0.0408854 0.0611111 
0 0.568359 0.282407 0.0257812 0.0555556 
0 0.943359 0.24537 0.0450521 0.0546296 
0 0.943359 0.546759 0.0544271 0.0574074 
0 0.457292 0.261343 0.0421875 0.0949074 
0 0.348047 0.671991 0.0497396 0.0560185 
0 0.695312 0.200231 0.028125 0.0884259 
0 0.234245 0.0229167 0.0414063 0.0449074 
0 0.383464 0.719676 0.0403646 0.0680556 
0 0.436979 0.0520833 0.0645833 0.0421296 
0 0.433854 0.159722 0.0640625 0.0722222 
0 0.890625 0.834259 0.065625 0.102778 
0 0.98125 0.480556 0.0375 0.0537037 
0 0.35013 0.896528 0.0455729 0.0606481 
0 0.850651 0.670139 0.0429688 0.0689815 
0 0.701563 0.436574 0.0390625 0.0638889 
