0 0.515104 0.345833 0.0416667 0.103704 
0 0.233073 0.0569444 0.0484375 0.101852 
0 0.367188 0.848611 0.05625 0.0833333 
0 0.509375 0.240509 0.0505208 0.0689815 
0 0.398958 0.299074 0.034375 0.0601852 
0 0.396484 0.0543981 0.0408854 0.099537 
0 0.640104 0.103935 0.0447917 0.0634259 
0 0.338411 0.427778 0.0341146 0.0601852 
0 0.833984 0.928704 0.0460938 0.0833333 
0 0.552734 0.144676 0.0533854 0.0875 
0 0.43776 0.230787 0.0432292 0.143056 
0 0.204167 0.2875 0.0359375 0.0787037 
0 0.966276 0.683565 0.0466146 0.050463 
0 0.68112 0.33125 0.0335938 0.0939815 
0 0.915625 0.507407 0.0395833 0.062037 
0 0.135807 0.919444 0.0351562 0.0648148 
0 0.117057 0.657176 0.0309896 0.0671296 
0 0.73138 0.243056 0.0575521 0.107407 
0 0.474089 0.0409722 0.0606771 0.0791667 
0 0.501042 0.0960648 0.0520833 0.1125 
0 0.368229 0.269444 0.0354167 0.0657407 
0 0.0459635 0.785185 0.0408854 0.0703704 
0 0.836458 0.179861 0.0317708 0.0717593 
