0 0.622005 0.171991 0.0981771 0.104167 
0 0.548307 0.797222 0.0710938 0.166667 
0 0.766146 0.35463 0.0598958 0.0925926 
0 0.191797 0.868056 0.0382813 0.0916667 
0 0.441146 0.0270833 0.0697917 0.0541667 
0 0.480208 0.225694 0.0578125 0.103241 
0 0.483594 0.503935 0.0776042 0.127315 
0 0.722656 0.774306 0.0375 0.0513889 
0 0.759245 0.670602 0.0257812 0.0699074 
0 0.325391 0.762037 0.0622396 0.0768519 
0 0.534115 0.44213 0.0333333 0.0527778 
0 0.167448 0.777778 0.0520833 0.110185 
0 0.0264323 0.552083 0.0424479 0.0532407 
0 0.158724 0.151852 0.0674479 0.0574074 
0 0.38737 0.930556 0.0585938 0.127778 
0 0.505339 0.909722 0.0575521 0.0722222 
0 0.345964 0.106481 0.0299479 0.062963 
0 0.629427 0.837731 0.0958333 0.123611 
0 0.173568 0.0717593 0.0341146 0.0592593 
0 0.0570313 0.486806 0.0432292 0.0912037 
0 0.397526 0.362731 0.0341146 0.139352 
0 0.577604 0.959954 0.110417 0.0800926 
0 0.483203 0.77338 0.0351562 0.123611 
0 0.712891 0.149306 0.0544271 0.0967593 
0 0.0321615 0.633565 0.0268229 0.106019 
0 0.383333 0.043287 0.0328125 0.075463 
0 0.262891 0.775231 0.0674479 0.0652778 
0 0.461198 0.574769 0.0479167 0.0541667 
0 0.358984 0.654861 0.0309896 0.0810185 
0 0.333203 0.567361 0.0372396 0.125463 
0 0.242969 0.188426 0.0401042 0.101852 
0 0.0546875 0.316204 0.065625 0.0768519 
0 0.107682 0.496296 0.0606771 0.0509259 
0 0.209635 0.448611 0.084375 0.062963 
0 0.189583 0.246528 0.0286458 0.0541667 
0 0.088151 0.673148 0.0393229 0.0666667 
0 0.0290365 0.419213 0.0236979 0.1125 
0 0.150391 0.952083 0.0377604 0.0606481 
0 0.17487 0.597222 0.0695312 0.0796296 
0 0.482031 0.630093 0.0369792 0.0907407 
0 0.135807 0.414352 0.0445312 0.109259 
0 0.276432 0.687037 0.0486979 0.0796296 
0 0.373568 0.13125 0.0388021 0.074537 
0 0.292188 0.814352 0.0260417 0.0574074 
0 0.45612 0.329167 0.0445312 0.0583333 
0 0.761198 0.106713 0.0489583 0.0680556 
0 0.177344 0.520833 0.0244792 0.062963 
0 0.10625 0.916667 0.0458333 0.0435185 
0 0.524349 0.0525463 0.0450521 0.0560185 
0 0.214714 0.018287 0.0466146 0.0365741 
0 0.274349 0.601157 0.0367187 0.0939815 
0 0.119401 0.594907 0.0580729 0.062037 
0 0.667057 0.965509 0.0570313 0.0689815 
