0 0.4875 0.308333 0.0432292 0.153704 
0 0.332943 0.242593 0.0627604 0.0574074 
0 0.276823 0.483102 0.0567708 0.0560185 
0 0.625391 0.740278 0.0476562 0.174074 
0 0.724089 0.595833 0.0950521 0.110185 
0 0.552344 0.503704 0.0765625 0.0537037 
0 0.304167 0.902083 0.0567708 0.0819444 
0 0.242578 0.620833 0.0455729 0.0518519 
0 0.229036 0.576389 0.0549479 0.0666667 
0 0.574219 0.441204 0.0552083 0.0666667 
0 0.660156 0.874537 0.0411458 0.0518519 
0 0.716276 0.82037 0.0320312 0.0685185 
0 0.420443 0.898611 0.0283854 0.124074 
0 0.473828 0.138657 0.0580729 0.0569444 
0 0.583073 0.293981 0.0317708 0.123148 
0 0.151693 0.258333 0.0403646 0.0638889 
0 0.261198 0.770139 0.034375 0.074537 
0 0.369141 0.911574 0.0679687 0.0481481 
0 0.248047 0.214583 0.0414063 0.0689815 
0 0.403516 0.173843 0.0768229 0.0893519 
0 0.0625 0.17662 0.0520833 0.0476852 
0 0.287109 0.0775463 0.0299479 0.0523148 
0 0.395573 0.849769 0.0296875 0.0384259 
0 0.169531 0.59537 0.0307292 0.0712963 
0 0.459505 0.86713 0.0565104 0.0490741 
0 0.545313 0.894213 0.0489583 0.099537 
0 0.218229 0.513889 0.0276042 0.0611111 
0 0.0166667 0.158796 0.0322917 0.0490741 
0 0.09375 0.373148 0.0307292 0.0546296 
0 0.201562 0.317361 0.0401042 0.0837963 
0 0.111849 0.83287 0.0419271 0.037037 
0 0.299609 0.170833 0.0440104 0.0648148 
0 0.0777344 0.940046 0.0299479 0.0736111 
0 0.109505 0.290972 0.0403646 0.0365741 
0 0.554688 0.132176 0.0494792 0.127315 
0 0.579036 0.0863426 0.0486979 0.0532407 
0 0.613672 0.130093 0.0658854 0.0685185 
0 0.0700521 0.6375 0.046875 0.0740741 
0 0.290365 0.740741 0.0411458 0.0537037 
0 0.182031 0.0354167 0.034375 0.0541667 
0 0.184766 0.810648 0.0747396 0.0509259 
0 0.688542 0.800231 0.0432292 0.114352 
0 0.582552 0.653241 0.0380208 0.0564815 
0 0.0234375 0.525463 0.0385417 0.0444444 
0 0.222526 0.90625 0.0476562 0.0486111 
0 0.348047 0.114815 0.0518229 0.037963 
0 0.508333 0.0703704 0.0729167 0.0685185 
0 0.166016 0.365278 0.0351562 0.0712963 
0 0.146875 0.388889 0.0161458 0.0712963 
0 0.338542 0.173843 0.0375 0.0476852 
0 0.358724 0.535648 0.0361979 0.0592593 
0 0.0746094 0.855093 0.0382813 0.0444444 
0 0.599219 0.61088 0.0536458 0.074537 
0 0.10638 0.485648 0.0294271 0.0842593 
0 0.418229 0.546759 0.0536458 0.0453704 
0 0.489714 0.787731 0.0388021 0.115278 
0 0.42474 0.0671296 0.0682292 0.0592593 
0 0.209896 0.983102 0.0401042 0.0337963 
0 0.511719 0.884028 0.03125 0.101389 
0 0.73737 0.953009 0.0596354 0.0773148 
0 0.256901 0.327546 0.0393229 0.103241 
0 0.295703 0.70625 0.0471354 0.0439815 
0 0.420443 0.366898 0.0195312 0.0810185 
0 0.428255 0.421065 0.0361979 0.0837963 
0 0.211068 0.343056 0.0294271 0.0564815 
0 0.47513 0.643056 0.0440104 0.0351852 
0 0.36263 0.306481 0.0325521 0.0444444 
