0 0.413542 0.154167 0.046875 0.169444 
0 0.485938 0.487037 0.0625 0.180556 
0 0.564453 0.144907 0.0429688 0.132407 
0 0.568359 0.228935 0.0986979 0.0699074 
0 0.655208 0.0993056 0.0515625 0.106944 
0 0.0410156 0.0456019 0.0403646 0.0912037 
0 0.60599 0.313426 0.0973958 0.0777778 
0 0.462891 0.300231 0.0476562 0.0921296 
0 0.140625 0.519676 0.065625 0.121759 
0 0.902865 0.327083 0.0416667 0.0930556 
0 0.58099 0.651157 0.06875 0.0921296 
0 0.439323 0.507407 0.0328125 0.10463 
0 0.382552 0.343287 0.0890625 0.0634259 
0 0.217448 0.324537 0.0333333 0.10463 
0 0.267839 0.461806 0.0346354 0.106944 
0 0.969661 0.487269 0.0497396 0.110648 
0 0.809505 0.206019 0.0575521 0.0944444 
0 0.380599 0.477778 0.0320312 0.0675926 
0 0.711979 0.232639 0.0416667 0.104167 
0 0.299219 0.569444 0.0390625 0.126852 
0 0.0858073 0.650231 0.0466146 0.135648 
0 0.197526 0.92963 0.0580729 0.134259 
0 0.20026 0.396759 0.0791667 0.0703704 
0 0.608854 0.558102 0.0463542 0.0856481 
0 0.710417 0.442824 0.0723958 0.0736111 
0 0.355729 0.17963 0.075 0.119444 
0 0.649479 0.658333 0.0546875 0.0712963 
0 0.651823 0.243287 0.0416667 0.0634259 
0 0.309115 0.373843 0.0369792 0.1125 
0 0.771484 0.246759 0.0549479 0.0712963 
0 0.494531 0.703472 0.0322917 0.102315 
0 0.0859375 0.767361 0.0588542 0.144907 
0 0.788542 0.519907 0.0427083 0.0944444 
0 0.964844 0.96875 0.0479167 0.0560185 
0 0.127734 0.800926 0.0507812 0.0703704 
0 0.698698 0.586806 0.0421875 0.0467593 
0 0.43099 0.701389 0.0416667 0.0925926 
0 0.979948 0.911343 0.0375 0.140278 
0 0.139583 0.433102 0.0338542 0.104167 
0 0.82474 0.280324 0.0864583 0.105093 
0 0.847135 0.934722 0.0375 0.0583333 
0 0.972656 0.0696759 0.0536458 0.0652778 
