0 0.429036 0.953935 0.0377604 0.050463 
0 0.601562 0.462731 0.0609375 0.105093 
0 0.655208 0.661343 0.0401042 0.0541667 
0 0.389714 0.0449074 0.0606771 0.0898148 
0 0.644531 0.237037 0.0484375 0.0453704 
0 0.745182 0.697222 0.0367187 0.143519 
0 0.806641 0.690509 0.0372396 0.0560185 
0 0.542969 0.949769 0.0630208 0.0791667 
0 0.175391 0.259028 0.0653646 0.0597222 
0 0.748438 0.942593 0.034375 0.108333 
0 0.803255 0.226389 0.0226563 0.0592593 
0 0.673307 0.456019 0.0445312 0.0953704 
0 0.695703 0.271296 0.0513021 0.0611111 
0 0.502995 0.03125 0.0507812 0.049537 
0 0.419661 0.84375 0.0580729 0.101389 
0 0.659635 0.865046 0.0442708 0.0615741 
0 0.128646 0.961806 0.0338542 0.0708333 
0 0.485286 0.913194 0.0533854 0.116204 
0 0.0885417 0.119444 0.0416667 0.0518519 
0 0.323438 0.0571759 0.071875 0.0606481 
0 0.472135 0.559954 0.0489583 0.0643518 
0 0.577604 0.157639 0.0536458 0.0467593 
0 0.744661 0.235417 0.0440104 0.0328704 
0 0.247656 0.791204 0.05 0.0555556 
0 0.604557 0.0331019 0.0320312 0.0662037 
0 0.529688 0.15162 0.0541667 0.154167 
0 0.614714 0.793287 0.0632813 0.0560185 
0 0.720182 0.326157 0.0393229 0.0449074 
0 0.616146 0.276852 0.0760417 0.0675926 
0 0.219141 0.261111 0.0294271 0.05 
0 0.674219 0.577778 0.0317708 0.087037 
0 0.876953 0.316435 0.0278646 0.0532407 
0 0.0907552 0.797222 0.0445312 0.0555556 
0 0.149609 0.389583 0.0335938 0.0736111 
0 0.520964 0.421528 0.0330729 0.0699074 
0 0.787109 0.335185 0.0294271 0.0574074 
0 0.738672 0.290278 0.0315104 0.0398148 
0 0.338151 0.96713 0.0533854 0.0601852 
0 0.178385 0.680556 0.0442708 0.0990741 
0 0.459375 0.0259259 0.0286458 0.0453704 
0 0.408203 0.788194 0.0320312 0.0560185 
0 0.191667 0.970602 0.0432292 0.0569444 
0 0.0639323 0.620139 0.0299479 0.0541667 
0 0.0222656 0.62338 0.0257812 0.0689815 
0 0.0575521 0.0266204 0.0619792 0.0532407 
0 0.219401 0.60463 0.0549479 0.0416667 
0 0.309766 0.565972 0.0372396 0.0402778 
0 0.086849 0.895139 0.0513021 0.0652778 
0 0.0755208 0.294676 0.046875 0.0856481 
0 0.0886719 0.603472 0.0356771 0.0810185 
0 0.0121094 0.762963 0.0205729 0.062037 
0 0.136979 0.0546296 0.0328125 0.0638889 
0 0.583464 0.552083 0.0606771 0.0550926 
0 0.61237 0.209954 0.0335938 0.074537 
0 0.258464 0.980324 0.0513021 0.0393519 
0 0.416016 0.256713 0.0268229 0.0578704 
0 0.696745 0.485648 0.0585938 0.0648148 
0 0.856901 0.494907 0.0367187 0.0407407 
0 0.198437 0.842361 0.03125 0.0486111 
0 0.545833 0.506944 0.0526042 0.0861111 
0 0.367969 0.572454 0.0333333 0.0828704 
0 0.2875 0.232176 0.0546875 0.0949074 
0 0.353776 0.313889 0.0403646 0.087963 
0 0.884766 0.544907 0.0341146 0.0462963 
0 0.462891 0.983565 0.0507812 0.0328704 
0 0.860417 0.782176 0.0317708 0.0467593 
0 0.104167 0.300231 0.0322917 0.0865741 
0 0.0691406 0.673611 0.0372396 0.0527778 
0 0.932161 0.542593 0.0299479 0.0462963 
0 0.376042 0.3625 0.0447917 0.0425926 
