0 0.648958 0.157407 0.0822917 0.12037 
0 0.915495 0.428704 0.0382813 0.102778 
0 0.165755 0.0888889 0.0565104 0.0916667 
0 0.344922 0.171065 0.0664062 0.0800926 
0 0.898958 0.0337963 0.0640625 0.0648148 
0 0.621615 0.102546 0.0453125 0.0578704 
0 0.277214 0.638889 0.0382813 0.0768519 
0 0.0554687 0.286111 0.059375 0.153704 
0 0.696745 0.0342593 0.0476562 0.0685185 
0 0.558203 0.0916667 0.0825521 0.0685185 
0 0.33776 0.836574 0.0463542 0.100926 
0 0.705599 0.552546 0.0440104 0.0643518 
0 0.916016 0.874537 0.0841146 0.0685185 
0 0.239323 0.113657 0.0390625 0.106019 
0 0.222396 0.237963 0.0302083 0.138889 
0 0.0885417 0.918287 0.0505208 0.0652778 
0 0.764063 0.110185 0.0541667 0.0592593 
0 0.239974 0.0384259 0.0445312 0.0768519 
0 0.0889323 0.674074 0.0518229 0.0796296 
0 0.685938 0.909028 0.0640625 0.0736111 
0 0.248047 0.56412 0.0606771 0.0875 
0 0.888151 0.358796 0.0679687 0.0574074 
0 0.205859 0.373843 0.0341146 0.120833 
0 0.595703 0.363194 0.0513021 0.0550926 
0 0.245182 0.799074 0.0393229 0.0675926 
0 0.44375 0.83287 0.0682292 0.075 
0 0.814453 0.136111 0.0351562 0.0675926 
0 0.563021 0.692593 0.034375 0.075 
0 0.662109 0.780093 0.0309896 0.1 
0 0.964323 0.0326389 0.0630208 0.0634259 
0 0.821354 0.876852 0.0427083 0.087963 
0 0.386719 0.697454 0.0494792 0.074537 
0 0.299089 0.822454 0.0335938 0.139352 
0 0.726172 0.810185 0.0382813 0.0916667 
0 0.411198 0.42963 0.0333333 0.0907407 
0 0.258464 0.924537 0.0356771 0.132407 
0 0.436068 0.724074 0.0299479 0.103704 
0 0.696224 0.455556 0.0388021 0.137037 
0 0.179167 0.66412 0.05 0.100463 
0 0.841276 0.973611 0.0450521 0.0527778 
0 0.69388 0.162731 0.0804688 0.0652778 
0 0.655339 0.353472 0.0554687 0.0800926 
0 0.130599 0.78588 0.0507812 0.125463 
0 0.613281 0.772454 0.04375 0.0717593 
