0 0.727083 0.350463 0.05 0.0564815 
0 0.827604 0.208796 0.034375 0.162963 
0 0.696745 0.222685 0.0596354 0.0953704 
0 0.205078 0.737731 0.0440104 0.0569444 
0 0.802344 0.404398 0.0390625 0.145833 
0 0.728516 0.562037 0.0434896 0.0712963 
0 0.735807 0.210648 0.0539063 0.0740741 
0 0.440755 0.503472 0.0398437 0.131944 
0 0.416406 0.687963 0.0552083 0.062963 
0 0.725 0.963657 0.0583333 0.0699074 
0 0.257422 0.427546 0.0757812 0.0763889 
0 0.371354 0.73125 0.0536458 0.0615741 
0 0.963411 0.570139 0.0403646 0.0949074 
0 0.625 0.7625 0.0328125 0.118519 
0 0.757812 0.868056 0.0442708 0.148148 
