0 0.85599 0.559028 0.065625 0.190278 
0 0.726042 0.347685 0.0510417 0.125926 
0 0.276172 0.913889 0.0440104 0.0777778 
0 0.0388021 0.280324 0.0604167 0.130093 
0 0.196484 0.310185 0.0934896 0.0861111 
0 0.882812 0.946991 0.0432292 0.099537 
0 0.845703 0.420833 0.0585938 0.0796296 
0 0.358464 0.818056 0.0398437 0.119444 
0 0.566927 0.247454 0.0552083 0.156019 
0 0.966797 0.625 0.0622396 0.17963 
0 0.108203 0.375694 0.0434896 0.11713 
0 0.0832031 0.667361 0.0523437 0.110648 
0 0.503906 0.731944 0.046875 0.146296 
0 0.709505 0.961111 0.0497396 0.0759259 
0 0.939453 0.689815 0.0695312 0.0888889 
0 0.664583 0.627315 0.0979167 0.118519 
0 0.946875 0.525231 0.0739583 0.0736111 
0 0.125521 0.21875 0.0520833 0.0828704 
0 0.174479 0.90625 0.0255208 0.0930556 
0 0.507292 0.895833 0.059375 0.0888889 
0 0.609896 0.0608796 0.03125 0.0439815 
0 0.551693 0.750694 0.0627604 0.0921296 
