0 0.651823 0.0319444 0.0359375 0.062963 
0 0.607422 0.0606481 0.0424479 0.109259 
0 0.284896 0.209491 0.0317708 0.113426 
0 0.930208 0.516898 0.0557292 0.100463 
0 0.667969 0.172222 0.0385417 0.0648148 
0 0.623047 0.482639 0.0263021 0.0791667 
0 0.498177 0.595833 0.0546875 0.0972222 
0 0.827604 0.0287037 0.0552083 0.0527778 
0 0.421224 0.396065 0.0528646 0.0791667 
0 0.805599 0.224769 0.0299479 0.0421296 
0 0.409115 0.686343 0.0447917 0.0671296 
0 0.459245 0.0710648 0.0643229 0.050463 
0 0.523438 0.252546 0.046875 0.0921296 
0 0.190885 0.292593 0.0411458 0.102778 
0 0.826172 0.298148 0.0429688 0.0722222 
0 0.365625 0.388657 0.0296875 0.0986111 
0 0.682161 0.431019 0.0377604 0.0759259 
0 0.742188 0.0319444 0.0338542 0.0611111 
0 0.301693 0.562963 0.0382813 0.0703704 
0 0.75625 0.0986111 0.0385417 0.087037 
0 0.942448 0.352778 0.0442708 0.0722222 
0 0.815885 0.528241 0.04375 0.0898148 
0 0.888672 0.691667 0.0367187 0.0740741 
0 0.724219 0.770833 0.0604167 0.0740741 
0 0.458464 0.288194 0.0466146 0.0467593 
0 0.502474 0.210417 0.0289063 0.050463 
0 0.446745 0.231019 0.0544271 0.062037 
0 0.0889323 0.60162 0.0361979 0.0810185 
0 0.176953 0.376389 0.0393229 0.0694444 
0 0.175391 0.759954 0.0460938 0.0625 
0 0.832031 0.156481 0.0463542 0.0537037 
0 0.660547 0.591435 0.0361979 0.0763889 
0 0.876562 0.169444 0.0328125 0.0796296 
0 0.311979 0.474769 0.0291667 0.0560185 
0 0.479688 0.486806 0.04375 0.0458333 
