0 0.12474 0.587269 0.053125 0.0782407 
0 0.0300781 0.575463 0.0403646 0.0833333 
0 0.442187 0.757407 0.0458333 0.103704 
0 0.310807 0.702083 0.0471354 0.0726852 
0 0.237109 0.489583 0.0294271 0.0625 
0 0.869661 0.569907 0.0434896 0.102778 
0 0.633854 0.337731 0.0385417 0.0847222 
0 0.734766 0.276389 0.0570313 0.062963 
0 0.354167 0.499306 0.0458333 0.127315 
0 0.946354 0.242361 0.0645833 0.156019 
0 0.0247396 0.767361 0.0484375 0.0921296 
0 0.86224 0.245139 0.0625 0.0606481 
0 0.788542 0.431481 0.0369792 0.1 
0 0.594661 0.524074 0.0460938 0.0666667 
0 0.0359375 0.879398 0.0541667 0.0763889 
0 0.626042 0.400694 0.0390625 0.0578704 
0 0.499479 0.578472 0.0776042 0.0800926 
0 0.686458 0.635417 0.0385417 0.0837963 
0 0.420964 0.502315 0.0471354 0.0712963 
0 0.557682 0.784259 0.0393229 0.0833333 
0 0.122266 0.694213 0.0476562 0.0856481 
0 0.855469 0.634954 0.046875 0.0736111 
0 0.915104 0.930556 0.0458333 0.0777778 
0 0.915104 0.778935 0.0427083 0.131019 
0 0.355469 0.829167 0.028125 0.0833333 
0 0.742188 0.0340278 0.0421875 0.0625 
0 0.401823 0.358102 0.0453125 0.0699074 
0 0.969271 0.811343 0.05 0.0634259 
0 0.973568 0.612731 0.0466146 0.0652778 
0 0.44974 0.844676 0.0307292 0.104167 
0 0.536719 0.715278 0.0328125 0.0407407 
0 0.684635 0.403704 0.0546875 0.0564815 
0 0.521484 0.479167 0.0445312 0.0564815 
0 0.522005 0.894213 0.0580729 0.0921296 
