0 0.645052 0.702315 0.0380208 0.0574074 
0 0.673437 0.118056 0.0473958 0.138889 
0 0.352995 0.856713 0.0476562 0.0884259 
0 0.61276 0.619676 0.0328125 0.144907 
0 0.66849 0.249306 0.0416667 0.0532407 
0 0.751953 0.124769 0.0315104 0.136574 
0 0.414323 0.742361 0.0510417 0.075463 
0 0.739323 0.730324 0.0864583 0.0763889 
0 0.60599 0.153241 0.0822917 0.108333 
0 0.621094 0.522917 0.0302083 0.0578704 
0 0.748047 0.383796 0.0289063 0.0472222 
0 0.453906 0.133102 0.0494792 0.0578704 
0 0.655729 0.571991 0.0286458 0.0810185 
0 0.180078 0.433333 0.0492188 0.0611111 
0 0.635807 0.83588 0.0440104 0.0597222 
0 0.392057 0.465046 0.0492188 0.0671296 
0 0.291406 0.175694 0.0614583 0.0569444 
0 0.659635 0.475694 0.040625 0.050463 
0 0.534635 0.96875 0.0302083 0.0578704 
0 0.468099 0.353472 0.0434896 0.0486111 
0 0.691797 0.847454 0.0466146 0.0921296 
0 0.519531 0.239815 0.0713542 0.0601852 
0 0.513672 0.297917 0.0648438 0.0560185 
0 0.582031 0.373148 0.0463542 0.0416667 
0 0.452214 0.675463 0.0283854 0.0981481 
0 0.669922 0.697454 0.0299479 0.0523148 
0 0.521484 0.050463 0.0419271 0.0638889 
0 0.629818 0.0335648 0.0742188 0.0671296 
0 0.286328 0.872917 0.0434896 0.0828704 
0 0.307422 0.711343 0.0382813 0.0847222 
0 0.729948 0.21713 0.0395833 0.112963 
0 0.474609 0.486111 0.0346354 0.118519 
0 0.140755 0.312963 0.0377604 0.0388889 
0 0.224089 0.52037 0.0434896 0.0509259 
0 0.542969 0.417361 0.046875 0.0828704 
0 0.402604 0.227778 0.025 0.0777778 
0 0.0283854 0.434954 0.0390625 0.0671296 
0 0.602995 0.0782407 0.0596354 0.0685185 
0 0.504948 0.526157 0.0484375 0.0699074 
0 0.745703 0.660417 0.0575521 0.0921296 
0 0.874479 0.0520833 0.0489583 0.0662037 
0 0.678255 0.786574 0.0372396 0.0666667 
0 0.447266 0.523843 0.0309896 0.100463 
0 0.354688 0.189815 0.0390625 0.0611111 
0 0.586979 0.689352 0.0411458 0.0435185 
0 0.31875 0.895833 0.0380208 0.062037 
0 0.29388 0.449306 0.0356771 0.0523148 
0 0.367188 0.631944 0.0640625 0.0555556 
0 0.328906 0.565972 0.0380208 0.0523148 
0 0.152734 0.492593 0.0252604 0.0611111 
0 0.550781 0.709722 0.028125 0.0574074 
0 0.338151 0.976389 0.0299479 0.0407407 
