0 0.816927 0.06875 0.0645833 0.127315 
0 0.746094 0.0907407 0.0411458 0.118519 
0 0.653906 0.125463 0.0505208 0.115741 
0 0.539062 0.54213 0.0458333 0.0962963 
0 0.166927 0.515278 0.0432292 0.0435185 
0 0.644922 0.607639 0.0648438 0.0736111 
0 0.366406 0.480093 0.0484375 0.0777778 
0 0.198698 0.741204 0.0411458 0.0962963 
0 0.654297 0.37963 0.0309896 0.0481481 
0 0.230469 0.228704 0.0447917 0.05 
0 0.295703 0.940972 0.0330729 0.0763889 
0 0.184505 0.624768 0.0263021 0.0865741 
0 0.308594 0.67963 0.0317708 0.0444444 
0 0.121875 0.963657 0.046875 0.0615741 
0 0.477734 0.283796 0.0377604 0.0731481 
0 0.527865 0.672685 0.0286458 0.0648148 
0 0.864193 0.408333 0.0705729 0.0703704 
0 0.596745 0.541667 0.0309896 0.149074 
0 0.187109 0.327083 0.0325521 0.0662037 
0 0.281641 0.566435 0.0570313 0.0541667 
0 0.15612 0.677546 0.0320312 0.0717593 
0 0.0518229 0.166898 0.0369792 0.0421296 
0 0.746484 0.84375 0.0341146 0.104167 
0 0.567839 0.670139 0.0382813 0.0662037 
0 0.0567708 0.764815 0.0380208 0.0407407 
0 0.548828 0.794213 0.0716146 0.0680556 
0 0.572266 0.466898 0.0632813 0.049537 
0 0.321094 0.409722 0.0296875 0.0898148 
0 0.526823 0.11713 0.0302083 0.0953704 
0 0.427995 0.833102 0.0273438 0.0560185 
0 0.0355469 0.321528 0.0325521 0.0523148 
0 0.0666667 0.559954 0.0453125 0.0402778 
0 0.24375 0.431019 0.0364583 0.037037 
0 0.508854 0.359722 0.0421875 0.0481481 
0 0.107552 0.385648 0.0354167 0.062037 
0 0.06875 0.833796 0.0375 0.0527778 
0 0.109375 0.809491 0.0270833 0.0652778 
0 0.383333 0.273611 0.0677083 0.0462963 
0 0.67474 0.696991 0.0546875 0.0513889 
0 0.103646 0.0210648 0.0567708 0.0412037 
0 0.0947917 0.611111 0.05625 0.0444444 
0 0.300521 0.062037 0.0260417 0.062963 
0 0.380599 0.543519 0.0611979 0.0435185 
0 0.472135 0.740972 0.0395833 0.115278 
0 0.940365 0.808102 0.0328125 0.0560185 
0 0.698177 0.0175926 0.0838542 0.0351852 
0 0.479557 0.434028 0.0408854 0.0578704 
0 0.803776 0.153241 0.0330729 0.0518519 
0 0.166797 0.763889 0.0221354 0.0759259 
0 0.583984 0.328009 0.0695312 0.0578704 
0 0.597266 0.0145833 0.0247396 0.0291667 
0 0.229297 0.362731 0.0242187 0.0532407 
0 0.021875 0.0409722 0.0411458 0.0421296 
0 0.220964 0.0946759 0.0335938 0.103241 
