0 0.684505 0.420602 0.0679687 0.134722 
0 0.0970052 0.369444 0.0554687 0.135185 
0 0.736719 0.552546 0.0536458 0.136574 
0 0.213542 0.0462963 0.05625 0.0925926 
0 0.978906 0.0893519 0.0395833 0.155556 
0 0.251953 0.155093 0.0710938 0.0648148 
0 0.129818 0.104861 0.0388021 0.0726852 
0 0.323438 0.548611 0.0651042 0.108333 
0 0.922396 0.208796 0.0338542 0.15463 
0 0.530208 0.45 0.075 0.121296 
0 0.66263 0.301157 0.0700521 0.0773148 
0 0.551823 0.615046 0.053125 0.099537 
0 0.0636719 0.840278 0.0617188 0.0601852 
0 0.236198 0.671991 0.0526042 0.074537 
0 0.86276 0.514583 0.0364583 0.0625 
0 0.613281 0.813426 0.0463542 0.0861111 
0 0.27513 0.940972 0.0528646 0.106019 
0 0.322786 0.34838 0.0325521 0.0634259 
0 0.989714 0.543056 0.0174479 0.125926 
0 0.0371094 0.764815 0.0419271 0.0842593 
0 0.488542 0.912269 0.0442708 0.124537 
0 0.91888 0.843056 0.0742188 0.0648148 
0 0.783073 0.748611 0.03125 0.100926 
0 0.979948 0.369907 0.0369792 0.173148 
0 0.431901 0.403472 0.0346354 0.114352 
0 0.354948 0.471759 0.0651042 0.0638889 
0 0.158073 0.667824 0.0567708 0.0671296 
0 0.0375 0.661111 0.0489583 0.0768519 
0 0.392839 0.93588 0.0466146 0.0865741 
0 0.57474 0.878472 0.0359375 0.0912037 
0 0.851042 0.929861 0.0635417 0.124537 
0 0.138021 0.731019 0.034375 0.105556 
0 0.0897135 0.661343 0.0622396 0.0643518 
0 0.354557 0.395833 0.0731771 0.0601852 
0 0.2125 0.247685 0.03125 0.101852 
0 0.505339 0.1125 0.0507812 0.0666667 
0 0.377214 0.296065 0.0403646 0.0810185 
0 0.309115 0.845139 0.05625 0.0569444 
0 0.243359 0.781482 0.0752604 0.0787037 
