0 0.381771 0.855093 0.0666667 0.148148 
0 0.442448 0.235648 0.0677083 0.102778 
0 0.362109 0.64375 0.0549479 0.153241 
0 0.0542969 0.288657 0.10651 0.118981 
0 0.678776 0.895833 0.0434896 0.146296 
0 0.758333 0.363194 0.078125 0.125463 
0 0.18099 0.653704 0.0609375 0.15463 
0 0.434766 0.765278 0.0419271 0.0888889 
0 0.25612 0.559028 0.0533854 0.0930556 
0 0.883333 0.708333 0.0958333 0.087963 
0 0.820833 0.474769 0.0697917 0.119907 
0 0.0851562 0.664583 0.0317708 0.121759 
0 0.135417 0.47963 0.0244792 0.0842593 
0 0.884375 0.0453704 0.05625 0.0638889 
0 0.635807 0.449074 0.0382813 0.0740741 
0 0.470182 0.572917 0.0486979 0.0625 
0 0.82474 0.323843 0.0552083 0.115278 
0 0.919531 0.149537 0.0536458 0.0694444 
0 0.329818 0.504861 0.0466146 0.118056 
0 0.0373698 0.837731 0.0721354 0.115278 
0 0.870052 0.161806 0.0458333 0.172685 
0 0.203385 0.495139 0.040625 0.141204 
0 0.739714 0.290278 0.0544271 0.0555556 
0 0.449219 0.125694 0.0260417 0.0643518 
0 0.8125 0.934028 0.0390625 0.118981 
0 0.420443 0.506944 0.0664062 0.151852 
0 0.625911 0.302315 0.0632813 0.156481 
0 0.757812 0.703241 0.0416667 0.0574074 
0 0.716797 0.761574 0.0565104 0.102778 
0 0.980729 0.952083 0.0385417 0.0949074 
0 0.713932 0.96875 0.0669271 0.0625 
0 0.16888 0.410185 0.0627604 0.0694444 
0 0.767057 0.560417 0.0403646 0.0819444 
0 0.472266 0.44838 0.0570313 0.0912037 
0 0.814974 0.194444 0.0690104 0.107407 
0 0.850651 0.541204 0.0898438 0.1 
0 0.107161 0.925231 0.0341146 0.111574 
0 0.799219 0.612963 0.03125 0.109259 
0 0.682031 0.756019 0.0427083 0.108333 
0 0.0272135 0.600463 0.0539063 0.162963 
0 0.95026 0.388194 0.0822917 0.0837963 
0 0.366927 0.483796 0.0458333 0.0731481 
0 0.914583 0.497917 0.05625 0.103241 
0 0.275391 0.425463 0.0627604 0.125 
0 0.449219 0.385648 0.06875 0.14537 
0 0.286198 0.181019 0.0416667 0.100926 
0 0.111979 0.421991 0.0572917 0.0578704 
