0 0.549219 0.236343 0.0411458 0.0986111 
0 0.982813 0.676157 0.034375 0.0625 
0 0.215625 0.35787 0.0401042 0.0703704 
0 0.91849 0.602083 0.0260417 0.0708333 
0 0.853125 0.483796 0.065625 0.0518519 
0 0.878516 0.55 0.0424479 0.0814815 
0 0.488542 0.644907 0.034375 0.0731481 
0 0.724089 0.604167 0.0632813 0.0694444 
0 0.882812 0.816898 0.0411458 0.0800926 
0 0.973047 0.514815 0.0440104 0.0805556 
0 0.70026 0.514815 0.0421875 0.0675926 
0 0.527344 0.481713 0.0463542 0.0680556 
0 0.466536 0.471296 0.0497396 0.0703704 
0 0.610286 0.633102 0.0294271 0.0773148 
0 0.974089 0.336343 0.0335938 0.0773148 
0 0.907682 0.516667 0.0388021 0.0592593 
0 0.817318 0.695833 0.0341146 0.0768519 
0 0.861719 0.701389 0.0411458 0.0861111 
0 0.314714 0.548148 0.0414063 0.0583333 
0 0.648958 0.509028 0.0489583 0.0828704 
