0 0.241016 0.549074 0.0544271 0.100926 
0 0.620052 0.3375 0.0458333 0.124074 
0 0.495052 0.446528 0.0552083 0.119907 
0 0.961328 0.707639 0.0742188 0.0875 
0 0.970182 0.545602 0.0361979 0.0902778 
0 0.979948 0.618056 0.0359375 0.0574074 
0 0.670443 0.125926 0.0830729 0.0824074 
0 0.665495 0.474306 0.0424479 0.106019 
0 0.276563 0.625926 0.0395833 0.123148 
0 0.0842448 0.528704 0.0690104 0.0935185 
0 0.774479 0.478704 0.0619792 0.062963 
0 0.153516 0.509954 0.0393229 0.110648 
0 0.568359 0.187963 0.0742188 0.0981481 
0 0.419141 0.644213 0.0539063 0.0912037 
0 0.604948 0.475694 0.0385417 0.101389 
0 0.66849 0.574537 0.0453125 0.0972222 
0 0.76263 0.591204 0.0669271 0.0666667 
0 0.533724 0.503935 0.0565104 0.133796 
0 0.588802 0.399306 0.034375 0.114352 
0 0.670443 0.841667 0.0507812 0.0925926 
0 0.905339 0.525463 0.0580729 0.124074 
0 0.602995 0.93912 0.0507812 0.103241 
0 0.58099 0.642824 0.0473958 0.0773148 
0 0.525391 0.350694 0.0330729 0.0967593 
0 0.895052 0.411111 0.0390625 0.0777778 
0 0.665104 0.400694 0.0260417 0.109722 
0 0.721094 0.40625 0.0515625 0.1375 
0 0.959505 0.425463 0.0278646 0.109259 
0 0.790495 0.807639 0.0486979 0.0717593 
0 0.204167 0.587731 0.0447917 0.19213 
0 0.54388 0.921065 0.0361979 0.0662037 
0 0.231771 0.660185 0.046875 0.0861111 
0 0.0822917 0.864583 0.0421875 0.0819444 
0 0.457031 0.564352 0.05 0.0694444 
0 0.705469 0.430093 0.0447917 0.112037 
0 0.602474 0.739583 0.0330729 0.118056 
0 0.715234 0.765278 0.0565104 0.0740741 
0 0.86224 0.70787 0.0328125 0.121296 
0 0.625911 0.759491 0.0424479 0.139352 
