0 0.91888 0.5625 0.0710938 0.141667 
0 0.801823 0.70787 0.107813 0.115741 
0 0.14401 0.659259 0.0526042 0.133333 
0 0.882292 0.955093 0.0911458 0.0898148 
0 0.071875 0.948611 0.0604167 0.1 
0 0.39401 0.721759 0.0578125 0.110185 
0 0.577214 0.67963 0.0648438 0.0805556 
0 0.0440104 0.706713 0.0447917 0.156944 
0 0.652344 0.415278 0.0567708 0.194444 
0 0.813932 0.9375 0.0414063 0.0638889 
0 0.766667 0.575926 0.046875 0.224074 
0 0.304167 0.870833 0.05625 0.15 
0 0.174349 0.28287 0.0773437 0.106481 
0 0.463542 0.820139 0.0453125 0.120833 
0 0.21276 0.858102 0.053125 0.0902778 
0 0.423828 0.944444 0.0309896 0.105556 
0 0.0419271 0.375926 0.0791667 0.175 
0 0.0106771 0.953241 0.0213542 0.0935185 
