0 0.748958 0.296296 0.05 0.137037 
0 0.852083 0.0622685 0.0515625 0.118056 
0 0.681641 0.640741 0.0377604 0.0638889 
0 0.69974 0.43125 0.0645833 0.0634259 
0 0.642057 0.34537 0.0377604 0.111111 
0 0.435677 0.300926 0.0473958 0.0666667 
0 0.571224 0.115972 0.0445312 0.0625 
0 0.506771 0.265972 0.0322917 0.118981 
0 0.167187 0.407176 0.05625 0.143056 
0 0.975 0.325 0.0447917 0.0796296 
0 0.854036 0.673611 0.0398437 0.0759259 
0 0.794401 0.292361 0.0335938 0.0875 
0 0.240755 0.223611 0.0601562 0.1 
0 0.968229 0.653472 0.0526042 0.0810185 
0 0.109505 0.451852 0.0549479 0.0638889 
0 0.863802 0.400694 0.0479167 0.0902778 
0 0.923828 0.743519 0.0325521 0.0685185 
0 0.955078 0.09375 0.0669271 0.0967593 
0 0.802734 0.753935 0.0460938 0.0699074 
0 0.430599 0.180093 0.0570313 0.0768519 
0 0.296484 0.319444 0.0669271 0.0916667 
0 0.26237 0.530093 0.0513021 0.0657407 
0 0.360286 0.197454 0.0388021 0.0949074 
0 0.880859 0.675926 0.0320312 0.102778 
0 0.91849 0.444213 0.0364583 0.100463 
0 0.628385 0.709722 0.0328125 0.0666667 
0 0.865755 0.86412 0.0408854 0.0680556 
0 0.429427 0.715741 0.0458333 0.0574074 
0 0.892057 0.795602 0.0445312 0.0689815 
0 0.713932 0.251157 0.0283854 0.0587963 
0 0.48138 0.903472 0.0283854 0.0791667 
0 0.636719 0.865509 0.0442708 0.0560185 
0 0.479557 0.716667 0.0356771 0.0564815 
0 0.540495 0.0597222 0.0341146 0.0805556 
0 0.627865 0.024537 0.0421875 0.0490741 
0 0.563021 0.316898 0.0307292 0.0800926 
0 0.640104 0.953935 0.0395833 0.0689815 
0 0.160677 0.538194 0.0380208 0.0560185 
0 0.596224 0.207639 0.0341146 0.120833 
0 0.0632813 0.375926 0.0557292 0.0611111 
0 0.834896 0.165741 0.0546875 0.0712963 
0 0.687891 0.764815 0.0304688 0.0694444 
0 0.358464 0.362037 0.0372396 0.0574074 
0 0.538021 0.924537 0.0505208 0.0574074 
0 0.113932 0.284722 0.0372396 0.0611111 
