0 0.875 0.565972 0.0416667 0.0921296 
0 0.695703 0.482639 0.0643229 0.0875 
0 0.970703 0.46875 0.0388021 0.116204 
0 0.893099 0.658796 0.0476562 0.0861111 
0 0.385547 0.514352 0.0393229 0.0833333 
0 0.145964 0.728704 0.0429688 0.0740741 
0 0.016276 0.679861 0.0289063 0.0902778 
0 0.221615 0.615046 0.0744792 0.104167 
0 0.59375 0.599306 0.0302083 0.0587963 
0 0.575651 0.396991 0.0440104 0.100463 
0 0.221484 0.713657 0.0315104 0.0680556 
0 0.953646 0.352546 0.0692708 0.102315 
0 0.86862 0.285185 0.0330729 0.0861111 
0 0.794922 0.886343 0.0549479 0.0930556 
0 0.347656 0.584954 0.0421875 0.0634259 
0 0.413151 0.834954 0.0497396 0.0578704 
0 0.66849 0.80162 0.0479167 0.0615741 
0 0.299609 0.800463 0.0658854 0.0583333 
0 0.363021 0.830324 0.0411458 0.0782407 
0 0.935026 0.517824 0.0372396 0.113426 
0 0.83737 0.682176 0.0278646 0.0689815 
0 0.594792 0.872454 0.0416667 0.050463 
0 0.783724 0.468056 0.0611979 0.12037 
0 0.724089 0.787731 0.0486979 0.0708333 
0 0.504427 0.960185 0.0494792 0.0703704 
0 0.301953 0.583333 0.0429688 0.0666667 
0 0.788672 0.0703704 0.0408854 0.0787037 
0 0.663542 0.613426 0.0348958 0.0833333 
0 0.375911 0.723611 0.0309896 0.111111 
0 0.507812 0.749306 0.0453125 0.106019 
0 0.766536 0.618981 0.0419271 0.0546296 
0 0.954036 0.618981 0.0367187 0.108333 
0 0.769531 0.792593 0.0432292 0.062963 
0 0.48737 0.43125 0.0330729 0.0939815 
0 0.815365 0.975 0.040625 0.05 
0 0.284245 0.92963 0.0523437 0.0638889 
0 0.979948 0.64213 0.0395833 0.0694444 
0 0.279818 0.481481 0.0419271 0.0796296 
0 0.60651 0.494907 0.0692708 0.0694444 
0 0.226042 0.552546 0.0416667 0.119907 
0 0.477604 0.52338 0.0505208 0.0884259 
