0 0.788542 0.837963 0.0671875 0.0935185 
0 0.853906 0.0844907 0.05625 0.136574 
0 0.796354 0.129861 0.0375 0.125463 
0 0.976172 0.242824 0.0476562 0.0634259 
0 0.690495 0.188889 0.0580729 0.0824074 
0 0.494141 0.884491 0.0367187 0.160648 
0 0.61276 0.216435 0.0401042 0.174537 
0 0.52487 0.759028 0.0580729 0.118056 
0 0.814453 0.237269 0.0830729 0.127315 
0 0.0757812 0.840741 0.0354167 0.139815 
0 0.927734 0.697454 0.0382813 0.153241 
0 0.682552 0.725694 0.0916667 0.0912037 
0 0.232161 0.461111 0.0653646 0.119444 
0 0.15013 0.53912 0.0414063 0.0976852 
0 0.688542 0.0715278 0.0307292 0.0606481 
0 0.619661 0.934028 0.0361979 0.11713 
0 0.95599 0.436111 0.075 0.0925926 
0 0.444271 0.484028 0.0390625 0.0541667 
0 0.0973958 0.93588 0.0369792 0.120833 
0 0.116536 0.6875 0.0565104 0.0805556 
0 0.641146 0.114583 0.0411458 0.0847222 
0 0.765104 0.407407 0.0942708 0.0722222 
0 0.252474 0.777778 0.0315104 0.0805556 
0 0.223307 0.28588 0.0690104 0.0976852 
0 0.677214 0.369213 0.0601562 0.0662037 
0 0.335938 0.119907 0.0354167 0.0722222 
0 0.569792 0.233565 0.0494792 0.0625 
0 0.0509115 0.440278 0.0518229 0.0592593 
0 0.878516 0.416435 0.0674479 0.103241 
0 0.0994792 0.491435 0.0671875 0.0634259 
0 0.0438802 0.59537 0.0507812 0.0685185 
0 0.633724 0.349074 0.0351562 0.101852 
0 0.450781 0.222685 0.0744792 0.0574074 
0 0.91901 0.171296 0.0484375 0.166667 
0 0.517969 0.403704 0.0515625 0.116667 
0 0.28737 0.592824 0.0476562 0.0634259 
0 0.216406 0.827315 0.053125 0.0657407 
0 0.686589 0.428009 0.0851562 0.0893519 
0 0.846745 0.939352 0.0804688 0.0796296 
0 0.852474 0.842593 0.0716146 0.0666667 
0 0.63138 0.566898 0.0960938 0.130093 
0 0.210547 0.538426 0.0851562 0.138889 
0 0.951172 0.784259 0.0960938 0.0583333 
