0 0.320964 0.468287 0.0674479 0.147685 
0 0.682682 0.361343 0.0585938 0.0939815 
0 0.361328 0.485648 0.0752604 0.124074 
0 0.771484 0.15787 0.125781 0.105556 
0 0.677734 0.902778 0.0471354 0.172222 
0 0.329036 0.267361 0.0455729 0.121759 
0 0.566016 0.618519 0.0841146 0.0648148 
0 0.213411 0.149074 0.0398437 0.0759259 
0 0.511719 0.130556 0.0583333 0.0842593 
0 0.51849 0.449306 0.0838542 0.0921296 
0 0.488281 0.678241 0.0348958 0.0925926 
0 0.499479 0.933102 0.0276042 0.0800926 
0 0.663672 0.062963 0.0726563 0.114815 
0 0.275391 0.0303241 0.0710938 0.0587963 
0 0.0338542 0.212269 0.0328125 0.0421296 
0 0.414583 0.387963 0.053125 0.102778 
0 0.705599 0.566898 0.0393229 0.0550926 
0 0.436719 0.227315 0.0432292 0.127778 
0 0.331771 0.350926 0.0536458 0.0675926 
0 0.408203 0.961806 0.0664062 0.0671296 
0 0.259245 0.355556 0.0382813 0.128704 
0 0.38099 0.635417 0.0411458 0.0773148 
0 0.140625 0.256944 0.0317708 0.0972222 
0 0.504818 0.327778 0.0539063 0.106481 
0 0.552214 0.273611 0.0533854 0.0694444 
0 0.544401 0.927778 0.0481771 0.133333 
0 0.288281 0.6875 0.0453125 0.112963 
0 0.3875 0.792361 0.0369792 0.0578704 
0 0.20625 0.578241 0.0723958 0.0990741 
0 0.26901 0.106481 0.0609375 0.062963 
0 0.192708 0.0877315 0.0177083 0.0671296 
0 0.14974 0.362963 0.0598958 0.0666667 
0 0.153906 0.547685 0.0458333 0.0925926 
0 0.439453 0.744907 0.0507812 0.0703704 
0 0.232292 0.41875 0.0463542 0.0726852 
0 0.404167 0.852778 0.03125 0.0694444 
0 0.0561198 0.44537 0.0726563 0.062037 
0 0.528776 0.873611 0.0304688 0.197222 
0 0.0158854 0.288426 0.0317708 0.0537037 
0 0.288151 0.897685 0.0429688 0.110185 
0 0.0158854 0.848611 0.0302083 0.0685185 
0 0.466927 0.068287 0.0796875 0.0800926 
0 0.252474 0.273148 0.0367187 0.0694444 
0 0.0891927 0.834028 0.0476562 0.0634259 
0 0.332812 0.831944 0.0234375 0.0657407 
0 0.110937 0.502083 0.0333333 0.0532407 
0 0.0572917 0.654167 0.0645833 0.0638889 
0 0.891016 0.704861 0.0367187 0.0597222 
