0 0.661589 0.383333 0.0591146 0.122222 
0 0.418359 0.217593 0.0398437 0.0611111 
0 0.651823 0.127315 0.05625 0.062037 
0 0.636719 0.043287 0.0364583 0.0717593 
0 0.708984 0.172222 0.0398437 0.127778 
0 0.541536 0.229167 0.0351562 0.10463 
0 0.14349 0.456481 0.0494792 0.0592593 
0 0.557682 0.600463 0.0544271 0.111111 
0 0.151562 0.832176 0.0411458 0.0560185 
0 0.714323 0.974306 0.0765625 0.0513889 
0 0.576693 0.735648 0.0388021 0.0759259 
0 0.217187 0.650463 0.03125 0.0675926 
0 0.632292 0.541435 0.0401042 0.0939815 
0 0.429167 0.465972 0.0291667 0.0791667 
0 0.61862 0.146065 0.0377604 0.127315 
0 0.51263 0.956481 0.0466146 0.0805556 
0 0.444271 0.530093 0.0432292 0.0907407 
0 0.598568 0.524769 0.0226563 0.0634259 
0 0.416016 0.845602 0.0393229 0.0893519 
0 0.51901 0.372917 0.0427083 0.0467593 
0 0.660156 0.930556 0.0421875 0.0777778 
0 0.27487 0.58125 0.0549479 0.0837963 
0 0.264453 0.459722 0.0429688 0.0416667 
0 0.413151 0.7 0.0434896 0.111111 
0 0.616667 0.276389 0.0453125 0.114815 
0 0.224609 0.955556 0.0356771 0.0574074 
0 0.660156 0.231713 0.04375 0.049537 
0 0.379036 0.177778 0.0356771 0.0453704 
0 0.100651 0.386343 0.0408854 0.0476852 
0 0.469661 0.281944 0.0341146 0.0777778 
0 0.69388 0.477546 0.0294271 0.0393519 
0 0.504948 0.253704 0.04375 0.0435185 
0 0.168099 0.0469907 0.0330729 0.0550926 
0 0.485156 0.0263889 0.0442708 0.0527778 
0 0.345964 0.417824 0.0476562 0.0486111 
0 0.701563 0.0976852 0.0421875 0.0694444 
0 0.648958 0.758333 0.0421875 0.0527778 
0 0.0515625 0.249074 0.0359375 0.0555556 
0 0.477995 0.753935 0.0539063 0.0458333 
0 0.0970052 0.256713 0.0283854 0.0458333 
0 0.235286 0.0291667 0.0351562 0.0546296 
0 0.21875 0.730787 0.0546875 0.0486111 
0 0.639193 0.329167 0.0492188 0.0527778 
0 0.569401 0.38588 0.0481771 0.0791667 
0 0.57474 0.624537 0.0291667 0.0648148 
0 0.323438 0.952083 0.059375 0.0606481 
0 0.101042 0.883333 0.0302083 0.0435185 
0 0.662109 0.457407 0.0361979 0.103704 
0 0.0584635 0.728472 0.0393229 0.0615741 
0 0.153516 0.38912 0.0528646 0.0449074 
0 0.350391 0.0259259 0.0414063 0.0462963 
0 0.363281 0.283565 0.0286458 0.0615741 
0 0.554167 0.814815 0.0369792 0.136111 
