0 0.0826823 0.488426 0.0643229 0.0888889 
0 0.388932 0.302546 0.0565104 0.123611 
0 0.836979 0.112269 0.0328125 0.0856481 
0 0.0373698 0.403472 0.0445312 0.0569444 
0 0.169401 0.492593 0.0507812 0.0861111 
0 0.138672 0.623148 0.0455729 0.0759259 
0 0.179688 0.596296 0.0432292 0.0722222 
0 0.656771 0.180556 0.0328125 0.0648148 
0 0.93112 0.232639 0.0658854 0.0912037 
0 0.0272135 0.496528 0.0544271 0.0726852 
0 0.563542 0.453472 0.0427083 0.0532407 
0 0.855078 0.424306 0.0440104 0.0615741 
0 0.184505 0.376852 0.0367187 0.0583333 
0 0.341797 0.365741 0.0419271 0.165741 
0 0.965885 0.517361 0.040625 0.0976852 
0 0.884766 0.620602 0.0408854 0.0652778 
0 0.441276 0.428009 0.0315104 0.0893519 
0 0.807682 0.334491 0.0981771 0.0699074 
0 0.410937 0.438194 0.0307292 0.126389 
0 0.877344 0.240509 0.0625 0.0523148 
0 0.205729 0.909722 0.0473958 0.0777778 
0 0.565365 0.511111 0.0588542 0.0472222 
0 0.258594 0.628241 0.0395833 0.111111 
0 0.923828 0.463889 0.0471354 0.0712963 
0 0.664583 0.0456019 0.0458333 0.0513889 
0 0.476823 0.563426 0.0494792 0.0564815 
0 0.112109 0.383565 0.0419271 0.0791667 
0 0.66888 0.461806 0.0497396 0.0458333 
0 0.709896 0.107639 0.0317708 0.0402778 
0 0.732943 0.555556 0.0466146 0.0574074 
0 0.678646 0.386343 0.0322917 0.0671296 
0 0.283464 0.430093 0.0528646 0.0740741 
0 0.86237 0.962731 0.0507812 0.0699074 
0 0.427734 0.601157 0.0330729 0.0782407 
0 0.564453 0.300694 0.0247396 0.0819444 
0 0.936458 0.148611 0.0427083 0.0546296 
0 0.320573 0.190972 0.0526042 0.0458333 
0 0.826172 0.691435 0.0466146 0.0486111 
0 0.761198 0.479167 0.0619792 0.0490741 
0 0.761198 0.669676 0.0526042 0.0680556 
