0 0.333203 0.0384259 0.0346354 0.0768519 
0 0.386458 0.226852 0.0364583 0.0611111 
0 0.25 0.0701389 0.0515625 0.0810185 
0 0.0820312 0.101852 0.0432292 0.0685185 
0 0.705599 0.292361 0.0393229 0.108796 
0 0.0911458 0.187269 0.0395833 0.0837963 
0 0.667448 0.222917 0.028125 0.105093 
0 0.975651 0.478241 0.0429688 0.0842593 
0 0.849609 0.340278 0.0518229 0.101852 
0 0.483333 0.526389 0.0364583 0.0685185 
0 0.763151 0.0594907 0.0351562 0.074537 
0 0.805729 0.15625 0.0395833 0.075463 
0 0.801302 0.7125 0.0578125 0.0935185 
0 0.3875 0.146528 0.0390625 0.0662037 
0 0.915495 0.351852 0.0393229 0.0907407 
0 0.870573 0.479167 0.028125 0.0990741 
0 0.83099 0.790278 0.0369792 0.0601852 
0 0.488021 0.340046 0.05 0.0671296 
0 0.294661 0.22338 0.0393229 0.0847222 
0 0.0583333 0.292824 0.0208333 0.0782407 
0 0.861849 0.732176 0.0289063 0.0689815 
0 0.22487 0.262269 0.0403646 0.0717593 
0 0.948828 0.330787 0.0440104 0.0550926 
0 0.765625 0.455787 0.0338542 0.0939815 
0 0.0143229 0.418287 0.0260417 0.0532407 
0 0.640234 0.660185 0.0424479 0.0592593 
0 0.0191406 0.296528 0.0372396 0.0726852 
0 0.10013 0.902778 0.0486979 0.0712963 
0 0.635807 0.425926 0.0325521 0.0416667 
0 0.724609 0.0460648 0.0419271 0.0523148 
0 0.583073 0.172454 0.0328125 0.124537 
0 0.571224 0.533565 0.0388021 0.0800926 
0 0.0527344 0.525231 0.0502604 0.0717593 
0 0.188802 0.583333 0.0369792 0.0712963 
0 0.988281 0.336111 0.0208333 0.100926 
0 0.203255 0.780556 0.0398437 0.0740741 
0 0.245182 0.546065 0.0492188 0.0726852 
0 0.394531 0.452778 0.0338542 0.0814815 
0 0.103516 0.589352 0.0283854 0.0722222 
0 0.0561198 0.617593 0.0476562 0.0638889 
0 0.585026 0.64537 0.0289063 0.0555556 
