0 0.176172 0.748611 0.0596354 0.148148 
0 0.574219 0.950926 0.0567708 0.0981481 
0 0.944271 0.669213 0.0578125 0.116204 
0 0.622526 0.376157 0.0466146 0.0837963 
0 0.597135 0.64537 0.0640625 0.111111 
0 0.222656 0.616898 0.0630208 0.0939815 
0 0.789062 0.55463 0.0880208 0.0574074 
0 0.416536 0.63588 0.0653646 0.0606481 
0 0.463411 0.847685 0.0325521 0.109259 
0 0.0713542 0.506944 0.0661458 0.0731481 
0 0.275391 0.662269 0.0346354 0.147685 
0 0.386719 0.896759 0.0401042 0.108333 
0 0.888672 0.215509 0.0539063 0.110648 
0 0.661068 0.26875 0.0289063 0.125463 
0 0.11875 0.401157 0.0489583 0.0615741 
0 0.163151 0.235417 0.0299479 0.110648 
0 0.215625 0.322454 0.0494792 0.105093 
0 0.759766 0.381944 0.0325521 0.10463 
0 0.664583 0.472222 0.0583333 0.112037 
0 0.195052 0.500926 0.0630208 0.0685185 
0 0.967708 0.764352 0.0619792 0.0648148 
0 0.433073 0.922685 0.0395833 0.0657407 
0 0.826172 0.312269 0.0377604 0.0902778 
0 0.915104 0.354167 0.0541667 0.0712963 
0 0.523438 0.740509 0.0666667 0.0912037 
