0 0.688932 0.693287 0.0690104 0.102315 
0 0.829687 0.180556 0.111979 0.10463 
0 0.476693 0.125926 0.0992187 0.0638889 
0 0.570703 0.788194 0.0950521 0.0986111 
0 0.49362 0.450926 0.0388021 0.167593 
0 0.723177 0.0532407 0.053125 0.102778 
0 0.489323 0.261343 0.0479167 0.0875 
0 0.644531 0.865741 0.0588542 0.0675926 
0 0.557552 0.407407 0.0359375 0.118519 
0 0.51263 0.671528 0.0481771 0.0560185 
0 0.294401 0.509491 0.0684896 0.0662037 
0 0.175911 0.421065 0.0445312 0.103241 
0 0.461458 0.777778 0.0651042 0.0675926 
0 0.588932 0.138426 0.0320312 0.0814815 
0 0.751953 0.862037 0.13099 0.102778 
0 0.646875 0.546991 0.106771 0.0819444 
0 0.0434896 0.451852 0.0510417 0.0611111 
0 0.23112 0.413657 0.0773437 0.0550926 
0 0.595703 0.347454 0.0653646 0.0606481 
0 0.550391 0.657407 0.0351562 0.0675926 
0 0.294792 0.746991 0.0552083 0.0634259 
0 0.236589 0.172222 0.0705729 0.0546296 
0 0.636719 0.70625 0.053125 0.0837963 
0 0.19375 0.516435 0.0473958 0.0689815 
0 0.0964844 0.369213 0.0346354 0.0958333 
0 0.0545573 0.298611 0.0361979 0.0564815 
0 0.73151 0.547685 0.0380208 0.0472222 
0 0.310286 0.653241 0.0674479 0.0555556 
0 0.110417 0.199306 0.0291667 0.0791667 
0 0.100521 0.068287 0.0625 0.0523148 
0 0.502474 0.238657 0.0835937 0.14213 
0 0.247005 0.72662 0.0309896 0.0523148 
0 0.681641 0.519213 0.0424479 0.0421296 
0 0.173307 0.31412 0.0289063 0.0726852 
0 0.234635 0.647685 0.0520833 0.0592593 
0 0.204818 0.0252315 0.0445312 0.050463 
0 0.439193 0.318981 0.0653646 0.0546296 
0 0.18776 0.750926 0.0609375 0.0601852 
0 0.191016 0.849306 0.0299479 0.0930556 
0 0.61237 0.585185 0.0299479 0.0935185 
0 0.232292 0.469213 0.0390625 0.0671296 
0 0.467578 0.378472 0.0830729 0.0597222 
0 0.351823 0.482176 0.040625 0.0467593 
0 0.616797 0.965278 0.0799479 0.0675926 
0 0.615625 0.0923611 0.0317708 0.0578704 
0 0.326172 0.440046 0.0398437 0.0476852 
0 0.128255 0.0206019 0.0341146 0.0412037 
0 0.0309896 0.787269 0.0520833 0.0550926 
0 0.200781 0.256944 0.04375 0.0601852 
0 0.0742188 0.765509 0.0479167 0.074537 
