0 0.876432 0.750463 0.0403646 0.101852 
0 0.890104 0.160648 0.0479167 0.0768519 
0 0.929297 0.82338 0.0460938 0.10787 
0 0.813021 0.8125 0.0442708 0.0657407 
0 0.679167 0.933102 0.0427083 0.119907 
0 0.484766 0.856944 0.0460938 0.0916667 
0 0.699609 0.644907 0.0544271 0.114815 
0 0.379167 0.404167 0.0427083 0.0740741 
0 0.976042 0.844676 0.0479167 0.0689815 
0 0.330078 0.220602 0.0601562 0.106944 
0 0.108464 0.963194 0.0783854 0.0736111 
0 0.101432 0.321759 0.0596354 0.0907407 
0 0.414062 0.568981 0.0510417 0.0842593 
0 0.589844 0.166667 0.0380208 0.0638889 
