0 0.676823 0.365972 0.0416667 0.123611 
0 0.272135 0.572454 0.0541667 0.106019 
0 0.536589 0.471528 0.0518229 0.118056 
0 0.458464 0.674537 0.0497396 0.0888889 
0 0.261719 0.680556 0.0557292 0.101852 
0 0.109635 0.556944 0.0692708 0.0953704 
0 0.724609 0.499769 0.0372396 0.116204 
0 0.815495 0.506019 0.0731771 0.0648148 
0 0.704167 0.597685 0.0505208 0.111111 
0 0.575651 0.522454 0.0570313 0.156944 
0 0.616667 0.213657 0.0692708 0.101389 
0 0.793359 0.611343 0.0664062 0.0837963 
0 0.61276 0.668056 0.0427083 0.0712963 
0 0.235286 0.590972 0.0440104 0.155093 
0 0.707943 0.432407 0.0252604 0.12037 
0 0.896484 0.738657 0.0414063 0.108796 
0 0.765104 0.418519 0.0463542 0.122222 
0 0.808073 0.362269 0.0302083 0.074537 
0 0.571354 0.376852 0.0296875 0.0944444 
0 0.959505 0.5625 0.0627604 0.113889 
0 0.948698 0.449074 0.040625 0.101852 
0 0.73737 0.14838 0.0830729 0.0828704 
0 0.308203 0.637731 0.0356771 0.102315 
0 0.083724 0.881481 0.0393229 0.0583333 
0 0.950781 0.798611 0.0354167 0.0740741 
0 0.641146 0.419676 0.0447917 0.126389 
0 0.981901 0.722454 0.0341146 0.0819444 
0 0.802734 0.824537 0.0351562 0.075 
0 0.696354 0.868519 0.0520833 0.0842593 
0 0.0423177 0.897685 0.0388021 0.0962963 
0 0.480469 0.588889 0.0536458 0.0925926 
0 0.0161458 0.772222 0.0296875 0.0888889 
0 0.633203 0.76088 0.0304688 0.113426 
0 0.657812 0.815509 0.0411458 0.0773148 
