0 0.635286 0.339815 0.0502604 0.118519 
0 0.306901 0.454861 0.0638021 0.111574 
0 0.208984 0.453241 0.0664062 0.110185 
0 0.527344 0.242361 0.0338542 0.149537 
0 0.443099 0.295833 0.0372396 0.0759259 
0 0.481901 0.589352 0.0398437 0.0648148 
0 0.927214 0.471065 0.0335938 0.0652778 
0 0.772396 0.528935 0.0390625 0.0662037 
0 0.823698 0.850694 0.0369792 0.0912037 
0 0.78125 0.955787 0.040625 0.0865741 
0 0.936589 0.591898 0.0445312 0.0856481 
0 0.845703 0.953935 0.0330729 0.0560185 
0 0.399089 0.399074 0.0502604 0.0574074 
0 0.897396 0.738194 0.0307292 0.101389 
0 0.226172 0.615972 0.0528646 0.100463 
0 0.259505 0.203472 0.0502604 0.100463 
0 0.147135 0.536111 0.0411458 0.0925926 
0 0.24401 0.743056 0.046875 0.0888889 
0 0.594792 0.478241 0.053125 0.0675926 
0 0.667578 0.493981 0.0559896 0.0472222 
0 0.0730469 0.824306 0.0742188 0.0763889 
0 0.526432 0.438889 0.0236979 0.087963 
0 0.726953 0.415741 0.0393229 0.0675926 
0 0.677734 0.606481 0.0450521 0.0648148 
0 0.73776 0.950463 0.0369792 0.0694444 
0 0.433594 0.897685 0.0401042 0.0537037 
0 0.565495 0.795602 0.0736979 0.0699074 
0 0.925781 0.731019 0.0578125 0.128704 
0 0.549349 0.237037 0.0247396 0.075 
0 0.566406 0.595602 0.0359375 0.0597222 
0 0.986328 0.412037 0.0257812 0.0759259 
0 0.110286 0.660648 0.0690104 0.0472222 
0 0.130599 0.864583 0.0263021 0.0791667 
0 0.0494792 0.597685 0.0333333 0.087037 
0 0.658203 0.933102 0.0591146 0.0800926 
0 0.395182 0.761574 0.0408854 0.0972222 
0 0.61862 0.591204 0.0403646 0.0592593 
0 0.331901 0.78588 0.0611979 0.0819444 
0 0.73776 0.321991 0.0536458 0.0421296 
0 0.721615 0.828009 0.040625 0.0625 
0 0.281771 0.565972 0.0635417 0.0513889 
0 0.16224 0.680093 0.0447917 0.0657407 
0 0.805208 0.340741 0.0692708 0.062037 
0 0.495573 0.796759 0.05625 0.0648148 
0 0.733464 0.648843 0.0346354 0.105093 
0 0.183724 0.496528 0.0622396 0.0541667 
0 0.375 0.450463 0.0302083 0.106481 
0 0.554167 0.869907 0.0572917 0.0675926 
0 0.85599 0.71088 0.0494792 0.0671296 
0 0.167187 0.595833 0.0328125 0.0462963 
0 0.0845052 0.544213 0.0346354 0.0680556 
0 0.978125 0.512269 0.0354167 0.0476852 
0 0.872526 0.463194 0.0648438 0.0560185 
0 0.389453 0.503009 0.0580729 0.0708333 
0 0.973568 0.906944 0.0528646 0.0666667 
0 0.180339 0.75787 0.0471354 0.0537037 
0 0.275391 0.792593 0.0466146 0.087037 
0 0.303385 0.103704 0.0458333 0.112037 
0 0.210547 0.646991 0.0460938 0.0949074 
0 0.79987 0.103241 0.0289063 0.0481481 
0 0.316406 0.923611 0.0479167 0.0398148 
0 0.647917 0.743981 0.0302083 0.0555556 
0 0.849089 0.792593 0.0252604 0.0898148 
0 0.143229 0.900926 0.034375 0.0814815 
