0 0.330339 0.175926 0.0872396 0.144444 
0 0.743229 0.274769 0.078125 0.194907 
0 0.672396 0.677546 0.0463542 0.0939815 
0 0.434375 0.568519 0.0302083 0.138889 
0 0.866276 0.344213 0.0367187 0.0625 
0 0.457422 0.781713 0.0367187 0.143056 
0 0.711328 0.102083 0.0653646 0.103241 
0 0.191927 0.282407 0.0875 0.0675926 
0 0.283073 0.537731 0.0479167 0.164352 
0 0.516146 0.369213 0.053125 0.135648 
0 0.0529948 0.96088 0.0513021 0.0773148 
0 0.366016 0.684028 0.0476562 0.115278 
0 0.691927 0.369444 0.0625 0.136111 
0 0.928255 0.155324 0.0684896 0.16713 
0 0.495052 0.963657 0.0369792 0.0708333 
0 0.965755 0.459028 0.0424479 0.0800926 
0 0.911198 0.806944 0.0442708 0.132407 
0 0.607943 0.557407 0.0700521 0.136111 
0 0.313281 0.874074 0.034375 0.136111 
0 0.524479 0.947917 0.0380208 0.0736111 
0 0.875 0.0520833 0.08125 0.074537 
0 0.595703 0.784491 0.0596354 0.14213 
0 0.536068 0.46088 0.0377604 0.0856481 
0 0.95026 0.885417 0.0697917 0.0717593 
0 0.132943 0.493981 0.0533854 0.0537037 
0 0.160026 0.559954 0.0669271 0.0680556 
0 0.976823 0.158796 0.0463542 0.0611111 
0 0.295703 0.828472 0.0289063 0.0587963 
0 0.0554687 0.678472 0.0369792 0.147685 
0 0.740234 0.183333 0.0382813 0.062037 
0 0.241536 0.791667 0.0575521 0.1 
0 0.590234 0.272222 0.0893229 0.0731481 
0 0.694792 0.963657 0.0307292 0.0726852 
0 0.689453 0.471528 0.0565104 0.0662037 
0 0.354036 0.408102 0.0398437 0.0763889 
0 0.492188 0.614583 0.0390625 0.0717593 
0 0.58737 0.951389 0.0455729 0.0555556 
0 0.410677 0.890509 0.0296875 0.119907 
0 0.0200521 0.349306 0.0375 0.122685 
0 0.18151 0.743056 0.0572917 0.062037 
0 0.554167 0.683102 0.0307292 0.074537 
0 0.197266 0.460648 0.0497396 0.167593 
0 0.641146 0.836806 0.0333333 0.0967593 
0 0.121094 0.768287 0.0828125 0.0680556 
0 0.69974 0.292593 0.0333333 0.0657407 
0 0.253125 0.464352 0.0463542 0.0527778 
0 0.021224 0.560417 0.0377604 0.0615741 
0 0.40651 0.948843 0.040625 0.0921296 
0 0.630859 0.93588 0.0257812 0.118056 
0 0.13112 0.358333 0.0424479 0.103704 
0 0.629427 0.375463 0.0505208 0.062963 
0 0.938411 0.578935 0.0513021 0.0523148 
0 0.41237 0.317593 0.100781 0.0740741 
0 0.208333 0.512269 0.0520833 0.0865741 
0 0.510286 0.0835648 0.0377604 0.0828704 
0 0.0863281 0.606944 0.0591146 0.0657407 
0 0.772005 0.907176 0.0460938 0.159722 
0 0.685547 0.858102 0.0320312 0.0763889 
