0 0.222917 0.37662 0.0869792 0.130093 
0 0.489583 0.199306 0.0911458 0.0726852 
0 0.228125 0.618056 0.103646 0.0842593 
0 0.188411 0.196528 0.0507812 0.0699074 
0 0.903776 0.628472 0.0627604 0.0643518 
0 0.91263 0.48912 0.0716146 0.0652778 
0 0.771484 0.546065 0.0398437 0.0976852 
0 0.325911 0.552083 0.0429688 0.145833 
0 0.963802 0.0256944 0.0697917 0.0513889 
0 0.54388 0.800694 0.0820312 0.0930556 
0 0.504427 0.297454 0.0416667 0.0810185 
0 0.805078 0.157176 0.0549479 0.1875 
0 0.411068 0.641435 0.0486979 0.0800926 
0 0.425 0.362269 0.034375 0.074537 
0 0.724609 0.385648 0.0356771 0.0944444 
0 0.165755 0.65463 0.0617188 0.087037 
0 0.895443 0.266898 0.0372396 0.0615741 
0 0.861328 0.275 0.0424479 0.0759259 
0 0.910677 0.892361 0.0625 0.133796 
