0 0.826172 0.18912 0.0466146 0.110648 
0 0.657682 0.432639 0.0325521 0.110648 
0 0.976172 0.231019 0.0476562 0.107407 
0 0.396745 0.508565 0.0346354 0.0643518 
0 0.735937 0.340046 0.0729167 0.0884259 
0 0.684115 0.11713 0.0338542 0.0657407 
0 0.660547 0.0344907 0.0403646 0.0689815 
0 0.657682 0.549074 0.0471354 0.0685185 
0 0.897917 0.269676 0.0463542 0.126389 
0 0.145313 0.741435 0.0359375 0.0791667 
0 0.943359 0.200463 0.0486979 0.0824074 
0 0.175 0.571759 0.0630208 0.0601852 
0 0.289323 0.182176 0.0307292 0.0791667 
0 0.182682 0.275463 0.0570313 0.0527778 
0 0.0518229 0.208565 0.0348958 0.103241 
0 0.407552 0.726157 0.0291667 0.0930556 
0 0.568359 0.517361 0.0408854 0.0689815 
0 0.401172 0.366435 0.0382813 0.122685 
0 0.610286 0.540972 0.0278646 0.0819444 
0 0.492578 0.0706019 0.0320312 0.0523148 
0 0.64987 0.866204 0.0653646 0.0916667 
0 0.48099 0.335417 0.0302083 0.106019 
0 0.848177 0.440046 0.0635417 0.0837963 
0 0.708984 0.219676 0.0497396 0.10787 
0 0.0856771 0.175 0.0510417 0.146296 
0 0.751953 0.579861 0.0648438 0.074537 
0 0.269271 0.949769 0.059375 0.0967593 
0 0.198307 0.129398 0.0539063 0.0791667 
0 0.740755 0.415741 0.0486979 0.0601852 
0 0.979948 0.355787 0.0375 0.120833 
0 0.416927 0.824537 0.0697917 0.0944444 
0 0.705469 0.704861 0.0380208 0.0643518 
0 0.27474 0.725694 0.0489583 0.0773148 
0 0.519531 0.668287 0.0322917 0.0726852 
