0 0.363281 0.37662 0.0713542 0.0791667 
0 0.611328 0.110185 0.0627604 0.130556 
0 0.0179687 0.36713 0.0328125 0.143519 
0 0.0990885 0.421296 0.0304688 0.0666667 
0 0.919531 0.266667 0.0375 0.103704 
0 0.85599 0.291898 0.034375 0.129167 
0 0.644531 0.0532407 0.0572917 0.0962963 
0 0.317839 0.311574 0.0617188 0.0953704 
0 0.676693 0.400463 0.0664062 0.0805556 
0 0.738672 0.119213 0.0351562 0.0717593 
0 0.258594 0.719444 0.0265625 0.0740741 
0 0.096875 0.662731 0.0588542 0.0671296 
0 0.304297 0.725231 0.0419271 0.099537 
0 0.0716146 0.753472 0.0364583 0.0875 
0 0.971615 0.735648 0.0505208 0.0888889 
0 0.829557 0.464352 0.0393229 0.0657407 
0 0.14388 0.31875 0.0283854 0.0541667 
0 0.383594 0.121296 0.0494792 0.0592593 
0 0.519531 0.895833 0.0583333 0.101852 
0 0.812109 0.146759 0.0372396 0.0444444 
0 0.672396 0.502778 0.0703125 0.102778 
0 0.474609 0.480556 0.0408854 0.0611111 
0 0.542448 0.301157 0.0567708 0.0800926 
0 0.246224 0.453935 0.0403646 0.0921296 
0 0.0369792 0.702315 0.0348958 0.130556 
0 0.741276 0.498611 0.0398437 0.0824074 
0 0.704687 0.191898 0.0473958 0.124537 
0 0.276823 0.273148 0.0328125 0.108333 
0 0.561458 0.463889 0.0375 0.0574074 
0 0.974089 0.861111 0.0419271 0.105556 
