0 0.604557 0.851157 0.0606771 0.075463 
0 0.619141 0.422917 0.0768229 0.075463 
0 0.0460938 0.440972 0.0359375 0.0699074 
0 0.721224 0.529861 0.0351562 0.0967593 
0 0.783724 0.744444 0.0554687 0.0814815 
0 0.633333 0.628472 0.0317708 0.0828704 
0 0.54349 0.956481 0.0494792 0.0824074 
0 0.972266 0.447454 0.0361979 0.114352 
0 0.141927 0.495833 0.0515625 0.0768519 
0 0.317839 0.362731 0.0445312 0.0902778 
0 0.26901 0.756019 0.0458333 0.0990741 
0 0.0339844 0.528935 0.0429688 0.0847222 
0 0.572786 0.661806 0.0361979 0.0763889 
0 0.725651 0.76875 0.0268229 0.0662037 
0 0.694922 0.653009 0.0367187 0.0736111 
0 0.453646 0.714352 0.0317708 0.0657407 
0 0.742708 0.915046 0.0203125 0.0699074 
0 0.328125 0.466667 0.0317708 0.0768519 
0 0.95013 0.918519 0.0705729 0.0555556 
0 0.229687 0.629861 0.0432292 0.0523148 
0 0.176302 0.94375 0.0572917 0.0967593 
0 0.678125 0.803241 0.0755208 0.0712963 
0 0.253255 0.488194 0.0533854 0.121759 
0 0.29349 0.621528 0.0489583 0.0587963 
0 0.98138 0.832407 0.0351562 0.0675926 
0 0.484375 0.601852 0.0411458 0.05 
0 0.520443 0.486574 0.0403646 0.0574074 
0 0.957943 0.565972 0.0658854 0.0773148 
0 0.780339 0.651852 0.0507812 0.0851852 
0 0.238932 0.888889 0.0429688 0.0657407 
0 0.167578 0.579398 0.0382813 0.0615741 
0 0.489583 0.203935 0.0296875 0.0578704 
0 0.785677 0.283333 0.0244792 0.0518519 
0 0.430729 0.818519 0.0723958 0.0712963 
0 0.049349 0.688889 0.0341146 0.0685185 
0 0.901432 0.96875 0.0377604 0.0541667 
0 0.556641 0.556944 0.0236979 0.0509259 
0 0.778385 0.964352 0.0552083 0.0490741 
0 0.483203 0.65463 0.0414063 0.05 
0 0.219531 0.561574 0.0322917 0.0453704 
0 0.476302 0.499074 0.0515625 0.0805556 
0 0.0196615 0.848611 0.0325521 0.0657407 
0 0.758854 0.50787 0.0286458 0.102778 
0 0.602995 0.7 0.0242187 0.0564815 
0 0.745573 0.634028 0.0442708 0.0634259 
0 0.354948 0.979861 0.0651042 0.0402778 
0 0.0796875 0.627083 0.0317708 0.0949074 
0 0.666016 0.281713 0.0414063 0.0717593 
