0 0.718229 0.0449074 0.04375 0.0861111 
0 0.400781 0.803241 0.0411458 0.0768519 
0 0.809505 0.272454 0.0789063 0.0819444 
0 0.641667 0.0923611 0.0291667 0.14213 
0 0.34987 0.267824 0.0643229 0.0625 
0 0.952083 0.390278 0.0572917 0.0824074 
0 0.692839 0.934954 0.0408854 0.074537 
0 0.69974 0.275231 0.0546875 0.0643518 
0 0.347656 0.63287 0.03125 0.0712963 
0 0.933073 0.576852 0.0354167 0.087963 
0 0.770052 0.966898 0.0380208 0.0625 
0 0.923307 0.696296 0.0466146 0.0740741 
0 0.642057 0.891435 0.0273438 0.0782407 
0 0.726042 0.194444 0.0442708 0.12037 
0 0.817839 0.926389 0.0283854 0.0851852 
0 0.395182 0.555556 0.0726563 0.0768519 
0 0.845703 0.404861 0.0460938 0.0587963 
0 0.182292 0.472685 0.0395833 0.0898148 
0 0.687109 0.595602 0.0257812 0.0523148 
0 0.807161 0.646296 0.0513021 0.0657407 
0 0.213281 0.576157 0.0427083 0.0875 
0 0.460417 0.6375 0.040625 0.062963 
0 0.847135 0.532176 0.0536458 0.0893519 
0 0.738281 0.756019 0.0354167 0.0657407 
0 0.720703 0.459954 0.0492188 0.0587963 
0 0.809505 0.58287 0.0377604 0.0731481 
0 0.861849 0.239815 0.0367187 0.0898148 
0 0.745182 0.348611 0.0361979 0.0907407 
0 0.422786 0.440741 0.0424479 0.0796296 
0 0.689453 0.42963 0.0356771 0.0583333 
0 0.776302 0.0967593 0.0333333 0.0898148 
