0 0.60638 0.420602 0.10026 0.101389 
0 0.409375 0.0606481 0.0473958 0.0694444 
0 0.462891 0.406481 0.0565104 0.105556 
0 0.143359 0.296528 0.0664062 0.0560185 
0 0.238802 0.936574 0.0651042 0.0740741 
0 0.741276 0.890741 0.0309896 0.0638889 
0 0.143099 0.943519 0.0533854 0.105556 
0 0.330729 0.26875 0.0286458 0.0736111 
0 0.2 0.0803241 0.0598958 0.0986111 
0 0.261198 0.0928241 0.0354167 0.0643518 
0 0.636719 0.165741 0.0875 0.0703704 
0 0.516667 0.643519 0.0333333 0.0527778 
0 0.43112 0.189352 0.0648438 0.0509259 
0 0.742188 0.567361 0.0520833 0.0939815 
0 0.45013 0.774306 0.0528646 0.0634259 
0 0.255078 0.767824 0.0388021 0.0875 
0 0.163542 0.215741 0.0494792 0.0685185 
0 0.308594 0.0361111 0.0536458 0.0722222 
0 0.207813 0.1625 0.0671875 0.0574074 
0 0.461198 0.0453704 0.059375 0.0611111 
0 0.271484 0.975 0.0278646 0.05 
0 0.144792 0.0349537 0.0369792 0.0699074 
0 0.0759115 0.508102 0.0283854 0.101389 
0 0.202474 0.818287 0.0492188 0.105093 
0 0.558073 0.295139 0.0364583 0.0662037 
0 0.25651 0.845602 0.0510417 0.0875 
0 0.0347656 0.625463 0.0398437 0.0953704 
0 0.307813 0.693981 0.059375 0.0509259 
0 0.755859 0.316898 0.0372396 0.049537 
0 0.0423177 0.46412 0.0627604 0.0708333 
0 0.370313 0.182407 0.0369792 0.0805556 
0 0.38151 0.465741 0.0307292 0.0685185 
0 0.315365 0.754167 0.0369792 0.130556 
0 0.525391 0.248611 0.0731771 0.0490741 
0 0.382161 0.551157 0.0408854 0.147685 
0 0.310937 0.88287 0.0359375 0.124074 
0 0.109505 0.581481 0.0388021 0.101852 
0 0.191276 0.609722 0.0898438 0.0592593 
0 0.229297 0.345602 0.0414063 0.099537 
0 0.0652344 0.147685 0.0382813 0.122222 
0 0.571354 0.113194 0.0489583 0.0476852 
0 0.0845052 0.674537 0.0611979 0.0462963 
0 0.407682 0.161343 0.0450521 0.0569444 
0 0.464323 0.72037 0.075 0.138889 
0 0.154557 0.761343 0.0726563 0.0810185 
0 0.0811198 0.624306 0.0507812 0.0421296 
0 0.462109 0.965278 0.0315104 0.0657407 
0 0.180339 0.373148 0.0403646 0.0527778 
0 0.713932 0.0391204 0.0518229 0.0736111 
0 0.358724 0.841204 0.0554687 0.0638889 
0 0.163021 0.475231 0.0520833 0.114352 
0 0.0417969 0.264583 0.0283854 0.0939815 
0 0.69388 0.403935 0.0497396 0.0773148 
0 0.746094 0.372917 0.0411458 0.0449074 
0 0.485807 0.204398 0.0278646 0.128241 
0 0.230729 0.708333 0.05625 0.0537037 
0 0.0934896 0.7625 0.05625 0.0787037 
0 0.160938 0.716204 0.0411458 0.106481 
0 0.018099 0.0884259 0.0330729 0.0916667 
0 0.504427 0.905324 0.0322917 0.125463 
0 0.173307 0.0530093 0.0367187 0.0689815 
0 0.354167 0.0569444 0.0369792 0.0962963 
0 0.455078 0.872454 0.0424479 0.1375 
