0 0.0197917 0.104861 0.0322917 0.113426 
0 0.03125 0.177083 0.04375 0.122685 
0 0.177083 0.652778 0.0494792 0.0740741 
0 0.705469 0.245139 0.0364583 0.0578704 
0 0.444661 0.47662 0.0497396 0.0800926 
0 0.70013 0.119907 0.0638021 0.0703704 
0 0.980859 0.732407 0.0382813 0.0796296 
0 0.325651 0.813426 0.0591146 0.0703704 
0 0.836458 0.212037 0.0296875 0.0740741 
0 0.331771 0.397917 0.0385417 0.0550926 
0 0.958073 0.574074 0.0557292 0.0666667 
0 0.0989583 0.316435 0.071875 0.0976852 
0 0.0779948 0.0564815 0.0445312 0.0962963 
0 0.916536 0.0969907 0.0408854 0.0625 
0 0.933594 0.502546 0.0302083 0.0587963 
0 0.116667 0.719676 0.0338542 0.0708333 
0 0.555599 0.152778 0.0320312 0.0888889 
0 0.397005 0.574537 0.0372396 0.087037 
0 0.732422 0.525926 0.0398437 0.0861111 
0 0.582552 0.573843 0.0416667 0.0773148 
0 0.974089 0.851157 0.0403646 0.0643518 
0 0.592318 0.661574 0.0315104 0.0759259 
0 0.276042 0.217593 0.0427083 0.0759259 
0 0.975521 0.294676 0.04375 0.0717593 
0 0.405469 0.394444 0.034375 0.0722222 
0 0.480599 0.575926 0.0606771 0.110185 
0 0.957031 0.11713 0.0421875 0.125 
0 0.984766 0.062963 0.0299479 0.12037 
0 0.58112 0.437731 0.0481771 0.0615741 
0 0.965365 0.246065 0.0505208 0.0671296 
0 0.45599 0.665741 0.0552083 0.0638889 
