0 0.604036 0.156944 0.0377604 0.15463 
0 0.677734 0.909722 0.0502604 0.0592593 
0 0.271745 0.578935 0.0471354 0.0819444 
0 0.426172 0.39375 0.0414063 0.0532407 
0 0.561068 0.485185 0.0684896 0.0805556 
0 0.574219 0.923611 0.0354167 0.149074 
0 0.584375 0.817593 0.0322917 0.0481481 
0 0.636719 0.431944 0.0489583 0.124074 
0 0.684115 0.978472 0.0375 0.0430556 
0 0.549349 0.62963 0.0382813 0.0490741 
0 0.230208 0.207176 0.0395833 0.0523148 
0 0.478516 0.83125 0.0513021 0.074537 
0 0.258724 0.173843 0.0325521 0.1125 
0 0.851042 0.275463 0.053125 0.0722222 
0 0.323568 0.228935 0.0382813 0.104167 
0 0.61862 0.855093 0.0289063 0.0453704 
0 0.707031 0.693287 0.0276042 0.0402778 
0 0.330078 0.953241 0.0382813 0.0675926 
0 0.146875 0.935648 0.0609375 0.0861111 
0 0.509245 0.700463 0.0455729 0.0759259 
0 0.273307 0.399074 0.0585938 0.062037 
0 0.677214 0.141898 0.0434896 0.0615741 
0 0.627344 0.752546 0.0354167 0.0523148 
0 0.235026 0.935648 0.0658854 0.0416667 
0 0.300521 0.774769 0.0541667 0.0717593 
0 0.366276 0.037963 0.0388021 0.0731481 
0 0.144141 0.825463 0.0388021 0.0564815 
0 0.49375 0.326389 0.0354167 0.0583333 
0 0.458073 0.852083 0.0395833 0.0550926 
0 0.57526 0.0305556 0.0432292 0.0574074 
0 0.410547 0.815046 0.0226563 0.0986111 
0 0.211849 0.263194 0.0596354 0.0643518 
0 0.710938 0.457407 0.0296875 0.115741 
0 0.382161 0.0215278 0.0304688 0.0430556 
0 0.446615 0.744213 0.040625 0.113426 
0 0.634245 0.591204 0.0445312 0.0564815 
0 0.596745 0.34537 0.0570313 0.10463 
0 0.55026 0.103241 0.0348958 0.10463 
0 0.391667 0.154398 0.0395833 0.0486111 
0 0.759245 0.025463 0.0674479 0.0509259 
0 0.197526 0.131481 0.0445312 0.0564815 
0 0.351562 0.145139 0.0385417 0.0680556 
0 0.210286 0.979167 0.0335938 0.0416667 
0 0.525391 0.191898 0.0320312 0.0625 
0 0.104427 0.12338 0.0359375 0.0541667 
0 0.23776 0.821296 0.0442708 0.0601852 
0 0.392318 0.951389 0.0533854 0.0574074 
0 0.146745 0.650463 0.0398437 0.0398148 
0 0.367839 0.316435 0.0398437 0.0615741 
0 0.724219 0.18287 0.0421875 0.0981481 
0 0.539974 0.691435 0.0429688 0.0643518 
0 0.604036 0.673148 0.0565104 0.0990741 
0 0.0441406 0.734954 0.0382813 0.0476852 
0 0.540495 0.297222 0.0356771 0.121296 
0 0.0558594 0.186574 0.0507812 0.0638889 
0 0.0986979 0.761574 0.0416667 0.0398148 
0 0.291406 0.902778 0.0421875 0.0888889 
0 0.439193 0.619907 0.0398437 0.0453704 
