0 0.551823 0.806019 0.0473958 0.131481 
0 0.903385 0.726157 0.059375 0.0958333 
0 0.192448 0.755556 0.0385417 0.147222 
0 0.259245 0.783102 0.0268229 0.0828704 
0 0.147656 0.785648 0.0463542 0.112963 
0 0.456771 0.746528 0.0671875 0.0597222 
0 0.385547 0.881944 0.0638021 0.0953704 
0 0.339063 0.60162 0.0375 0.0421296 
0 0.0791667 0.818056 0.0494792 0.0685185 
0 0.921875 0.861574 0.034375 0.087037 
0 0.908594 0.953935 0.059375 0.0893519 
0 0.31224 0.400694 0.0708333 0.0625 
0 0.109766 0.147685 0.0382813 0.115741 
0 0.694792 0.446296 0.0229167 0.0546296 
0 0.29388 0.90787 0.0554687 0.133333 
0 0.461719 0.349537 0.0369792 0.087963 
0 0.820312 0.705324 0.0473958 0.0486111 
0 0.463411 0.971296 0.0393229 0.0509259 
0 0.942448 0.568056 0.0484375 0.0481481 
0 0.806641 0.577778 0.0783854 0.0694444 
0 0.0790365 0.472685 0.0794271 0.0675926 
0 0.300651 0.329398 0.0268229 0.0513889 
0 0.295703 0.55625 0.0611979 0.0606481 
0 0.402995 0.592824 0.0393229 0.0439815 
0 0.541927 0.967824 0.0494792 0.0615741 
