0 0.89349 0.708796 0.0364583 0.10463 
0 0.685547 0.171759 0.0388021 0.101852 
0 0.658203 0.405324 0.0408854 0.0856481 
0 0.16263 0.539583 0.0315104 0.101389 
0 0.596094 0.628935 0.040625 0.0763889 
0 0.717188 0.763889 0.0348958 0.0851852 
0 0.98099 0.808565 0.0239583 0.0865741 
0 0.349349 0.385417 0.0335938 0.104167 
0 0.0420573 0.6125 0.0382813 0.0935185 
0 0.605078 0.958333 0.0575521 0.0787037 
0 0.5875 0.772685 0.0291667 0.0537037 
0 0.451693 0.468981 0.0367187 0.0722222 
0 0.865234 0.334259 0.0367187 0.137037 
0 0.0940104 0.569907 0.0328125 0.0481481 
0 0.756771 0.723843 0.0328125 0.0615741 
0 0.36862 0.901852 0.0268229 0.0657407 
0 0.561458 0.903704 0.0442708 0.0527778 
0 0.870703 0.441435 0.0481771 0.0726852 
0 0.942318 0.746528 0.0356771 0.0523148 
0 0.966797 0.53287 0.0393229 0.0916667 
0 0.652734 0.913194 0.0356771 0.0736111 
0 0.98099 0.3875 0.0333333 0.0592593 
0 0.670443 0.51875 0.0351562 0.0643518 
0 0.458724 0.891667 0.0221354 0.0740741 
0 0.805729 0.346759 0.0578125 0.0925926 
0 0.785156 0.706944 0.0338542 0.0657407 
0 0.25026 0.526389 0.0515625 0.0657407 
0 0.855469 0.217824 0.0578125 0.0578704 
0 0.662109 0.337963 0.0471354 0.0953704 
0 0.938542 0.245602 0.0541667 0.0837963 
0 0.516146 0.702315 0.0369792 0.0712963 
0 0.0373698 0.369213 0.0559896 0.050463 
0 0.817839 0.662731 0.0330729 0.0606481 
0 0.545443 0.526389 0.0559896 0.0703704 
0 0.243099 0.901157 0.0388021 0.0578704 
0 0.744661 0.784722 0.0289063 0.0666667 
0 0.0911458 0.718518 0.0333333 0.0490741 
0 0.644531 0.739583 0.0395833 0.0847222 
0 0.65 0.630787 0.0286458 0.0560185 
0 0.484375 0.571528 0.0296875 0.104167 
0 0.292448 0.740046 0.0453125 0.0726852 
0 0.933594 0.335648 0.0541667 0.0592593 
