0 0.601562 0.55463 0.0375 0.0768519 
0 0.640104 0.487269 0.0479167 0.0837963 
0 0.708984 0.182639 0.0492188 0.0939815 
0 0.599089 0.405787 0.0367187 0.0717593 
0 0.463411 0.808102 0.0330729 0.0615741 
0 0.546875 0.649306 0.0265625 0.049537 
0 0.625911 0.152546 0.0372396 0.0430556 
0 0.652865 0.67963 0.0604167 0.0490741 
0 0.442578 0.7 0.0289063 0.0518519 
0 0.357682 0.96088 0.0403646 0.0597222 
0 0.270312 0.848148 0.0494792 0.0490741 
0 0.486719 0.226852 0.0515625 0.0527778 
0 0.692839 0.730556 0.0299479 0.0638889 
0 0.645443 0.288657 0.0513021 0.103241 
0 0.621615 0.85162 0.0479167 0.0634259 
0 0.394271 0.797685 0.0411458 0.037037 
0 0.719661 0.0361111 0.0351562 0.0703704 
0 0.222266 0.848611 0.0481771 0.0509259 
0 0.526302 0.488657 0.040625 0.0449074 
0 0.486849 0.031713 0.0283854 0.0606481 
0 0.673307 0.214815 0.0382813 0.0546296 
0 0.392188 0.217361 0.0447917 0.0541667 
0 0.233203 0.927083 0.0346354 0.0365741 
0 0.474089 0.107639 0.0492188 0.0699074 
0 0.242448 0.661806 0.0453125 0.0828704 
0 0.778255 0.5375 0.0653646 0.0435185 
0 0.670833 0.600231 0.0260417 0.0939815 
0 0.338932 0.749768 0.0361979 0.0430556 
0 0.474089 0.699306 0.0236979 0.0736111 
0 0.601562 0.209028 0.0364583 0.0689815 
0 0.318229 0.01875 0.0375 0.0337963 
0 0.318099 0.926157 0.0440104 0.0467593 
0 0.0976562 0.151157 0.0322917 0.0578704 
0 0.113281 0.225 0.0375 0.0537037 
0 0.488281 0.786111 0.0333333 0.037037 
0 0.296615 0.681481 0.0411458 0.0453704 
0 0.704036 0.421528 0.0544271 0.0541667 
0 0.0329427 0.0439815 0.0335938 0.062037 
0 0.0851562 0.375694 0.0359375 0.0541667 
0 0.500391 0.826389 0.0252604 0.0898148 
0 0.441146 0.266435 0.028125 0.0643518 
0 0.630859 0.0319444 0.0268229 0.0601852 
0 0.542448 0.964352 0.0291667 0.0712963 
0 0.392578 0.522222 0.0580729 0.0351852 
0 0.0514323 0.589352 0.0278646 0.075 
0 0.520443 0.175694 0.0268229 0.0384259 
0 0.463672 0.903472 0.0434896 0.050463 
0 0.133073 0.321759 0.046875 0.0546296 
0 0.672396 0.734259 0.0307292 0.0648148 
0 0.491276 0.983102 0.0440104 0.0337963 
0 0.694401 0.541667 0.0346354 0.0472222 
0 0.109896 0.587731 0.0526042 0.0597222 
0 0.268099 0.759722 0.0455729 0.0462963 
0 0.554167 0.558102 0.034375 0.0689815 
0 0.555208 0.0293981 0.0364583 0.0587963 
0 0.185156 0.271991 0.0401042 0.0671296 
0 0.118099 0.666204 0.0299479 0.0583333 
0 0.321484 0.619676 0.0309896 0.0800926 
0 0.044401 0.143519 0.0466146 0.0435185 
0 0.193359 0.538426 0.0460938 0.0685185 
0 0.479297 0.359259 0.0429688 0.0583333 
0 0.44388 0.567361 0.0289063 0.0717593 
0 0.460156 0.880324 0.0322917 0.0319444 
0 0.347656 0.0761574 0.0567708 0.0597222 
