0 0.80625 0.123843 0.101562 0.135648 
0 0.943359 0.303241 0.101302 0.115741 
0 0.699609 0.276852 0.0825521 0.108333 
0 0.804688 0.909722 0.0692708 0.121296 
0 0.603125 0.841898 0.0604167 0.105093 
0 0.749479 0.737963 0.0947917 0.0740741 
0 0.450651 0.789815 0.0710938 0.0777778 
0 0.826693 0.740278 0.0424479 0.108333 
0 0.786068 0.689815 0.0330729 0.0675926 
0 0.730859 0.608102 0.0669271 0.115278 
0 0.113932 0.856713 0.0617188 0.0782407 
0 0.411849 0.89838 0.0320312 0.0652778 
0 0.734375 0.895602 0.0317708 0.159722 
0 0.354557 0.256713 0.0320312 0.0449074 
0 0.670833 0.590741 0.0338542 0.151852 
0 0.541016 0.698611 0.0289063 0.0851852 
0 0.0848958 0.496065 0.0416667 0.050463 
0 0.466276 0.652315 0.0351562 0.0583333 
0 0.715885 0.96875 0.0338542 0.0560185 
0 0.155859 0.459491 0.0393229 0.0671296 
0 0.426302 0.519907 0.0380208 0.0703704 
0 0.330078 0.505093 0.0294271 0.0694444 
0 0.888672 0.600694 0.0315104 0.050463 
0 0.723177 0.137963 0.03125 0.122222 
0 0.578125 0.333565 0.0395833 0.0615741 
0 0.393099 0.445833 0.0419271 0.0601852 
0 0.173177 0.225926 0.0333333 0.0555556 
0 0.374219 0.963657 0.0489583 0.0449074 
0 0.473568 0.406944 0.0794271 0.0685185 
0 0.602604 0.932407 0.0338542 0.0472222 
0 0.0988281 0.0289352 0.0335938 0.0578704 
0 0.395443 0.348611 0.0481771 0.0481481 
0 0.598177 0.0625 0.0567708 0.112963 
0 0.446354 0.575231 0.0395833 0.0782407 
0 0.377734 0.510417 0.0388021 0.0532407 
0 0.296224 0.78588 0.0736979 0.0439815 
0 0.604557 0.703241 0.0466146 0.0537037 
0 0.299349 0.0377315 0.0325521 0.0476852 
0 0.789583 0.830787 0.0328125 0.0393519 
0 0.480078 0.29537 0.0289063 0.0675926 
0 0.184896 0.321528 0.0557292 0.0458333 
0 0.791536 0.0349537 0.0575521 0.0615741 
0 0.0397135 0.201852 0.0419271 0.0527778 
0 0.0277344 0.0210648 0.0403646 0.0421296 
0 0.127474 0.121528 0.0408854 0.0393519 
0 0.278255 0.0625 0.0325521 0.0453704 
0 0.631771 0.753009 0.04375 0.0625 
0 0.738802 0.309028 0.0739583 0.0847222 
0 0.426042 0.655324 0.034375 0.0717593 
0 0.310677 0.888889 0.0395833 0.0601852 
0 0.681641 0.0902778 0.0382813 0.0944444 
0 0.402344 0.265046 0.0427083 0.0458333 
