0 0.679688 0.0796296 0.0526042 0.133333 
0 0.86224 0.667593 0.05625 0.119444 
0 0.346875 0.65463 0.0557292 0.127778 
0 0.447005 0.281713 0.0367187 0.129167 
0 0.121094 0.543056 0.0729167 0.140741 
0 0.257422 0.539815 0.0643229 0.136111 
0 0.42526 0.0951389 0.0333333 0.0782407 
0 0.973047 0.428009 0.0434896 0.143981 
0 0.847135 0.24375 0.0369792 0.109722 
0 0.697266 0.809491 0.0450521 0.0949074 
0 0.571224 0.0275463 0.0763021 0.0550926 
0 0.40625 0.824769 0.0317708 0.0967593 
0 0.254167 0.96088 0.0640625 0.0782407 
0 0.813021 0.0800926 0.0473958 0.136111 
0 0.590234 0.480093 0.0544271 0.101852 
0 0.0290365 0.517361 0.0367187 0.0986111 
0 0.911068 0.79213 0.0445312 0.101852 
0 0.920443 0.387731 0.0611979 0.0652778 
0 0.733854 0.821991 0.0369792 0.148611 
0 0.63776 0.41875 0.0708333 0.114352 
0 0.289062 0.749074 0.0463542 0.0546296 
0 0.758724 0.578472 0.0846354 0.0643518 
0 0.359896 0.321991 0.0765625 0.0606481 
0 0.359375 0.938426 0.0546875 0.0953704 
0 0.794922 0.862731 0.0388021 0.143056 
0 0.035026 0.714583 0.0356771 0.0615741 
0 0.801693 0.726389 0.0455729 0.127778 
0 0.326432 0.62963 0.0294271 0.087037 
0 0.818359 0.317593 0.0611979 0.062963 
0 0.434245 0.373843 0.0351562 0.156019 
0 0.0645833 0.96875 0.0421875 0.0587963 
0 0.207422 0.702315 0.0450521 0.0935185 
0 0.978125 0.714815 0.04375 0.0388889 
0 0.695312 0.735185 0.0609375 0.0962963 
0 0.31276 0.868056 0.0307292 0.118519 
0 0.232943 0.879861 0.0570313 0.0828704 
0 0.578646 0.724306 0.0567708 0.0578704 
0 0.765104 0.758565 0.034375 0.10787 
0 0.754427 0.324769 0.0348958 0.0634259 
