0 0.423958 0.177315 0.0776042 0.167593 
0 0.631771 0.469676 0.0338542 0.0615741 
0 0.0669271 0.245833 0.0385417 0.0787037 
0 0.129167 0.264815 0.0447917 0.113889 
0 0.513672 0.553935 0.0518229 0.0708333 
0 0.0630208 0.0935185 0.0479167 0.062037 
0 0.392578 0.46875 0.0549479 0.0763889 
0 0.23138 0.287269 0.0367187 0.140278 
0 0.738802 0.680093 0.0364583 0.117593 
0 0.0411458 0.0196759 0.0354167 0.0393519 
0 0.258333 0.610648 0.0453125 0.10463 
0 0.380859 0.639815 0.0471354 0.0666667 
0 0.618229 0.527083 0.0390625 0.0587963 
0 0.0522135 0.522685 0.0679687 0.0907407 
0 0.448568 0.204861 0.0502604 0.0578704 
0 0.583073 0.462731 0.0458333 0.0884259 
0 0.524479 0.691435 0.0395833 0.0625 
0 0.733854 0.94537 0.0458333 0.100926 
0 0.514714 0.352778 0.0570313 0.0824074 
0 0.273698 0.271528 0.0447917 0.111574 
0 0.189063 0.352778 0.0473958 0.0814815 
0 0.431641 0.355787 0.0440104 0.0800926 
0 0.703125 0.593056 0.0302083 0.0861111 
0 0.382292 0.36713 0.0302083 0.105556 
0 0.135156 0.332176 0.0677083 0.0949074 
0 0.977604 0.672917 0.0432292 0.10787 
