0 0.639714 0.0990741 0.0908854 0.0796296 
0 0.596615 0.183565 0.0317708 0.0699074 
0 0.715365 0.305787 0.0421875 0.0606481 
0 0.429036 0.530324 0.0414063 0.0708333 
0 0.237109 0.280556 0.0710938 0.0787037 
0 0.415365 0.230324 0.046875 0.139352 
0 0.368229 0.0974537 0.0333333 0.115278 
0 0.572266 0.284722 0.0497396 0.0527778 
0 0.66901 0.236111 0.028125 0.0675926 
0 0.284375 0.587269 0.0494792 0.0810185 
0 0.166276 0.958333 0.0408854 0.0787037 
0 0.522005 0.371991 0.0372396 0.0939815 
0 0.113021 0.037963 0.0380208 0.0685185 
0 0.386979 0.15162 0.03125 0.120833 
0 0.660156 0.72963 0.0489583 0.0611111 
0 0.386719 0.908796 0.0609375 0.0675926 
0 0.0503906 0.722685 0.0544271 0.0805556 
0 0.210938 0.0930556 0.0578125 0.0592593 
0 0.394661 0.757407 0.0372396 0.137037 
0 0.45612 0.0694444 0.0533854 0.121296 
0 0.152474 0.17963 0.0523437 0.0592593 
0 0.201693 0.615972 0.0799479 0.0865741 
0 0.503516 0.53125 0.0424479 0.0699074 
0 0.0209635 0.0435185 0.0377604 0.0555556 
0 0.81875 0.678241 0.0453125 0.0712963 
0 0.111328 0.981019 0.0763021 0.037963 
0 0.0196615 0.167824 0.0289063 0.0439815 
0 0.498047 0.311343 0.0341146 0.101389 
0 0.351042 0.470602 0.028125 0.0949074 
0 0.263932 0.892361 0.0544271 0.101389 
0 0.224089 0.977546 0.0466146 0.0449074 
0 0.480469 0.677083 0.0489583 0.049537 
0 0.221484 0.742593 0.0908854 0.0518519 
0 0.155208 0.736111 0.0375 0.0722222 
0 0.309896 0.272685 0.0442708 0.0787037 
