0 0.701172 0.325463 0.0861979 0.15463 
0 0.88776 0.262731 0.108333 0.1875 
0 0.642969 0.642824 0.0458333 0.0625 
0 0.638151 0.0662037 0.0398437 0.128704 
0 0.819271 0.338426 0.120833 0.0657407 
0 0.522005 0.397685 0.0700521 0.0777778 
0 0.790495 0.857176 0.0466146 0.0615741 
0 0.58112 0.135648 0.0304688 0.075 
0 0.601562 0.493519 0.0723958 0.0675926 
0 0.602995 0.894213 0.0351562 0.0550926 
0 0.68112 0.728704 0.0335938 0.075 
0 0.648438 0.142593 0.0380208 0.157407 
0 0.85013 0.391435 0.110156 0.0689815 
0 0.132292 0.920139 0.0359375 0.0532407 
0 0.8125 0.511806 0.0359375 0.0967593 
0 0.510156 0.515509 0.0572917 0.0569444 
0 0.414062 0.309259 0.0666667 0.0694444 
0 0.555599 0.648843 0.0492188 0.0541667 
0 0.460156 0.0344907 0.0755208 0.0662037 
0 0.541016 0.107639 0.0367187 0.0856481 
0 0.986849 0.515278 0.0226563 0.0953704 
0 0.330078 0.847222 0.0429688 0.0953704 
0 0.261328 0.179861 0.0429688 0.105093 
0 0.396745 0.652778 0.0518229 0.0564815 
0 0.222656 0.163657 0.0234375 0.0847222 
0 0.697786 0.434028 0.0856771 0.0773148 
0 0.0216146 0.148611 0.0432292 0.0444444 
0 0.444922 0.579167 0.0518229 0.062963 
0 0.140104 0.372222 0.0265625 0.0740741 
0 0.727604 0.385417 0.0442708 0.0939815 
0 0.614323 0.400231 0.053125 0.0662037 
0 0.436979 0.460648 0.0307292 0.087037 
0 0.841276 0.0180556 0.0445312 0.0361111 
0 0.124609 0.751852 0.0403646 0.0712963 
0 0.761719 0.599769 0.0713542 0.0606481 
0 0.25 0.289815 0.0651042 0.0472222 
0 0.697266 0.222685 0.0492188 0.0444444 
0 0.367448 0.622222 0.040625 0.0777778 
0 0.157292 0.652083 0.0473958 0.0634259 
0 0.13099 0.0324074 0.0333333 0.0416667 
0 0.184505 0.409491 0.0664062 0.0625 
0 0.0824219 0.430556 0.0335938 0.0648148 
0 0.236198 0.634028 0.04375 0.0560185 
0 0.258203 0.901852 0.0471354 0.0666667 
