0 0.740234 0.0645833 0.0559896 0.128241 
0 0.892969 0.0592593 0.0427083 0.114815 
0 0.391927 0.647222 0.0625 0.134259 
0 0.305339 0.533796 0.0606771 0.147222 
0 0.911068 0.215741 0.0367187 0.111111 
0 0.858464 0.737037 0.0398437 0.101852 
0 0.479036 0.0731481 0.0398437 0.087963 
0 0.698307 0.403704 0.0638021 0.112963 
0 0.404818 0.303241 0.0752604 0.0583333 
0 0.815365 0.741667 0.0354167 0.122222 
0 0.503385 0.260185 0.0369792 0.128704 
0 0.292448 0.956481 0.059375 0.0851852 
0 0.259505 0.752778 0.0424479 0.087963 
0 0.167708 0.529167 0.06875 0.147222 
0 0.741667 0.724537 0.0546875 0.108333 
0 0.0226563 0.966204 0.0348958 0.0611111 
0 0.788542 0.808102 0.0354167 0.159722 
0 0.475 0.168981 0.0692708 0.0583333 
0 0.486849 0.355093 0.0335938 0.153704 
0 0.282161 0.873148 0.0533854 0.0935185 
0 0.938021 0.351157 0.04375 0.0847222 
0 0.81888 0.560648 0.10599 0.062963 
0 0.0321615 0.18287 0.0585938 0.0703704 
0 0.625911 0.619444 0.0309896 0.110185 
0 0.848698 0.856481 0.0333333 0.136111 
0 0.244401 0.689352 0.0388021 0.0916667 
0 0.622656 0.7125 0.0635417 0.0574074 
0 0.977474 0.372917 0.0445312 0.0652778 
0 0.371875 0.617593 0.0322917 0.0888889 
0 0.0174479 0.652315 0.0333333 0.0731481 
0 0.973047 0.788194 0.0513021 0.133796 
0 0.34349 0.753472 0.053125 0.0921296 
0 0.112109 0.970139 0.0523437 0.0597222 
0 0.760677 0.927778 0.0875 0.0888889 
0 0.578125 0.488426 0.0348958 0.143519 
0 0.518099 0.419444 0.0611979 0.0472222 
0 0.0723958 0.501852 0.0348958 0.110185 
0 0.0140625 0.37662 0.0276042 0.0856481 
