0 0.497135 0.284028 0.0588542 0.106944 
0 0.451562 0.735185 0.0359375 0.0805556 
0 0.695833 0.19838 0.0427083 0.0541667 
0 0.461849 0.04375 0.102865 0.0736111 
0 0.358724 0.538657 0.0424479 0.127315 
0 0.232552 0.902778 0.0484375 0.0833333 
0 0.127865 0.187731 0.0583333 0.0699074 
0 0.615234 0.905556 0.0502604 0.138889 
0 0.634766 0.821991 0.0919271 0.0800926 
0 0.663151 0.64838 0.0690104 0.0486111 
0 0.439193 0.391898 0.0539063 0.0393519 
0 0.551823 0.885417 0.0369792 0.1875 
0 0.181771 0.65625 0.0447917 0.0680556 
0 0.720703 0.0344907 0.0533854 0.0652778 
0 0.33724 0.383333 0.0473958 0.0740741 
0 0.373568 0.969676 0.0335938 0.0569444 
0 0.170443 0.408102 0.0539063 0.126389 
0 0.333984 0.128472 0.0596354 0.14213 
0 0.566927 0.183565 0.0604167 0.0921296 
0 0.295443 0.565509 0.0434896 0.0828704 
0 0.296745 0.834259 0.0684896 0.0666667 
0 0.0322917 0.769444 0.0614583 0.062037 
0 0.21849 0.451852 0.0583333 0.0592593 
0 0.0507812 0.688194 0.0359375 0.0606481 
0 0.296875 0.671065 0.0598958 0.049537 
0 0.128125 0.661343 0.0421875 0.0550926 
0 0.489323 0.523843 0.0364583 0.0763889 
0 0.44974 0.954861 0.0416667 0.0662037 
0 0.432422 0.474537 0.0643229 0.05 
0 0.488542 0.425463 0.0302083 0.132407 
0 0.334375 0.545139 0.0244792 0.130093 
0 0.221094 0.741667 0.0640625 0.0685185 
0 0.226693 0.199537 0.0466146 0.0481481 
0 0.554167 0.238889 0.0447917 0.0694444 
0 0.174089 0.940972 0.0736979 0.0476852 
0 0.268099 0.294907 0.0497396 0.062963 
0 0.634766 0.0298611 0.109635 0.049537 
0 0.0876302 0.0539352 0.0601562 0.0532407 
0 0.132943 0.558102 0.0544271 0.0763889 
0 0.520573 0.513889 0.0510417 0.0444444 
0 0.129557 0.874074 0.0325521 0.0888889 
0 0.705599 0.713426 0.0445312 0.0638889 
0 0.104427 0.115278 0.03125 0.0777778 
0 0.659766 0.0958333 0.0893229 0.0675926 
0 0.602083 0.778241 0.0385417 0.0481481 
0 0.228776 0.603241 0.0658854 0.0648148 
0 0.649479 0.305093 0.0328125 0.0361111 
0 0.0397135 0.119213 0.0653646 0.0615741 
0 0.441406 0.548148 0.0864583 0.0675926 
0 0.247396 0.0532407 0.034375 0.075 
0 0.0549479 0.828935 0.0458333 0.0560185 
0 0.0294271 0.202083 0.0463542 0.0847222 
0 0.0575521 0.440509 0.0395833 0.0662037 
0 0.634245 0.235185 0.0434896 0.0611111 
0 0.180469 0.158565 0.0489583 0.0680556 
0 0.0519531 0.342824 0.0294271 0.0699074 
0 0.20638 0.0469907 0.0283854 0.0615741 
0 0.213281 0.837731 0.0348958 0.0726852 
0 0.131901 0.476157 0.0283854 0.0736111 
0 0.279036 0.954167 0.0455729 0.0814815 
