0 0.521484 0.436343 0.0585938 0.0828704 
0 0.330729 0.484259 0.0567708 0.0648148 
0 0.616146 0.0530093 0.075 0.102315 
0 0.297786 0.28588 0.0460938 0.0652778 
0 0.69388 0.730324 0.0466146 0.124537 
0 0.523438 0.216204 0.0666667 0.0638889 
0 0.630339 0.43287 0.0309896 0.0592593 
0 0.532161 0.153241 0.0627604 0.0509259 
0 0.741667 0.623611 0.0692708 0.0657407 
0 0.682161 0.0490741 0.0476562 0.0981481 
0 0.188281 0.376389 0.0369792 0.062037 
0 0.551823 0.340509 0.0479167 0.0865741 
0 0.659635 0.592361 0.0484375 0.050463 
0 0.61862 0.552546 0.0341146 0.124537 
0 0.290495 0.801157 0.0393229 0.0800926 
0 0.258333 0.545139 0.0494792 0.0615741 
0 0.741146 0.115741 0.0458333 0.119444 
0 0.403516 0.393287 0.0622396 0.0837963 
0 0.357031 0.783102 0.040625 0.0828704 
0 0.458073 0.590509 0.0255208 0.075463 
0 0.426042 0.0939815 0.0557292 0.0648148 
0 0.45599 0.334259 0.0265625 0.0805556 
0 0.371875 0.553009 0.0588542 0.0578704 
0 0.36224 0.917593 0.053125 0.0925926 
0 0.192969 0.229861 0.0333333 0.050463 
0 0.886198 0.241898 0.0463542 0.0773148 
0 0.321484 0.714815 0.0575521 0.0898148 
0 0.061849 0.196296 0.0492188 0.0648148 
0 0.470703 0.975694 0.0335938 0.0449074 
0 0.667057 0.392593 0.0377604 0.0490741 
0 0.161328 0.428472 0.0325521 0.0430556 
0 0.544922 0.920139 0.0351562 0.0717593 
0 0.414062 0.144676 0.0369792 0.0856481 
0 0.0244792 0.0615741 0.034375 0.0407407 
0 0.579687 0.339352 0.0364583 0.05 
0 0.574219 0.976389 0.05 0.0472222 
0 0.472396 0.274769 0.0427083 0.0439815 
0 0.316406 0.634954 0.0380208 0.0736111 
0 0.759375 0.568519 0.0609375 0.0694444 
0 0.673307 0.201389 0.0424479 0.0685185 
0 0.769141 0.044213 0.0388021 0.0884259 
0 0.64349 0.738657 0.0427083 0.049537 
0 0.260417 0.65787 0.0625 0.0453704 
0 0.0677083 0.0328704 0.0458333 0.0638889 
0 0.66263 0.493981 0.0231771 0.0953704 
0 0.588802 0.597685 0.0479167 0.0481481 
0 0.45612 0.440046 0.0330729 0.113426 
0 0.561979 0.822917 0.0364583 0.0921296 
