0 0.490755 0.810648 0.0315104 0.0546296 
0 0.780339 0.743056 0.0789063 0.0648148 
0 0.555208 0.566435 0.0463542 0.0800926 
0 0.365885 0.506713 0.0411458 0.049537 
0 0.54401 0.942593 0.0364583 0.0731481 
0 0.238802 0.72338 0.0364583 0.0643518 
0 0.601562 0.0240741 0.0401042 0.0481481 
0 0.243099 0.399074 0.0455729 0.0555556 
0 0.620182 0.275231 0.0434896 0.0532407 
0 0.385807 0.613889 0.0372396 0.0925926 
0 0.960547 0.503472 0.0544271 0.0643518 
0 0.558594 0.4 0.0598958 0.0592593 
0 0.554167 0.80162 0.0390625 0.0541667 
0 0.457682 0.863889 0.0481771 0.0462963 
0 0.429427 0.496528 0.0395833 0.0532407 
0 0.36263 0.187037 0.0315104 0.0425926 
0 0.331901 0.624074 0.0346354 0.0435185 
0 0.599089 0.421296 0.0424479 0.130556 
0 0.680599 0.0293981 0.0294271 0.0587963 
0 0.849609 0.145602 0.0289063 0.0430556 
0 0.175911 0.676852 0.0273438 0.0490741 
0 0.523438 0.0231481 0.025 0.0453704 
0 0.680078 0.776389 0.0481771 0.0675926 
0 0.699219 0.149074 0.0604167 0.05 
0 0.293229 0.631944 0.0427083 0.0453704 
0 0.271484 0.58588 0.0377604 0.0476852 
0 0.130729 0.508333 0.0375 0.0601852 
0 0.732943 0.266898 0.0471354 0.0847222 
0 0.0890625 0.0474537 0.0432292 0.0384259 
0 0.069401 0.480787 0.0335938 0.0523148 
0 0.266406 0.968056 0.0416667 0.0638889 
0 0.60651 0.829398 0.0296875 0.0578704 
0 0.164844 0.763889 0.0520833 0.0648148 
0 0.426953 0.17963 0.0460938 0.0453704 
0 0.366016 0.736343 0.0638021 0.0625 
0 0.569401 0.684028 0.0351562 0.0699074 
0 0.479297 0.495602 0.0424479 0.0671296 
0 0.205729 0.0944444 0.0348958 0.0638889 
0 0.645443 0.818056 0.0518229 0.075 
0 0.350391 0.27963 0.0341146 0.0472222 
0 0.333984 0.459259 0.0382813 0.0694444 
0 0.671875 0.480324 0.0552083 0.0643518 
0 0.123828 0.26875 0.0335938 0.0865741 
