0 0.869661 0.463657 0.0388021 0.0847222 
0 0.940885 0.653241 0.0375 0.0648148 
0 0.338411 0.920139 0.0320312 0.0689815 
0 0.647917 0.334491 0.0770833 0.0865741 
0 0.69388 0.146528 0.0518229 0.0643518 
0 0.893099 0.818981 0.0273438 0.0703704 
0 0.646484 0.169213 0.0471354 0.122685 
0 0.754427 0.441667 0.0354167 0.10463 
0 0.111849 0.514815 0.0304688 0.0944444 
0 0.848177 0.625463 0.03125 0.0916667 
0 0.918359 0.505787 0.0424479 0.0560185 
0 0.432031 0.510417 0.0322917 0.0819444 
0 0.216276 0.713657 0.0445312 0.0736111 
0 0.783203 0.963426 0.0341146 0.0481481 
0 0.381901 0.551157 0.0289063 0.0615741 
0 0.644531 0.70625 0.0442708 0.0726852 
0 0.319531 0.694676 0.0375 0.0597222 
0 0.587891 0.819444 0.0414063 0.0611111 
0 0.598177 0.215278 0.0473958 0.111111 
0 0.822266 0.43125 0.0372396 0.0615741 
0 0.345964 0.394213 0.0554687 0.100463 
0 0.717318 0.48588 0.0351562 0.106019 
0 0.859896 0.685185 0.0359375 0.0481481 
0 0.165885 0.261111 0.0484375 0.0555556 
0 0.846224 0.725694 0.0382813 0.0680556 
0 0.401432 0.65787 0.0466146 0.0703704 
