0 0.748958 0.565509 0.0322917 0.108796 
0 0.588802 0.658796 0.0458333 0.130556 
0 0.712891 0.739583 0.0346354 0.0828704 
0 0.479427 0.615509 0.0286458 0.0912037 
0 0.630859 0.47963 0.0768229 0.0777778 
0 0.22487 0.78912 0.0419271 0.0606481 
0 0.489453 0.261574 0.0372396 0.106481 
0 0.982161 0.61412 0.0356771 0.0550926 
0 0.986849 0.203241 0.0216146 0.125 
0 0.544401 0.291204 0.0351562 0.121296 
0 0.261198 0.791667 0.04375 0.0731481 
0 0.847656 0.359028 0.0979167 0.0726852 
0 0.797266 0.788194 0.0346354 0.0587963 
0 0.163672 0.496759 0.0523437 0.0787037 
0 0.188672 0.725926 0.0335938 0.112037 
0 0.10651 0.715741 0.0322917 0.0805556 
0 0.629297 0.281944 0.0346354 0.0509259 
0 0.972656 0.537731 0.0536458 0.0615741 
0 0.852604 0.849537 0.0401042 0.0722222 
0 0.270833 0.604398 0.0369792 0.102315 
0 0.598568 0.374074 0.0471354 0.0518519 
0 0.474479 0.964352 0.0411458 0.0675926 
0 0.297786 0.902778 0.0763021 0.0972222 
0 0.435547 0.309259 0.0455729 0.0694444 
0 0.163542 0.60162 0.04375 0.0615741 
0 0.780729 0.85162 0.0411458 0.0680556 
0 0.105339 0.275 0.0684896 0.0527778 
0 0.845703 0.182176 0.0294271 0.0625 
0 0.566406 0.940972 0.0630208 0.074537 
0 0.173177 0.9375 0.0442708 0.0685185 
0 0.891146 0.377315 0.0411458 0.0712963 
0 0.782161 0.441435 0.0361979 0.0597222 
0 0.444792 0.510417 0.046875 0.128241 
0 0.807161 0.0520833 0.0492188 0.0736111 
