0 0.336849 0.22662 0.0742188 0.113426 
0 0.422656 0.513889 0.05625 0.132407 
0 0.807161 0.0965278 0.0888021 0.111574 
0 0.544531 0.388657 0.0432292 0.10787 
0 0.125651 0.160185 0.0726563 0.101852 
0 0.194141 0.48912 0.0544271 0.116204 
0 0.311198 0.922917 0.0583333 0.0976852 
0 0.645573 0.431481 0.101042 0.0814815 
0 0.803255 0.214583 0.0346354 0.161574 
0 0.609896 0.296296 0.0348958 0.130556 
0 0.597135 0.53912 0.0557292 0.0837963 
0 0.191276 0.33588 0.0346354 0.0921296 
0 0.867708 0.227546 0.0885417 0.099537 
0 0.377995 0.628009 0.0356771 0.0912037 
0 0.465234 0.0759259 0.0382813 0.141667 
0 0.110547 0.628009 0.0419271 0.0680556 
0 0.923828 0.255324 0.0388021 0.0884259 
0 0.107161 0.516435 0.0690104 0.125463 
0 0.758203 0.175694 0.0367187 0.0837963 
0 0.0645833 0.878935 0.0364583 0.116204 
0 0.56888 0.299306 0.0304688 0.11713 
0 0.48125 0.548611 0.0380208 0.0685185 
0 0.144401 0.58588 0.0283854 0.122685 
0 0.596745 0.86713 0.0356771 0.112963 
0 0.97513 0.946065 0.0398437 0.0986111 
0 0.541406 0.690972 0.0536458 0.0717593 
0 0.693359 0.627546 0.0664062 0.101389 
0 0.772005 0.685185 0.0434896 0.0981481 
0 0.975 0.571296 0.0447917 0.0787037 
0 0.503385 0.243287 0.0484375 0.0699074 
0 0.709505 0.239583 0.0585938 0.0930556 
0 0.417969 0.703241 0.0552083 0.0611111 
0 0.745052 0.436574 0.0276042 0.117593 
0 0.193359 0.581481 0.0611979 0.0722222 
0 0.010026 0.374769 0.0179687 0.10787 
0 0.354557 0.322917 0.0377604 0.050463 
0 0.86276 0.740278 0.0494792 0.125926 
0 0.914062 0.613194 0.0302083 0.0930556 
0 0.582422 0.671065 0.0429688 0.0800926 
0 0.969141 0.7125 0.0351562 0.0574074 
0 0.24362 0.952315 0.0450521 0.0888889 
0 0.623958 0.188194 0.0645833 0.0893519 
0 0.510677 0.298611 0.034375 0.0842593 
0 0.197005 0.861111 0.0382813 0.0740741 
0 0.834896 0.469907 0.0526042 0.062037 
0 0.772526 0.508565 0.0414063 0.0699074 
0 0.716797 0.290509 0.0507812 0.0634259 
