0 0.0339844 0.849074 0.0658854 0.0824074 
0 0.222656 0.915741 0.0635417 0.1 
0 0.245312 0.71713 0.0703125 0.0935185 
0 0.96237 0.244676 0.0705729 0.0736111 
0 0.945312 0.146528 0.0604167 0.0560185 
0 0.9625 0.0597222 0.075 0.0583333 
0 0.705078 0.8125 0.0731771 0.0787037 
0 0.704557 0.309491 0.0460938 0.0662037 
0 0.180599 0.890509 0.0403646 0.1125 
0 0.485547 0.266898 0.0778646 0.0763889 
0 0.205208 0.371296 0.0614583 0.0712963 
0 0.245443 0.625463 0.0335938 0.118519 
0 0.704036 0.675463 0.0434896 0.0777778 
0 0.0265625 0.662269 0.0411458 0.0930556 
0 0.629818 0.713194 0.0513021 0.0884259 
0 0.334375 0.454398 0.0505208 0.0736111 
0 0.917969 0.674537 0.0348958 0.0842593 
0 0.852083 0.384259 0.0651042 0.0916667 
0 0.385026 0.697917 0.0580729 0.0847222 
0 0.905208 0.750463 0.0369792 0.0953704 
0 0.958594 0.567824 0.0729167 0.0976852 
0 0.759245 0.921759 0.0429688 0.112963 
0 0.348177 0.966898 0.0682292 0.0662037 
0 0.55612 0.657639 0.0575521 0.0587963 
0 0.708984 0.522685 0.0653646 0.0731481 
0 0.555729 0.796528 0.0317708 0.106019 
0 0.817318 0.9375 0.0622396 0.087037 
0 0.854036 0.0666667 0.0601562 0.0481481 
0 0.0442708 0.732639 0.0421875 0.0986111 
