0 0.855469 0.56088 0.102604 0.183796 
0 0.675781 0.591435 0.084375 0.146759 
0 0.804167 0.0710648 0.0994792 0.125463 
0 0.630859 0.845833 0.0497396 0.0574074 
0 0.779688 0.602315 0.0927083 0.0703704 
0 0.519531 0.0717593 0.0682292 0.0824074 
0 0.334505 0.966204 0.0507812 0.0657407 
0 0.412891 0.507407 0.0674479 0.0722222 
0 0.554167 0.825231 0.0578125 0.0689815 
0 0.292708 0.0261574 0.0338542 0.0523148 
0 0.602995 0.77037 0.0643229 0.0759259 
0 0.515625 0.604167 0.0697917 0.0759259 
0 0.104167 0.0391204 0.0395833 0.0736111 
0 0.260286 0.0868056 0.0325521 0.0912037 
0 0.534245 0.391204 0.0393229 0.0851852 
0 0.398698 0.434259 0.0453125 0.0555556 
0 0.625911 0.377546 0.0330729 0.144907 
0 0.680599 0.668056 0.0778646 0.10463 
0 0.134505 0.840972 0.0393229 0.0569444 
0 0.457943 0.23912 0.0752604 0.0800926 
0 0.48099 0.803704 0.0328125 0.0611111 
0 0.563411 0.482639 0.0325521 0.113426 
0 0.590234 0.709028 0.0716146 0.0773148 
0 0.815885 0.65787 0.122917 0.0685185 
0 0.672396 0.93912 0.0411458 0.0847222 
0 0.442187 0.410417 0.0489583 0.0541667 
0 0.525 0.490046 0.0411458 0.1125 
0 0.150911 0.5 0.0309896 0.0703704 
0 0.679167 0.46088 0.0515625 0.049537 
0 0.972656 0.6875 0.0333333 0.0731481 
0 0.19375 0.0518519 0.0510417 0.0675926 
0 0.823698 0.266435 0.0489583 0.0449074 
0 0.397656 0.825 0.0734375 0.0574074 
0 0.0221354 0.330093 0.0390625 0.0685185 
0 0.784635 0.755324 0.0333333 0.10787 
0 0.254427 0.921065 0.0348958 0.0717593 
0 0.210286 0.412037 0.0179687 0.0740741 
0 0.184635 0.55162 0.065625 0.0736111 
0 0.497266 0.679861 0.0513021 0.0532407 
0 0.105859 0.215509 0.0273438 0.0476852 
0 0.448828 0.742593 0.0382813 0.0601852 
0 0.537109 0.237269 0.0544271 0.0708333 
0 0.593229 0.625463 0.05 0.1 
0 0.366016 0.779167 0.0419271 0.0944444 
0 0.123307 0.55463 0.0440104 0.0509259 
0 0.288802 0.689583 0.0328125 0.0625 
0 0.283203 0.347685 0.0617188 0.0925926 
0 0.33099 0.117593 0.0385417 0.0425926 
0 0.721615 0.0363426 0.046875 0.0671296 
0 0.205859 0.121065 0.0440104 0.0541667 
