0 0.143229 0.154398 0.0369792 0.114352 
0 0.568359 0.256944 0.0450521 0.17037 
0 0.0673177 0.34838 0.0523437 0.11713 
0 0.523958 0.230556 0.0583333 0.131481 
0 0.0914062 0.186574 0.0557292 0.075 
0 0.144271 0.402778 0.053125 0.0722222 
0 0.178906 0.231481 0.0515625 0.100926 
0 0.689062 0.874537 0.0317708 0.108333 
0 0.199219 0.765509 0.0395833 0.0550926 
0 0.328646 0.653704 0.0385417 0.0777778 
0 0.892057 0.433102 0.0794271 0.074537 
0 0.295964 0.582407 0.0403646 0.119444 
0 0.860807 0.740046 0.0679687 0.0717593 
0 0.92474 0.75162 0.0427083 0.159722 
0 0.66888 0.674074 0.0367187 0.062963 
0 0.610807 0.60463 0.0377604 0.0981481 
0 0.973177 0.293056 0.0484375 0.0935185 
0 0.0424479 0.800694 0.0567708 0.0921296 
0 0.684505 0.578009 0.0325521 0.0902778 
0 0.390495 0.596065 0.0361979 0.0930556 
0 0.798828 0.221759 0.0450521 0.0935185 
0 0.666016 0.254861 0.0643229 0.122685 
0 0.780729 0.957407 0.0473958 0.0814815 
0 0.552734 0.428472 0.0752604 0.106019 
0 0.554167 0.540046 0.0541667 0.0652778 
0 0.288021 0.123611 0.0401042 0.075 
0 0.546354 0.947222 0.0401042 0.0824074 
0 0.73737 0.887269 0.0466146 0.0625 
0 0.588281 0.733102 0.0322917 0.0865741 
0 0.497526 0.575694 0.0455729 0.0587963 
0 0.408203 0.459259 0.0424479 0.0694444 
0 0.229948 0.222454 0.0421875 0.129167 
0 0.717708 0.431713 0.034375 0.0800926 
0 0.20625 0.685417 0.0453125 0.0699074 
