0 0.27526 0.811111 0.0364583 0.0453704 
0 0.364974 0.213889 0.0408854 0.0574074 
0 0.654688 0.285185 0.0552083 0.0657407 
0 0.406771 0.968056 0.0505208 0.062037 
0 0.607422 0.861111 0.0299479 0.0555556 
0 0.35026 0.415509 0.0552083 0.0634259 
0 0.464063 0.48912 0.0494792 0.0699074 
0 0.751042 0.730556 0.0567708 0.0685185 
0 0.570833 0.409954 0.0572917 0.0578704 
0 0.626953 0.519213 0.0273438 0.0800926 
0 0.240104 0.149306 0.0510417 0.0476852 
0 0.717188 0.176157 0.075 0.0643518 
0 0.166536 0.947917 0.0440104 0.0791667 
0 0.768099 0.870602 0.0424479 0.0625 
0 0.800781 0.194213 0.0713542 0.0763889 
0 0.31237 0.678241 0.0330729 0.0768519 
0 0.497786 0.445833 0.0341146 0.0444444 
0 0.662109 0.598843 0.0507812 0.100463 
0 0.153776 0.717824 0.0398437 0.0532407 
0 0.64362 0.383102 0.0747396 0.074537 
0 0.089974 0.880556 0.0664062 0.087037 
0 0.596615 0.713194 0.0479167 0.0782407 
0 0.120182 0.0456019 0.0325521 0.0634259 
0 0.56888 0.124769 0.0648438 0.0847222 
0 0.404557 0.0773148 0.0445312 0.105556 
0 0.642057 0.679167 0.0585938 0.0935185 
0 0.222786 0.659259 0.0278646 0.0435185 
0 0.476823 0.128009 0.0333333 0.0726852 
0 0.380729 0.390278 0.0432292 0.0444444 
0 0.282682 0.478009 0.0278646 0.049537 
0 0.374479 0.729167 0.05 0.0583333 
0 0.658724 0.109491 0.0611979 0.103241 
0 0.800781 0.068287 0.0322917 0.0893519 
0 0.91901 0.246065 0.046875 0.0847222 
0 0.325 0.839352 0.0427083 0.0768519 
