0 0.0567708 0.752083 0.065625 0.150463 
0 0.896484 0.407176 0.0700521 0.0856481 
0 0.532682 0.677546 0.0361979 0.109722 
0 0.981901 0.628472 0.0356771 0.0625 
0 0.378646 0.717824 0.0541667 0.0763889 
0 0.780339 0.952315 0.0377604 0.0898148 
0 0.13151 0.57037 0.04375 0.102778 
0 0.307552 0.587269 0.0572917 0.118056 
0 0.147917 0.841667 0.0369792 0.106481 
0 0.779167 0.127546 0.0390625 0.110648 
0 0.280339 0.881944 0.0440104 0.0731481 
0 0.571875 0.328935 0.0385417 0.0865741 
0 0.567318 0.530093 0.0502604 0.143519 
0 0.917969 0.853241 0.0796875 0.0925926 
0 0.113932 0.953935 0.0664062 0.0912037 
0 0.174219 0.89838 0.0541667 0.135648 
0 0.207031 0.460185 0.0546875 0.0787037 
