0 0.238151 0.571991 0.0408854 0.0893519 
0 0.55026 0.486111 0.0390625 0.138889 
0 0.310547 0.683102 0.0450521 0.0967593 
0 0.48138 0.692361 0.0450521 0.0810185 
0 0.599089 0.594213 0.0455729 0.0615741 
0 0.716797 0.768287 0.0466146 0.102315 
0 0.780729 0.538194 0.05 0.0634259 
0 0.882292 0.5875 0.0541667 0.142593 
0 0.520052 0.950694 0.0541667 0.0856481 
0 0.0209635 0.433333 0.0419271 0.0546296 
0 0.873568 0.47963 0.0414063 0.115741 
0 0.0641927 0.27037 0.0502604 0.121296 
0 0.791536 0.710417 0.0492188 0.0523148 
0 0.180469 0.765972 0.0552083 0.0902778 
0 0.925781 0.258333 0.0552083 0.0592593 
0 0.630859 0.488194 0.0570313 0.0717593 
0 0.73776 0.473843 0.0432292 0.0773148 
0 0.646875 0.961806 0.0479167 0.0717593 
0 0.879818 0.309954 0.0356771 0.0550926 
0 0.613281 0.788657 0.0442708 0.170833 
0 0.439714 0.638889 0.0257812 0.10463 
