0 0.600521 0.207176 0.0536458 0.0976852 
0 0.787109 0.2 0.0549479 0.0916667 
0 0.123828 0.40162 0.0356771 0.100463 
0 0.921875 0.268287 0.0578125 0.0726852 
0 0.0777344 0.506713 0.0455729 0.104167 
0 0.242839 0.55 0.0544271 0.0851852 
0 0.890104 0.451852 0.0338542 0.0731481 
0 0.135156 0.491898 0.053125 0.0930556 
0 0.602604 0.75 0.0489583 0.0694444 
0 0.53125 0.296991 0.0416667 0.0523148 
0 0.520573 0.387963 0.0364583 0.105556 
0 0.707552 0.559491 0.0479167 0.074537 
0 0.707552 0.406713 0.0619792 0.0569444 
0 0.52487 0.822917 0.0382813 0.0717593 
0 0.624479 0.397917 0.0401042 0.0875 
0 0.552734 0.893287 0.0398437 0.0884259 
0 0.276432 0.434722 0.0408854 0.075 
0 0.572786 0.396759 0.0294271 0.1 
0 0.707031 0.193287 0.0307292 0.0578704 
0 0.958984 0.926157 0.0403646 0.0689815 
0 0.464583 0.29838 0.0265625 0.104167 
0 0.413281 0.806019 0.0515625 0.0712963 
0 0.204427 0.0608796 0.0401042 0.0597222 
0 0.853906 0.683565 0.0541667 0.0856481 
0 0.386719 0.700926 0.0401042 0.062037 
0 0.270052 0.646296 0.0401042 0.075 
0 0.221484 0.0231481 0.0377604 0.0462963 
0 0.754818 0.529167 0.0492188 0.0981481 
0 0.232682 0.883565 0.0388021 0.0680556 
0 0.555729 0.588657 0.0239583 0.0643518 
