0 0.664583 0.490741 0.0697917 0.0759259 
0 0.451562 0.78912 0.0411458 0.0458333 
0 0.461849 0.181481 0.0424479 0.0787037 
0 0.385807 0.113426 0.0466146 0.05 
0 0.355729 0.15625 0.0604167 0.0717593 
0 0.590885 0.387731 0.0359375 0.0689815 
0 0.505339 0.518056 0.0361979 0.0583333 
0 0.761719 0.440278 0.0541667 0.0601852 
0 0.402865 0.759491 0.0411458 0.0467593 
0 0.653385 0.0865741 0.03125 0.10463 
0 0.569922 0.434722 0.0523437 0.0759259 
0 0.51849 0.751389 0.03125 0.115741 
0 0.627474 0.162963 0.0278646 0.0712963 
0 0.580469 0.0979167 0.0692708 0.0625 
0 0.83112 0.586806 0.0445312 0.0615741 
0 0.732813 0.591435 0.0322917 0.0967593 
0 0.498568 0.152083 0.0330729 0.0587963 
0 0.0427083 0.0331019 0.0265625 0.0662037 
0 0.651823 0.267593 0.0572917 0.0740741 
0 0.630859 0.758333 0.0486979 0.0814815 
0 0.657292 0.817824 0.05625 0.0476852 
0 0.789062 0.721759 0.0317708 0.0990741 
0 0.286328 0.529398 0.0377604 0.0439815 
0 0.67487 0.187963 0.0513021 0.10463 
0 0.0248698 0.67662 0.0367187 0.0606481 
0 0.169141 0.165046 0.0502604 0.0513889 
0 0.682552 0.599306 0.0651042 0.110648 
0 0.215104 0.614583 0.0260417 0.0837963 
0 0.304688 0.938194 0.0432292 0.103241 
0 0.287891 0.293519 0.0278646 0.062963 
0 0.289193 0.135185 0.0492188 0.0425926 
0 0.226042 0.447917 0.0260417 0.0467593 
0 0.221484 0.373148 0.0403646 0.0472222 
0 0.605469 0.518519 0.0302083 0.0453704 
0 0.234245 0.159491 0.0440104 0.0476852 
