0 0.890625 0.21412 0.053125 0.1125 
0 0.205078 0.433333 0.0403646 0.100926 
0 0.704036 0.682639 0.0283854 0.109722 
0 0.809505 0.905324 0.0580729 0.0800926 
0 0.61862 0.300694 0.0648438 0.0726852 
0 0.28737 0.28912 0.0596354 0.0967593 
0 0.685026 0.78125 0.0309896 0.0902778 
0 0.871094 0.400694 0.0510417 0.0634259 
0 0.234635 0.442593 0.0385417 0.0953704 
0 0.416797 0.865972 0.0403646 0.0949074 
0 0.849609 0.822917 0.0799479 0.0699074 
0 0.278125 0.421065 0.0364583 0.0949074 
0 0.233333 0.366435 0.0364583 0.0893519 
0 0.626953 0.234259 0.0289063 0.0981481 
0 0.0450521 0.31713 0.0479167 0.087963 
0 0.433854 0.3375 0.0453125 0.0481481 
0 0.595312 0.568287 0.0338542 0.0634259 
0 0.230859 0.834028 0.0570313 0.075463 
0 0.592839 0.355324 0.0304688 0.106019 
0 0.115755 0.680556 0.0460938 0.062037 
0 0.95651 0.426389 0.0458333 0.0648148 
0 0.146745 0.475463 0.0377604 0.0805556 
0 0.865234 0.275926 0.0325521 0.0935185 
0 0.231901 0.96088 0.0320312 0.0680556 
0 0.76862 0.4 0.0408854 0.0833333 
0 0.965365 0.512731 0.0328125 0.103241 
0 0.319531 0.316435 0.0453125 0.0652778 
0 0.763672 0.257639 0.0591146 0.075463 
0 0.272396 0.682407 0.0296875 0.0824074 
0 0.98099 0.594676 0.0255208 0.075463 
0 0.929557 0.868056 0.0429688 0.0537037 
0 0.254557 0.547685 0.0518229 0.0527778 
0 0.666536 0.261574 0.0450521 0.0481481 
0 0.796875 0.966204 0.0520833 0.0638889 
0 0.686979 0.595833 0.046875 0.105556 
0 0.63763 0.756944 0.0309896 0.0824074 
0 0.578646 0.506019 0.0380208 0.112963 
0 0.945703 0.798611 0.0460938 0.0759259 
0 0.88724 0.662269 0.0515625 0.0671296 
0 0.533203 0.922685 0.0351562 0.0564815 
0 0.252214 0.634028 0.0341146 0.0550926 
0 0.688411 0.238426 0.0299479 0.0740741 
0 0.637109 0.977315 0.0434896 0.0453704 
0 0.983854 0.213657 0.0322917 0.0550926 
0 0.780208 0.758102 0.0489583 0.075463 
0 0.388151 0.516435 0.0236979 0.0791667 
0 0.632812 0.454861 0.0432292 0.0523148 
