0 0.611328 0.79213 0.0356771 0.0768519 
0 0.490885 0.149537 0.0390625 0.0592593 
0 0.560156 0.301157 0.0359375 0.0365741 
0 0.576693 0.0349537 0.0216146 0.0699074 
0 0.385677 0.499074 0.0421875 0.0574074 
0 0.652734 0.264352 0.0580729 0.0527778 
0 0.598177 0.276389 0.0416667 0.0351852 
0 0.121875 0.234491 0.0380208 0.0476852 
0 0.397005 0.574769 0.0304688 0.0532407 
0 0.570312 0.473843 0.0588542 0.0513889 
0 0.193099 0.233796 0.0289063 0.0444444 
0 0.493099 0.0643518 0.0335938 0.0435185 
0 0.469271 0.403009 0.0385417 0.0449074 
0 0.419661 0.6625 0.0377604 0.0583333 
0 0.618099 0.557176 0.0242187 0.0736111 
0 0.522396 0.836806 0.0328125 0.0847222 
0 0.591797 0.96875 0.0507812 0.0578704 
0 0.606901 0.0539352 0.0299479 0.0587963 
0 0.891667 0.442361 0.0609375 0.11713 
0 0.595703 0.187963 0.0231771 0.0759259 
0 0.399219 0.255556 0.0354167 0.0472222 
0 0.489974 0.556944 0.0283854 0.0435185 
0 0.558073 0.190972 0.0234375 0.0763889 
0 0.609375 0.106019 0.0494792 0.0518519 
0 0.685547 0.0907407 0.0481771 0.0472222 
0 0.578125 0.56713 0.0458333 0.062037 
0 0.301042 0.0979167 0.0385417 0.0662037 
0 0.5625 0.619444 0.0401042 0.0574074 
0 0.49388 0.964583 0.0367187 0.0662037 
0 0.601562 0.71875 0.0359375 0.0671296 
0 0.330339 0.208102 0.0382813 0.0375 
0 0.393229 0.390509 0.0328125 0.0523148 
0 0.857422 0.32662 0.0429688 0.0708333 
0 0.17487 0.847685 0.0377604 0.0342593 
