0 0.868229 0.760417 0.0520833 0.152315 
0 0.151953 0.298843 0.0393229 0.109722 
0 0.311719 0.417824 0.0390625 0.133796 
0 0.86224 0.246065 0.0666667 0.1625 
0 0.347656 0.178009 0.0526042 0.155093 
0 0.459766 0.140278 0.0846354 0.0740741 
0 0.835026 0.160648 0.0544271 0.137037 
0 0.224349 0.586343 0.0674479 0.0902778 
0 0.408203 0.471759 0.0653646 0.087037 
0 0.759766 0.490509 0.0893229 0.116204 
0 0.139193 0.75787 0.0346354 0.133333 
0 0.63776 0.0951389 0.034375 0.0597222 
0 0.952083 0.0539352 0.078125 0.0791667 
0 0.451953 0.558102 0.0596354 0.105093 
0 0.974089 0.278009 0.0497396 0.118056 
0 0.184766 0.434722 0.0528646 0.107407 
0 0.333203 0.62662 0.0669271 0.0736111 
0 0.401302 0.274537 0.0359375 0.161111 
0 0.948828 0.565046 0.0674479 0.0625 
0 0.405339 0.605093 0.0497396 0.133333 
0 0.733464 0.896528 0.0450521 0.0791667 
0 0.79349 0.619676 0.046875 0.0587963 
0 0.197786 0.657176 0.0518229 0.0689815 
0 0.0846354 0.902778 0.0526042 0.0685185 
0 0.308594 0.703009 0.0380208 0.0912037 
0 0.198437 0.264815 0.03125 0.0722222 
0 0.267057 0.855787 0.0643229 0.10787 
0 0.457943 0.686111 0.0570313 0.0935185 
0 0.651432 0.879398 0.0877604 0.124537 
0 0.188542 0.971296 0.0552083 0.0564815 
0 0.395964 0.918519 0.0403646 0.0824074 
