0 0.439974 0.06875 0.0690104 0.0930556 
0 0.686589 0.616667 0.0580729 0.167593 
0 0.660156 0.109491 0.08125 0.0837963 
0 0.452214 0.259954 0.0934896 0.0643518 
0 0.317448 0.432176 0.0354167 0.0560185 
0 0.460417 0.862731 0.0510417 0.128241 
0 0.659766 0.281019 0.0346354 0.0768519 
0 0.672786 0.952083 0.0424479 0.0930556 
0 0.707552 0.0509259 0.0552083 0.101852 
0 0.369922 0.278009 0.0455729 0.0671296 
0 0.539062 0.813889 0.0505208 0.100926 
0 0.688542 0.487269 0.096875 0.0689815 
0 0.470703 0.315278 0.0549479 0.0509259 
0 0.110937 0.0358796 0.0802083 0.0643518 
0 0.494661 0.0659722 0.0372396 0.0819444 
0 0.351823 0.667593 0.0244792 0.087037 
0 0.257812 0.0775463 0.059375 0.0560185 
0 0.73776 0.852546 0.0583333 0.0597222 
0 0.589844 0.740509 0.0260417 0.0625 
0 0.641146 0.634491 0.0270833 0.0680556 
0 0.527865 0.367361 0.0520833 0.075463 
0 0.217708 0.67662 0.0578125 0.0652778 
0 0.340885 0.33588 0.0380208 0.0606481 
0 0.085026 0.382639 0.0591146 0.0541667 
0 0.147917 0.691435 0.0432292 0.0643518 
0 0.165755 0.229167 0.0325521 0.0888889 
0 0.632292 0.931481 0.0380208 0.125926 
0 0.298307 0.68125 0.0325521 0.129167 
0 0.515625 0.954861 0.0677083 0.0689815 
0 0.0410156 0.205556 0.0393229 0.0981481 
0 0.529688 0.730093 0.08125 0.0638889 
0 0.311458 0.485185 0.0354167 0.0444444 
0 0.38763 0.675 0.0309896 0.125926 
0 0.186589 0.412269 0.0518229 0.0726852 
0 0.0272135 0.779861 0.0518229 0.050463 
0 0.515625 0.502083 0.0447917 0.0699074 
0 0.33138 0.79375 0.0278646 0.0652778 
0 0.440104 0.940972 0.0609375 0.0791667 
0 0.135937 0.486343 0.05625 0.0782407 
0 0.075651 0.546991 0.0742188 0.0597222 
0 0.476562 0.516898 0.0432292 0.122685 
0 0.605859 0.190741 0.0820312 0.0685185 
0 0.406901 0.732639 0.0356771 0.0893519 
0 0.044401 0.683565 0.0325521 0.104167 
0 0.553125 0.279398 0.05625 0.0449074 
0 0.509766 0.558565 0.0533854 0.0597222 
0 0.229948 0.535185 0.0651042 0.0527778 
0 0.416276 0.814583 0.0533854 0.0587963 
0 0.132812 0.759259 0.0286458 0.0685185 
0 0.0574219 0.948843 0.0372396 0.0615741 
0 0.305469 0.822917 0.025 0.0717593 
0 0.460938 0.47037 0.0729167 0.0694444 
0 0.442057 0.17963 0.0325521 0.0351852 
0 0.136589 0.159259 0.0408854 0.0787037 
0 0.611328 0.375 0.0351562 0.037037 
0 0.132812 0.107639 0.0932292 0.0615741 
