0 0.977604 0.141667 0.0421875 0.116667 
0 0.491927 0.0694444 0.0427083 0.125 
0 0.541016 0.0365741 0.0361979 0.0722222 
0 0.720703 0.050463 0.0622396 0.0555556 
0 0.423828 0.262269 0.0424479 0.0773148 
0 0.526432 0.158796 0.0497396 0.107407 
0 0.984896 0.378472 0.0302083 0.0828704 
0 0.527344 0.269907 0.0520833 0.0611111 
0 0.600651 0.120833 0.0268229 0.0796296 
0 0.344792 0.0685185 0.0729167 0.0509259 
0 0.410807 0.172917 0.0440104 0.0458333 
0 0.804297 0.22963 0.0367187 0.111111 
0 0.240625 0.347917 0.028125 0.115278 
0 0.859375 0.424537 0.0473958 0.0833333 
0 0.121224 0.105324 0.0414063 0.0606481 
0 0.49388 0.138657 0.0382813 0.0921296 
0 0.66849 0.191667 0.0411458 0.0546296 
0 0.846745 0.557639 0.0455729 0.0902778 
0 0.732943 0.54838 0.0408854 0.0912037 
0 0.339844 0.2375 0.0692708 0.062037 
0 0.364062 0.353241 0.0307292 0.0898148 
0 0.0427083 0.259491 0.0276042 0.0550926 
0 0.820833 0.287963 0.034375 0.0833333 
0 0.0795573 0.239352 0.0341146 0.0814815 
0 0.261719 0.383333 0.0333333 0.103704 
0 0.441927 0.328935 0.03125 0.0513889 
0 0.804688 0.63125 0.0567708 0.0597222 
0 0.323307 0.40625 0.0549479 0.0782407 
0 0.176042 0.199074 0.0302083 0.1 
0 0.630859 0.721759 0.0466146 0.0574074 
0 0.860807 0.266667 0.0492188 0.0666667 
