0 0.425781 0.144444 0.0463542 0.138889 
0 0.741797 0.16088 0.0539063 0.0800926 
0 0.115234 0.476852 0.0544271 0.106481 
0 0.228906 0.958333 0.0473958 0.0796296 
0 0.22513 0.541667 0.0664062 0.0666667 
0 0.530339 0.421528 0.0731771 0.075463 
0 0.457682 0.716204 0.0591146 0.0435185 
0 0.606901 0.0678241 0.0346354 0.0699074 
0 0.395052 0.825463 0.0572917 0.0657407 
0 0.439193 0.437269 0.0372396 0.0726852 
0 0.573698 0.96713 0.0578125 0.062963 
0 0.233724 0.661111 0.0768229 0.062963 
0 0.358724 0.397917 0.0289063 0.101389 
0 0.113151 0.936574 0.0580729 0.0537037 
0 0.2 0.852315 0.0390625 0.0703704 
0 0.516146 0.245602 0.0557292 0.134722 
0 0.198698 0.209954 0.0328125 0.122685 
0 0.0592448 0.684028 0.0408854 0.0625 
0 0.394531 0.0856481 0.0302083 0.109259 
0 0.407292 0.660185 0.0369792 0.151852 
0 0.163151 0.655324 0.0304688 0.0847222 
0 0.159635 0.961806 0.0494792 0.0717593 
0 0.464323 0.924537 0.0453125 0.037037 
0 0.271224 0.440509 0.0601562 0.0680556 
0 0.666536 0.642824 0.0445312 0.0486111 
0 0.489974 0.593287 0.0346354 0.0402778 
0 0.320443 0.204398 0.0414063 0.0671296 
0 0.288021 0.125926 0.0526042 0.0888889 
0 0.337891 0.451389 0.0434896 0.05 
0 0.64349 0.0178241 0.0770833 0.0347222 
0 0.019401 0.6875 0.0351562 0.0537037 
0 0.972656 0.255093 0.0447917 0.0768519 
0 0.164453 0.55162 0.0414063 0.0967593 
0 0.295443 0.518981 0.0429688 0.075 
0 0.675391 0.141204 0.0268229 0.062963 
0 0.220182 0.600463 0.0492188 0.0509259 
0 0.339323 0.150231 0.0557292 0.0662037 
0 0.82513 0.603241 0.0450521 0.0574074 
