0 0.553125 0.159259 0.0619792 0.141667 
0 0.786719 0.222454 0.0385417 0.0865741 
0 0.414844 0.0979167 0.0505208 0.0865741 
0 0.369922 0.375926 0.0450521 0.146296 
0 0.645573 0.312731 0.0489583 0.198611 
0 0.730469 0.244444 0.0427083 0.0990741 
0 0.470313 0.815046 0.1125 0.0736111 
0 0.407552 0.927778 0.0328125 0.0592593 
0 0.369141 0.474769 0.0716146 0.0587963 
0 0.347917 0.747454 0.0364583 0.0875 
0 0.0373698 0.828009 0.0591146 0.0717593 
0 0.564453 0.403704 0.0393229 0.0962963 
0 0.516536 0.563889 0.0414063 0.0685185 
0 0.429036 0.571528 0.0533854 0.0449074 
0 0.08125 0.230093 0.05625 0.0435185 
0 0.636198 0.840278 0.0364583 0.149074 
0 0.154557 0.561111 0.0658854 0.0527778 
0 0.0497396 0.929861 0.0494792 0.129167 
0 0.670833 0.411574 0.0375 0.0953704 
0 0.227734 0.928009 0.0429688 0.133796 
0 0.70026 0.177546 0.0901042 0.101389 
0 0.0309896 0.173148 0.053125 0.0648148 
0 0.683984 0.296065 0.0299479 0.074537 
0 0.288151 0.740046 0.0372396 0.118981 
0 0.313151 0.0972222 0.0789063 0.0638889 
0 0.282422 0.547685 0.0648438 0.0648148 
0 0.0259115 0.105556 0.0518229 0.0694444 
0 0.314453 0.947917 0.0377604 0.100463 
0 0.34987 0.204398 0.0736979 0.0532407 
0 0.651953 0.968056 0.0861979 0.0638889 
0 0.257812 0.827315 0.0609375 0.0703704 
0 0.21888 0.0851852 0.0710938 0.062037 
0 0.182422 0.96875 0.0450521 0.0569444 
0 0.665495 0.0506944 0.0398437 0.101389 
0 0.216927 0.559491 0.0526042 0.0893519 
0 0.519531 0.405093 0.08125 0.215741 
0 0.511719 0.0395833 0.0432292 0.0791667 
0 0.438542 0.95625 0.0291667 0.0875 
0 0.11237 0.12963 0.0804688 0.0685185 
0 0.132682 0.0511574 0.0315104 0.102315 
0 0.400391 0.227546 0.0377604 0.121759 
0 0.107161 0.464815 0.0513021 0.109259 
0 0.654297 0.709954 0.0627604 0.13287 
0 0.839844 0.740509 0.0338542 0.075463 
0 0.538542 0.0939815 0.0703125 0.14537 
0 0.0302083 0.293981 0.0557292 0.0657407 
0 0.663021 0.862269 0.0276042 0.0949074 
0 0.376172 0.815509 0.0804688 0.151389 
0 0.116927 0.684954 0.0416667 0.0884259 
0 0.119792 0.953009 0.05625 0.0912037 
0 0.457031 0.681713 0.0234375 0.0430556 
0 0.133854 0.6375 0.0427083 0.0481481 
0 0.715365 0.45 0.0354167 0.0518519 
0 0.275651 0.943519 0.0398437 0.0472222 
0 0.315625 0.646296 0.0453125 0.111111 
0 0.264193 0.881019 0.0388021 0.0444444 
0 0.871094 0.179861 0.0364583 0.0643518 
0 0.369271 0.0178241 0.05625 0.0356481 
0 0.0472656 0.050463 0.0835937 0.0759259 
0 0.167057 0.346991 0.0565104 0.0467593 
0 0.569792 0.599769 0.0609375 0.0467593 
0 0.348828 0.603935 0.0330729 0.0800926 
0 0.0170573 0.902083 0.0315104 0.0912037 
0 0.569792 0.357176 0.0286458 0.0467593 
0 0.869141 0.111806 0.0455729 0.0680556 
0 0.0942708 0.75463 0.0364583 0.0907407 
0 0.32474 0.163426 0.0713542 0.0564815 
0 0.189974 0.733102 0.0351562 0.0513889 
0 0.016276 0.204861 0.0309896 0.0513889 
0 0.372526 0.866204 0.0434896 0.075 
0 0.426953 0.706019 0.0278646 0.0638889 
