0 0.808203 0.369907 0.0486979 0.0768519 
0 0.619661 0.815972 0.0471354 0.156944 
0 0.702214 0.708796 0.0575521 0.132407 
0 0.489974 0.700463 0.0523437 0.0555556 
0 0.408464 0.362963 0.0367187 0.062037 
0 0.108724 0.0664352 0.0460938 0.0467593 
0 0.537109 0.0664352 0.0690104 0.0763889 
0 0.38112 0.758565 0.0481771 0.0726852 
0 0.440365 0.0458333 0.0395833 0.05 
0 0.797786 0.477315 0.0335938 0.0666667 
0 0.64987 0.447454 0.0315104 0.124537 
0 0.596094 0.199306 0.0630208 0.0662037 
0 0.367708 0.234259 0.0322917 0.0398148 
0 0.57474 0.490046 0.0557292 0.0810185 
0 0.402995 0.964352 0.0559896 0.0675926 
0 0.360677 0.0398148 0.0322917 0.0777778 
0 0.532682 0.342361 0.0632813 0.103241 
0 0.442318 0.796065 0.0570313 0.0439815 
0 0.813021 0.127546 0.0609375 0.0912037 
0 0.642578 0.708796 0.0523437 0.0759259 
0 0.585417 0.852778 0.04375 0.0675926 
0 0.528385 0.19213 0.0354167 0.037037 
0 0.696354 0.192824 0.0651042 0.0837963 
0 0.159115 0.511343 0.0427083 0.0810185 
0 0.513151 0.475231 0.0580729 0.075463 
0 0.753906 0.936574 0.034375 0.121296 
0 0.335547 0.731019 0.0414063 0.0518519 
0 0.0536458 0.428935 0.0302083 0.0699074 
0 0.164974 0.0585648 0.0414063 0.0606481 
0 0.664062 0.287731 0.0515625 0.120833 
0 0.839453 0.163426 0.0664062 0.0546296 
0 0.508854 0.810185 0.0322917 0.106481 
0 0.301562 0.225694 0.0458333 0.0560185 
0 0.274219 0.790741 0.0494792 0.0509259 
0 0.794401 0.253472 0.132552 0.0893519 
0 0.422396 0.871065 0.0411458 0.0476852 
0 0.944401 0.655324 0.0315104 0.0486111 
0 0.196094 0.109722 0.0421875 0.0407407 
0 0.288672 0.69375 0.0544271 0.0550926 
0 0.298568 0.325694 0.0304688 0.104167 
0 0.589844 0.324537 0.0348958 0.117593 
0 0.148438 0.018287 0.0505208 0.0365741 
0 0.707552 0.918519 0.0375 0.149074 
0 0.412891 0.207639 0.0367187 0.0550926 
0 0.38724 0.271528 0.0473958 0.0606481 
0 0.327474 0.594444 0.0382813 0.114815 
0 0.041276 0.618519 0.0414063 0.0574074 
0 0.772917 0.434954 0.102083 0.0625 
0 0.34388 0.369444 0.0294271 0.0518519 
0 0.171354 0.643056 0.0338542 0.0398148 
0 0.694401 0.0300926 0.0497396 0.0481481 
0 0.147266 0.401389 0.0429688 0.0768519 
0 0.49349 0.05625 0.0333333 0.0449074 
0 0.402604 0.106481 0.0635417 0.0583333 
0 0.191146 0.337963 0.0447917 0.075 
0 0.199479 0.865046 0.0598958 0.0513889 
0 0.758724 0.15625 0.0757812 0.123611 
0 0.679688 0.977315 0.0432292 0.0453704 
