0 0.100521 0.109491 0.04375 0.106019 
0 0.598047 0.0358796 0.0429688 0.0717593 
0 0.645052 0.648843 0.0614583 0.134722 
0 0.182682 0.187963 0.0372396 0.0722222 
0 0.954557 0.154167 0.0617188 0.103704 
0 0.515625 0.253472 0.0515625 0.144907 
0 0.13151 0.321528 0.0411458 0.0717593 
0 0.395573 0.0923611 0.0786458 0.126389 
0 0.703646 0.518287 0.0578125 0.1125 
0 0.976042 0.0490741 0.0427083 0.087037 
0 0.403385 0.335648 0.0984375 0.0814815 
0 0.546875 0.90787 0.0578125 0.0583333 
0 0.67487 0.284954 0.0414063 0.0967593 
0 0.885286 0.345602 0.0705729 0.0726852 
0 0.826172 0.335417 0.0408854 0.0625 
0 0.754427 0.408565 0.053125 0.13287 
0 0.684115 0.920139 0.0333333 0.0810185 
0 0.270573 0.410648 0.0333333 0.0925926 
0 0.942969 0.688426 0.0588542 0.0712963 
0 0.472396 0.0537037 0.0296875 0.0787037 
0 0.971615 0.750694 0.0505208 0.0773148 
0 0.0427083 0.45787 0.0734375 0.0888889 
0 0.0786458 0.633333 0.0479167 0.0675926 
0 0.959896 0.545139 0.0317708 0.0976852 
0 0.943359 0.456713 0.0325521 0.0976852 
0 0.148698 0.870602 0.0546875 0.0689815 
0 0.383203 0.471296 0.0513021 0.087963 
0 0.322786 0.115972 0.0658854 0.106944 
0 0.963932 0.42963 0.0398437 0.113889 
