0 0.0536458 0.877546 0.0463542 0.0884259 
0 0.578125 0.961111 0.0364583 0.0777778 
0 0.439974 0.437037 0.0617188 0.062037 
0 0.596094 0.766435 0.0828125 0.123611 
0 0.523438 0.490509 0.0333333 0.0402778 
0 0.495182 0.348611 0.0544271 0.0435185 
0 0.704167 0.881481 0.0463542 0.0824074 
0 0.367708 0.57338 0.0848958 0.0708333 
0 0.526823 0.213889 0.0359375 0.0601852 
0 0.373698 0.126157 0.0369792 0.0384259 
0 0.653255 0.557176 0.0674479 0.146759 
0 0.64362 0.90625 0.0346354 0.0467593 
0 0.368359 0.936574 0.0539063 0.0944444 
0 0.473177 0.0365741 0.0385417 0.0537037 
0 0.210417 0.589352 0.0473958 0.0592593 
0 0.696224 0.696528 0.0528646 0.0597222 
0 0.426823 0.671065 0.0536458 0.0921296 
0 0.576693 0.604398 0.0388021 0.0791667 
0 0.198177 0.731019 0.0588542 0.0925926 
0 0.261328 0.172917 0.0778646 0.0847222 
0 0.325 0.24537 0.04375 0.0509259 
0 0.386458 0.718287 0.0520833 0.0560185 
0 0.445573 0.60463 0.0270833 0.0462963 
0 0.235286 0.80787 0.0346354 0.0759259 
0 0.377734 0.86875 0.11276 0.075463 
0 0.2 0.0423611 0.0682292 0.0837963 
0 0.0714844 0.969444 0.0315104 0.0546296 
0 0.219661 0.323843 0.0351562 0.0699074 
0 0.729557 0.638657 0.0440104 0.0773148 
0 0.333073 0.121296 0.0442708 0.0601852 
0 0.0317708 0.248843 0.0526042 0.0606481 
0 0.336198 0.687963 0.0723958 0.0731481 
0 0.448958 0.243519 0.0328125 0.155556 
0 0.555208 0.547685 0.0302083 0.106481 
0 0.573698 0.09375 0.0265625 0.0356481 
0 0.16901 0.639815 0.0661458 0.0592593 
0 0.144922 0.159028 0.0361979 0.0671296 
0 0.165755 0.0826389 0.0361979 0.0486111 
0 0.427474 0.313426 0.0330729 0.0407407 
0 0.708464 0.47338 0.0283854 0.0421296 
0 0.0514323 0.46412 0.0335938 0.110648 
0 0.646484 0.472222 0.0346354 0.0657407 
0 0.264193 0.0523148 0.0377604 0.0388889 
0 0.300651 0.121065 0.0429688 0.0800926 
0 0.0540365 0.319676 0.0507812 0.0726852 
0 0.0747396 0.809954 0.0604167 0.0791667 
0 0.0973958 0.291667 0.0333333 0.0851852 
0 0.291536 0.276389 0.0492188 0.062037 
0 0.165104 0.240046 0.0453125 0.0930556 
0 0.396484 0.0601852 0.0320312 0.118519 
0 0.202734 0.880093 0.0419271 0.037963 
0 0.0135417 0.922685 0.0255208 0.0851852 
0 0.501953 0.842824 0.0471354 0.170833 
0 0.268359 0.409491 0.0476562 0.0986111 
0 0.0970052 0.435185 0.0559896 0.0601852 
0 0.327344 0.384954 0.0380208 0.0541667 
