0 0.685547 0.125231 0.0825521 0.108796 
0 0.134766 0.949537 0.0695312 0.0962963 
0 0.0891927 0.886574 0.0466146 0.14537 
0 0.520964 0.2 0.0695312 0.0953704 
0 0.82474 0.636343 0.0875 0.124537 
0 0.0988281 0.522454 0.0382813 0.074537 
0 0.642057 0.740046 0.0674479 0.0763889 
0 0.284635 0.858565 0.0479167 0.0810185 
0 0.890625 0.579398 0.0453125 0.0921296 
0 0.435417 0.798611 0.0380208 0.140741 
0 0.694401 0.848148 0.0450521 0.105556 
0 0.185417 0.27037 0.0744792 0.0833333 
0 0.988281 0.8625 0.0192708 0.12963 
0 0.214193 0.83287 0.0315104 0.087963 
0 0.89401 0.859722 0.0505208 0.0527778 
0 0.569792 0.743981 0.040625 0.0990741 
0 0.73724 0.636343 0.0651042 0.0921296 
0 0.266927 0.94537 0.0307292 0.105556 
0 0.132812 0.848611 0.0442708 0.0435185 
0 0.854427 0.925231 0.0536458 0.0763889 
0 0.754948 0.711806 0.0302083 0.0949074 
0 0.0188802 0.83287 0.0372396 0.146296 
0 0.336198 0.711111 0.0666667 0.121296 
0 0.289062 0.309954 0.0348958 0.0958333 
0 0.378125 0.961806 0.0489583 0.0763889 
0 0.914062 0.96713 0.09375 0.0657407 
0 0.711458 0.727083 0.05 0.0615741 
0 0.744661 0.955787 0.0674479 0.0810185 
0 0.38724 0.911343 0.0510417 0.0671296 
0 0.541536 0.96875 0.0372396 0.0550926 
0 0.20638 0.444444 0.0445312 0.0898148 
0 0.607031 0.861111 0.0619792 0.0574074 
0 0.949219 0.745139 0.0458333 0.1625 
