0 0.803646 0.82338 0.107813 0.103241 
0 0.741667 0.0627315 0.096875 0.0773148 
0 0.766146 0.259259 0.0479167 0.0953704 
0 0.69974 0.855093 0.0671875 0.0777778 
0 0.724609 0.325231 0.0684896 0.0680556 
0 0.655859 0.456713 0.0622396 0.106944 
0 0.756771 0.732639 0.0333333 0.111574 
0 0.25651 0.354861 0.0541667 0.0578704 
0 0.224219 0.831019 0.034375 0.0416667 
0 0.284635 0.0423611 0.0338542 0.0402778 
0 0.592318 0.528472 0.0528646 0.154167 
0 0.76901 0.357176 0.084375 0.0689815 
0 0.24375 0.228241 0.0395833 0.0805556 
0 0.761719 0.633333 0.0317708 0.0898148 
0 0.11263 0.230324 0.0466146 0.0541667 
0 0.630859 0.303472 0.0533854 0.0856481 
0 0.354688 0.654861 0.0255208 0.0412037 
0 0.55026 0.378704 0.0703125 0.0537037 
0 0.236719 0.784259 0.0723958 0.0537037 
0 0.870573 0.0293981 0.0567708 0.0587963 
0 0.385547 0.53125 0.0257812 0.074537 
0 0.726042 0.724769 0.0328125 0.148611 
0 0.963411 0.500926 0.0424479 0.062037 
0 0.0880208 0.802083 0.0484375 0.050463 
0 0.89401 0.278241 0.0494792 0.075 
0 0.392839 0.859259 0.0549479 0.0888889 
0 0.361328 0.144676 0.0471354 0.0430556 
0 0.210807 0.451389 0.0424479 0.0453704 
0 0.305859 0.263889 0.0497396 0.0601852 
0 0.504297 0.666667 0.0367187 0.0509259 
0 0.426953 0.043287 0.0585938 0.0541667 
0 0.474219 0.295833 0.0427083 0.0527778 
0 0.227734 0.178241 0.0341146 0.0740741 
0 0.690885 0.608565 0.0234375 0.0625 
0 0.784635 0.438657 0.0359375 0.0912037 
0 0.0407552 0.087963 0.0528646 0.0453704 
0 0.660156 0.161806 0.0354167 0.0699074 
0 0.797396 0.674537 0.0380208 0.062963 
0 0.449349 0.456944 0.0492188 0.0555556 
0 0.471354 0.901852 0.0671875 0.0712963 
0 0.290104 0.673148 0.0515625 0.0592593 
0 0.0552083 0.506944 0.0302083 0.062963 
0 0.114323 0.164815 0.0411458 0.037037 
0 0.186979 0.657639 0.0552083 0.0476852 
0 0.41901 0.492593 0.0385417 0.0361111 
0 0.392318 0.29375 0.0231771 0.0800926 
0 0.496354 0.728704 0.0510417 0.0648148 
0 0.178516 0.29375 0.0299479 0.0893519 
0 0.144922 0.772685 0.0575521 0.062037 
0 0.0891927 0.1 0.0268229 0.0740741 
0 0.329427 0.104398 0.0296875 0.0439815 
0 0.590234 0.427083 0.0341146 0.0523148 
0 0.678776 0.0541667 0.0341146 0.0490741 
0 0.504818 0.606019 0.0403646 0.037037 
0 0.672396 0.567593 0.0244792 0.087963 
0 0.542969 0.0335648 0.0296875 0.0671296 
0 0.411198 0.127315 0.0546875 0.0537037 
