0 0.858854 0.0979167 0.0338542 0.113426 
0 0.95651 0.427546 0.0369792 0.0587963 
0 0.725 0.430093 0.0453125 0.075 
0 0.879427 0.949769 0.0520833 0.0976852 
0 0.104557 0.0342593 0.0559896 0.062037 
0 0.619661 0.534722 0.0361979 0.0935185 
0 0.851042 0.329398 0.0453125 0.0708333 
0 0.879427 0.750232 0.034375 0.075463 
0 0.893099 0.85162 0.0533854 0.0763889 
0 0.975651 0.0284722 0.0315104 0.0550926 
0 0.562109 0.275463 0.0403646 0.0564815 
0 0.788672 0.441667 0.0497396 0.0768519 
0 0.348698 0.227083 0.0322917 0.0986111 
0 0.990234 0.483102 0.0164062 0.0912037 
0 0.843359 0.592824 0.0476562 0.0615741 
0 0.443359 0.156944 0.0315104 0.0925926 
0 0.308073 0.5875 0.0552083 0.116667 
0 0.166016 0.229167 0.0361979 0.0546296 
0 0.969792 0.136343 0.0411458 0.0884259 
0 0.711458 0.0736111 0.05 0.0685185 
0 0.917969 0.0891204 0.0260417 0.0782407 
0 0.332943 0.483565 0.0429688 0.0800926 
0 0.0708333 0.162269 0.040625 0.0671296 
0 0.704557 0.559028 0.0627604 0.0837963 
0 0.760156 0.622454 0.034375 0.074537 
0 0.803255 0.27037 0.0486979 0.0731481 
0 0.476172 0.580324 0.0471354 0.0773148 
0 0.383333 0.588889 0.0447917 0.0981481 
0 0.239714 0.81875 0.0611979 0.0662037 
0 0.957552 0.313426 0.0348958 0.0925926 
0 0.491276 0.85463 0.0419271 0.0888889 
