0 0.192448 0.578704 0.040625 0.087037 
0 0.83737 0.311111 0.0408854 0.0666667 
0 0.267318 0.592361 0.0658854 0.105093 
0 0.269922 0.690509 0.0481771 0.0958333 
0 0.965365 0.334954 0.0322917 0.0652778 
0 0.509766 0.492593 0.0403646 0.130556 
0 0.436589 0.53588 0.0523437 0.0958333 
0 0.167448 0.463657 0.0557292 0.13287 
0 0.689974 0.782176 0.0466146 0.0902778 
0 0.56888 0.354861 0.0351562 0.0652778 
0 0.141536 0.601157 0.0414063 0.074537 
0 0.73737 0.544676 0.0549479 0.0680556 
0 0.703646 0.455787 0.0359375 0.113426 
0 0.598047 0.490741 0.0471354 0.0638889 
0 0.488281 0.959259 0.0583333 0.0768519 
0 0.85599 0.39213 0.0489583 0.05 
0 0.833594 0.600694 0.0526042 0.131019 
0 0.785156 0.325231 0.0375 0.0791667 
0 0.576563 0.842361 0.0348958 0.109722 
0 0.569401 0.60162 0.0325521 0.0662037 
0 0.662109 0.463426 0.0455729 0.0648148 
0 0.445052 0.699537 0.0473958 0.0787037 
0 0.142318 0.770833 0.0539063 0.0861111 
0 0.941927 0.423148 0.0385417 0.0833333 
0 0.01875 0.278704 0.0375 0.126852 
0 0.377344 0.486111 0.0317708 0.0740741 
0 0.0777344 0.475231 0.0632813 0.1125 
0 0.697266 0.295833 0.0341146 0.0712963 
