0 0.845703 0.283333 0.0539063 0.087037 
0 0.865234 0.44537 0.0955729 0.0638889 
0 0.326562 0.494907 0.0494792 0.125926 
0 0.428255 0.637269 0.0710938 0.0875 
0 0.879427 0.556713 0.0322917 0.0587963 
0 0.792969 0.272685 0.0671875 0.119444 
0 0.952083 0.358102 0.08125 0.0689815 
0 0.233594 0.672222 0.0395833 0.0694444 
0 0.285677 0.747917 0.0463542 0.0791667 
0 0.162109 0.834259 0.0554687 0.0564815 
0 0.697266 0.957407 0.0580729 0.0824074 
0 0.625 0.784491 0.0333333 0.106944 
0 0.651953 0.827546 0.0382813 0.106944 
0 0.166406 0.691435 0.0416667 0.075463 
0 0.986849 0.198611 0.0221354 0.137037 
