0 0.646484 0.323611 0.0809896 0.186111 
0 0.528385 0.58588 0.0588542 0.131944 
0 0.238932 0.221991 0.0903646 0.135648 
0 0.826172 0.210185 0.0679687 0.152778 
0 0.617188 0.154167 0.0739583 0.10463 
0 0.595182 0.707407 0.0434896 0.0953704 
0 0.494661 0.319907 0.105469 0.0722222 
0 0.355208 0.597222 0.034375 0.142593 
0 0.198828 0.575926 0.0513021 0.161111 
0 0.058724 0.395833 0.0471354 0.110185 
0 0.94974 0.256713 0.0932292 0.139352 
0 0.902865 0.496991 0.0458333 0.0726852 
0 0.445312 0.495139 0.0380208 0.0828704 
0 0.176693 0.816898 0.0690104 0.110648 
0 0.776823 0.103472 0.090625 0.0699074 
0 0.880339 0.910417 0.0903646 0.075463 
0 0.38763 0.803472 0.0351562 0.146759 
0 0.121615 0.314583 0.0979167 0.0662037 
0 0.610286 0.0446759 0.0320312 0.0458333 
0 0.4375 0.126389 0.0364583 0.087963 
0 0.329297 0.353935 0.0950521 0.0782407 
0 0.835547 0.838889 0.0424479 0.137963 
0 0.411198 0.421991 0.0328125 0.134722 
0 0.825781 0.714352 0.0427083 0.0731481 
0 0.598177 0.413426 0.0609375 0.134259 
0 0.853516 0.0314815 0.0414063 0.0564815 
0 0.0911458 0.584028 0.0609375 0.0634259 
0 0.303646 0.700463 0.0458333 0.119444 
0 0.616667 0.507407 0.0802083 0.0611111 
0 0.283203 0.434954 0.0330729 0.0773148 
0 0.224349 0.632407 0.0304688 0.128704 
0 0.0148437 0.963426 0.0286458 0.0722222 
0 0.979557 0.118981 0.0398437 0.128704 
0 0.979036 0.841204 0.0351562 0.149074 
0 0.185937 0.4875 0.0375 0.0509259 
0 0.903255 0.199306 0.0726563 0.0652778 
0 0.249219 0.897685 0.0354167 0.118519 
0 0.941406 0.121759 0.0453125 0.107407 
0 0.446615 0.385417 0.0463542 0.106019 
0 0.352734 0.921065 0.0361979 0.127315 
0 0.529688 0.76088 0.0640625 0.0856481 
0 0.123307 0.488657 0.0398437 0.165278 
0 0.583073 0.861343 0.0442708 0.100463 
0 0.788151 0.374074 0.0377604 0.0740741 
0 0.532161 0.967824 0.0523437 0.0606481 
0 0.522005 0.828009 0.0523437 0.116204 
0 0.892578 0.612269 0.0700521 0.0652778 
0 0.366927 0.76088 0.0458333 0.116204 
0 0.971094 0.0342593 0.053125 0.0657407 
0 0.989323 0.34537 0.01875 0.0851852 
0 0.347396 0.958333 0.0453125 0.0824074 
0 0.547917 0.408102 0.05 0.0662037 
0 0.133333 0.537269 0.0489583 0.0939815 
0 0.714844 0.909722 0.0395833 0.126852 
0 0.857422 0.68588 0.0653646 0.0893519 
0 0.42487 0.646296 0.0330729 0.0527778 
0 0.926302 0.718518 0.071875 0.0675926 
