0 0.613802 0.0467593 0.0817708 0.0648148 
0 0.056901 0.247917 0.0335938 0.0782407 
0 0.148828 0.326389 0.0585938 0.0907407 
0 0.359766 0.176157 0.0450521 0.0958333 
0 0.223958 0.156944 0.0583333 0.0685185 
0 0.796875 0.303241 0.0645833 0.0944444 
0 0.553255 0.0842593 0.0924479 0.103704 
0 0.529297 0.38125 0.0507812 0.0717593 
0 0.554167 0.422917 0.0473958 0.0930556 
0 0.678125 0.315509 0.040625 0.049537 
0 0.763281 0.557639 0.0552083 0.0652778 
0 0.483854 0.12037 0.034375 0.0814815 
0 0.682552 0.0222222 0.0541667 0.0444444 
0 0.889063 0.755093 0.0458333 0.0916667 
0 0.441667 0.355787 0.0380208 0.0717593 
0 0.0669271 0.338194 0.0489583 0.0847222 
0 0.535677 0.142361 0.0447917 0.0884259 
0 0.632812 0.215278 0.0536458 0.135185 
0 0.330469 0.476157 0.0390625 0.0865741 
0 0.884766 0.203935 0.0471354 0.0819444 
0 0.0863281 0.39213 0.0283854 0.075 
0 0.941406 0.464815 0.0552083 0.0537037 
0 0.57526 0.966898 0.0494792 0.0615741 
0 0.0690104 0.518287 0.0359375 0.0773148 
0 0.447656 0.447917 0.0666667 0.0717593 
0 0.0276042 0.477778 0.0333333 0.062963 
0 0.170964 0.217824 0.0315104 0.0930556 
0 0.970703 0.204167 0.0476562 0.05 
0 0.436458 0.176389 0.0333333 0.125 
0 0.688932 0.150694 0.0643229 0.0587963 
0 0.96875 0.343056 0.0510417 0.0703704 
0 0.496094 0.515741 0.0375 0.0685185 
0 0.13763 0.708333 0.0268229 0.0972222 
0 0.0950521 0.905556 0.0583333 0.0777778 
0 0.421484 0.721296 0.0414063 0.087037 
0 0.741276 0.0835648 0.0434896 0.0671296 
0 0.114193 0.338889 0.0294271 0.126852 
0 0.814974 0.407176 0.0481771 0.0763889 
0 0.473177 0.282176 0.06875 0.0560185 
0 0.274609 0.321528 0.0585938 0.105093 
0 0.533203 0.212037 0.0450521 0.0555556 
0 0.664583 0.455324 0.0453125 0.0726852 
0 0.339583 0.713889 0.04375 0.0611111 
0 0.602604 0.25787 0.0572917 0.0935185 
0 0.547396 0.298148 0.0677083 0.0638889 
0 0.0851562 0.575231 0.0364583 0.0689815 
0 0.174089 0.352315 0.0481771 0.087963 
0 0.684115 0.846991 0.0369792 0.0800926 
0 0.978516 0.606713 0.0429688 0.0560185 
0 0.64987 0.83287 0.0335938 0.0694444 
