0 0.803646 0.0979167 0.0645833 0.111574 
0 0.412891 0.425463 0.0669271 0.102778 
0 0.724609 0.673611 0.0533854 0.0731481 
0 0.611849 0.953241 0.0674479 0.0898148 
0 0.849089 0.809491 0.120573 0.0800926 
0 0.778385 0.434954 0.11875 0.0708333 
0 0.403125 0.205093 0.0729167 0.0796296 
0 0.705078 0.533796 0.0763021 0.1 
0 0.740234 0.0365741 0.0653646 0.0675926 
0 0.298307 0.130324 0.0356771 0.0875 
0 0.509245 0.911574 0.0372396 0.169444 
0 0.164844 0.464815 0.0453125 0.130556 
0 0.47487 0.322454 0.0492188 0.0560185 
0 0.430599 0.172222 0.0320312 0.0712963 
0 0.552214 0.403935 0.0325521 0.156019 
0 0.641146 0.417361 0.141146 0.156944 
0 0.0528646 0.575926 0.034375 0.05 
0 0.301042 0.949769 0.053125 0.0532407 
0 0.490234 0.600463 0.0903646 0.0694444 
0 0.0782552 0.237731 0.0315104 0.0736111 
0 0.522917 0.731713 0.0692708 0.106019 
0 0.411849 0.345139 0.0518229 0.0449074 
0 0.569401 0.841667 0.0346354 0.107407 
0 0.9625 0.223148 0.0354167 0.0574074 
0 0.48737 0.403241 0.0335938 0.0731481 
0 0.766667 0.933102 0.0354167 0.0541667 
0 0.504818 0.447454 0.0549479 0.0625 
0 0.275391 0.647685 0.0289063 0.102778 
0 0.0479167 0.755787 0.0505208 0.0513889 
0 0.11888 0.491667 0.0341146 0.1 
0 0.104167 0.728704 0.0354167 0.0648148 
0 0.184896 0.81875 0.0385417 0.108796 
0 0.267448 0.233565 0.0875 0.0615741 
0 0.620703 0.182407 0.0273438 0.0981481 
0 0.252214 0.349769 0.0695312 0.0652778 
0 0.490234 0.15162 0.0539063 0.0782407 
0 0.255599 0.143056 0.0361979 0.0981481 
0 0.343229 0.0849537 0.0458333 0.0578704 
0 0.159505 0.976852 0.0424479 0.0462963 
0 0.0824219 0.706481 0.0289063 0.0574074 
0 0.454167 0.120139 0.0328125 0.0606481 
0 0.367448 0.868981 0.0411458 0.0574074 
0 0.548307 0.96875 0.0445312 0.0578704 
0 0.425521 0.913194 0.0203125 0.0791667 
0 0.142318 0.0405093 0.0554687 0.0773148 
0 0.240495 0.84537 0.0585938 0.0537037 
0 0.124609 0.206944 0.0320312 0.0861111 
0 0.229297 0.102083 0.0372396 0.159722 
0 0.2625 0.762269 0.0447917 0.0412037 
0 0.396484 0.873148 0.0283854 0.087037 
0 0.476823 0.850694 0.0739583 0.0689815 
0 0.227865 0.0356481 0.0447917 0.0712963 
0 0.0546875 0.278935 0.0645833 0.0421296 
0 0.364844 0.030787 0.0541667 0.0615741 
0 0.426302 0.760417 0.0411458 0.0587963 
0 0.205208 0.906944 0.0541667 0.0768519 
0 0.140104 0.340741 0.04375 0.0638889 
0 0.334896 0.853472 0.0333333 0.0523148 
0 0.624089 0.543287 0.0356771 0.0587963 
0 0.173828 0.683102 0.0429688 0.0726852 
0 0.447005 0.451389 0.0601562 0.0462963 
