0 0.863802 0.455324 0.0515625 0.0800926 
0 0.563932 0.0752315 0.0372396 0.0680556 
0 0.105599 0.108333 0.0549479 0.0787037 
0 0.886198 0.0344907 0.0739583 0.0671296 
0 0.380599 0.0666667 0.0466146 0.117593 
0 0.757812 0.325694 0.0354167 0.103241 
0 0.794531 0.315046 0.0432292 0.0606481 
0 0.647005 0.0719907 0.0851562 0.074537 
0 0.959896 0.170602 0.0489583 0.0652778 
0 0.97513 0.248611 0.0393229 0.0768519 
0 0.954557 0.317361 0.0669271 0.0708333 
0 0.349349 0.344213 0.0596354 0.0662037 
0 0.922786 0.797685 0.0382813 0.0694444 
0 0.854948 0.246759 0.028125 0.0861111 
0 0.530339 0.062963 0.0325521 0.05 
0 0.619141 0.135185 0.0424479 0.0981481 
0 0.884245 0.311574 0.0382813 0.0694444 
0 0.236589 0.0275463 0.0669271 0.0550926 
0 0.606901 0.186111 0.0403646 0.0907407 
0 0.260807 0.54213 0.0382813 0.0453704 
0 0.108724 0.28588 0.0492188 0.0662037 
0 0.51224 0.232176 0.0296875 0.103241 
0 0.185937 0.0689815 0.0322917 0.0916667 
0 0.157161 0.570139 0.0486979 0.0689815 
0 0.38112 0.525231 0.0367187 0.0652778 
0 0.0365885 0.247685 0.0638021 0.0851852 
0 0.897526 0.628472 0.0330729 0.0847222 
0 0.758333 0.778935 0.0364583 0.074537 
0 0.419401 0.185648 0.0382813 0.123148 
0 0.298958 0.403009 0.0369792 0.0902778 
0 0.756771 0.0592593 0.0546875 0.0935185 
0 0.555729 0.251852 0.0401042 0.0444444 
0 0.229687 0.171296 0.0354167 0.0666667 
0 0.159115 0.345602 0.0302083 0.0763889 
0 0.738281 0.593287 0.0380208 0.050463 
0 0.83151 0.300463 0.0354167 0.0444444 
0 0.57526 0.303704 0.0364583 0.0796296 
0 0.467318 0.374769 0.0455729 0.075463 
0 0.67487 0.0173611 0.0638021 0.0328704 
0 0.468229 0.21088 0.0401042 0.0402778 
0 0.211979 0.457407 0.0390625 0.0768519 
0 0.697266 0.683565 0.0492188 0.075463 
