0 0.822266 0.595139 0.0653646 0.121759 
0 0.828125 0.410648 0.126563 0.105556 
0 0.775911 0.118287 0.0382813 0.198611 
0 0.866667 0.493056 0.0661458 0.0694444 
0 0.636198 0.0719907 0.0692708 0.13287 
0 0.423047 0.881481 0.0705729 0.105556 
0 0.572786 0.348843 0.0815104 0.103241 
0 0.727083 0.358565 0.0869792 0.106944 
0 0.420182 0.789815 0.0486979 0.0805556 
0 0.415365 0.659028 0.0744792 0.0921296 
0 0.505339 0.678472 0.0544271 0.0606481 
0 0.562891 0.865972 0.0315104 0.152315 
0 0.905729 0.34838 0.103646 0.0949074 
0 0.591276 0.679167 0.0315104 0.132407 
0 0.298568 0.740509 0.0335938 0.0652778 
0 0.614714 0.955787 0.0653646 0.0865741 
0 0.486849 0.759491 0.0460938 0.0541667 
0 0.245443 0.844444 0.0684896 0.062963 
0 0.540495 0.0340278 0.0476562 0.0643518 
0 0.241276 0.482176 0.0388021 0.143981 
0 0.515625 0.90625 0.0567708 0.0893519 
0 0.034375 0.978935 0.065625 0.0421296 
0 0.473698 0.547222 0.0380208 0.0537037 
0 0.757812 0.581481 0.0614583 0.110185 
0 0.413151 0.101389 0.0486979 0.175 
0 0.30612 0.47037 0.0367187 0.075 
0 0.442708 0.596065 0.0328125 0.0847222 
0 0.31901 0.357176 0.071875 0.0726852 
0 0.163281 0.814352 0.0359375 0.111111 
0 0.0839844 0.495139 0.0653646 0.0467593 
0 0.555599 0.239583 0.0445312 0.0976852 
0 0.275781 0.703472 0.0411458 0.101389 
0 0.371224 0.455556 0.0658854 0.10463 
0 0.298047 0.0733796 0.0325521 0.109722 
0 0.171615 0.133565 0.0578125 0.128241 
0 0.392318 0.39838 0.0466146 0.050463 
0 0.608854 0.210185 0.0359375 0.193519 
0 0.257292 0.0949074 0.0692708 0.0490741 
0 0.243099 0.762963 0.0533854 0.062037 
0 0.79349 0.975 0.102083 0.05 
0 0.272266 0.61412 0.0705729 0.0513889 
0 0.135156 0.686111 0.0348958 0.0657407 
0 0.551693 0.106019 0.0335938 0.124074 
0 0.159635 0.656018 0.0375 0.0944444 
