0 0.770964 0.585417 0.0658854 0.186574 
0 0.874479 0.629398 0.0671875 0.216204 
0 0.64349 0.384259 0.04375 0.125 
0 0.971224 0.0638889 0.0393229 0.0768519 
0 0.497656 0.768056 0.0682292 0.0851852 
0 0.155599 0.345139 0.103385 0.0912037 
0 0.452604 0.748611 0.0401042 0.131481 
0 0.238542 0.9375 0.0447917 0.0925926 
0 0.316406 0.837269 0.0421875 0.118981 
0 0.178906 0.900231 0.0489583 0.1125 
0 0.506901 0.26875 0.0450521 0.165278 
0 0.589323 0.646296 0.0729167 0.12037 
0 0.816797 0.93588 0.0497396 0.119907 
0 0.182682 0.459954 0.0429688 0.0643518 
0 0.063151 0.408565 0.0429688 0.113426 
0 0.134635 0.926389 0.03125 0.087963 
0 0.053776 0.665741 0.0549479 0.149074 
0 0.0696615 0.797685 0.0632813 0.0768519 
0 0.656771 0.967824 0.0427083 0.0615741 
0 0.898438 0.539583 0.0515625 0.0652778 
0 0.551693 0.0946759 0.0398437 0.0439815 
