0 0.19349 0.805787 0.06875 0.123611 
0 0.502995 0.872917 0.0695312 0.120833 
0 0.90625 0.736343 0.0348958 0.0643518 
0 0.676302 0.684954 0.0526042 0.0708333 
0 0.837891 0.845833 0.0419271 0.100926 
0 0.64349 0.866435 0.0515625 0.0560185 
0 0.223047 0.636574 0.0518229 0.107407 
0 0.336979 0.862037 0.0614583 0.0777778 
0 0.301693 0.571296 0.0403646 0.105556 
0 0.845182 0.516204 0.0361979 0.158333 
0 0.850651 0.764352 0.0341146 0.0953704 
0 0.517578 0.678009 0.0299479 0.0476852 
0 0.686068 0.891435 0.0382813 0.0587963 
0 0.357031 0.767361 0.0421875 0.0782407 
0 0.787109 0.494907 0.0486979 0.0564815 
0 0.477083 0.458796 0.0453125 0.119444 
0 0.0753906 0.868519 0.0268229 0.0796296 
0 0.572266 0.571528 0.0325521 0.0717593 
0 0.0282552 0.977315 0.0559896 0.0453704 
0 0.252214 0.846528 0.0455729 0.0689815 
0 0.186198 0.952083 0.0567708 0.0810185 
0 0.330078 0.691898 0.0627604 0.0615741 
0 0.432422 0.50162 0.0257812 0.0523148 
