0 0.604948 0.338657 0.0411458 0.111574 
0 0.954036 0.266898 0.0580729 0.138426 
0 0.96237 0.35 0.0382813 0.0972222 
0 0.0660156 0.264815 0.0460938 0.0712963 
0 0.1625 0.25463 0.0307292 0.127778 
0 0.53763 0.2 0.0346354 0.114815 
0 0.204818 0.428704 0.0653646 0.0675926 
0 0.11237 0.206713 0.0257812 0.104167 
0 0.963802 0.758565 0.0442708 0.0689815 
0 0.938932 0.475694 0.0481771 0.0662037 
0 0.770443 0.686343 0.0294271 0.0939815 
0 0.377214 0.514352 0.0309896 0.102778 
0 0.720312 0.266435 0.0369792 0.110648 
0 0.768099 0.896759 0.0544271 0.0685185 
0 0.455339 0.488194 0.0471354 0.0587963 
0 0.811979 0.745602 0.0390625 0.0652778 
0 0.39362 0.33287 0.0742188 0.0666667 
0 0.902344 0.334491 0.0541667 0.0597222 
0 0.558594 0.501389 0.0578125 0.0574074 
0 0.983854 0.654398 0.0307292 0.10787 
0 0.827604 0.608796 0.040625 0.0833333 
0 0.0651042 0.450463 0.0333333 0.140741 
0 0.715365 0.670139 0.0375 0.0782407 
0 0.801302 0.950694 0.0552083 0.0569444 
0 0.339063 0.911574 0.04375 0.0490741 
0 0.130208 0.546296 0.03125 0.0935185 
0 0.594271 0.574769 0.0380208 0.0625 
0 0.88776 0.597685 0.0380208 0.0805556 
0 0.705469 0.338426 0.0458333 0.0916667 
