0 0.570312 0.482176 0.0411458 0.146759 
0 0.507812 0.551157 0.0619792 0.0615741 
0 0.598177 0.752778 0.0385417 0.121296 
0 0.660156 0.471065 0.0338542 0.0865741 
0 0.686458 0.960185 0.0364583 0.0759259 
0 0.788021 0.595833 0.0333333 0.0962963 
0 0.494141 0.341204 0.0356771 0.0611111 
0 0.0358073 0.122917 0.0372396 0.0560185 
0 0.500521 0.197917 0.0588542 0.0856481 
0 0.479036 0.715972 0.0481771 0.075463 
0 0.63138 0.290278 0.0388021 0.107407 
0 0.696745 0.204167 0.0450521 0.0583333 
0 0.563411 0.646759 0.0794271 0.112963 
0 0.0674479 0.447454 0.040625 0.0717593 
0 0.667969 0.69838 0.0630208 0.0652778 
0 0.520052 0.10463 0.0541667 0.062037 
0 0.559115 0.813426 0.0380208 0.106481 
0 0.731901 0.124074 0.0554687 0.106481 
0 0.576172 0.687963 0.0356771 0.075 
0 0.0545573 0.522685 0.0429688 0.0564815 
0 0.248958 0.939352 0.0447917 0.0490741 
0 0.680208 0.130324 0.04375 0.116204 
0 0.692839 0.04375 0.0695312 0.0726852 
0 0.598698 0.852083 0.0432292 0.0569444 
0 0.216927 0.658102 0.0390625 0.0523148 
0 0.349349 0.572222 0.0591146 0.062963 
0 0.48151 0.83125 0.0364583 0.0856481 
0 0.161589 0.553472 0.0294271 0.0384259 
0 0.654688 0.273148 0.0270833 0.0611111 
0 0.614323 0.921065 0.0270833 0.0930556 
0 0.392578 0.967824 0.0377604 0.0606481 
0 0.479297 0.291667 0.0424479 0.0722222 
0 0.161849 0.377778 0.0460938 0.0657407 
0 0.738281 0.715278 0.0328125 0.0472222 
0 0.410677 0.175231 0.0380208 0.0689815 
0 0.701172 0.795139 0.0481771 0.121759 
0 0.594661 0.0525463 0.0893229 0.0578704 
0 0.638151 0.769444 0.0408854 0.0648148 
0 0.050651 0.940046 0.0419271 0.0569444 
0 0.229948 0.296759 0.0395833 0.0462963 
0 0.178385 0.232176 0.0255208 0.0699074 
0 0.464323 0.767593 0.0588542 0.062963 
0 0.240625 0.465278 0.034375 0.0740741 
0 0.151302 0.201157 0.0291667 0.075463 
0 0.081901 0.17963 0.0393229 0.0444444 
0 0.209505 0.371296 0.0304688 0.0574074 
0 0.0880208 0.0965278 0.0328125 0.0791667 
0 0.584375 0.183333 0.0567708 0.105556 
0 0.0729167 0.408565 0.0265625 0.0476852 
0 0.225521 0.761806 0.0401042 0.0791667 
0 0.465625 0.548843 0.0244792 0.0875 
0 0.072526 0.58588 0.0617188 0.0782407 
0 0.339844 0.87963 0.0359375 0.0759259 
0 0.119531 0.421991 0.0505208 0.0449074 
0 0.287109 0.549074 0.0388021 0.0731481 
0 0.299349 0.503472 0.0356771 0.0726852 
0 0.144661 0.05 0.0658854 0.0537037 
0 0.829167 0.957639 0.05 0.075463 
0 0.511719 0.747917 0.0369792 0.100463 
