0 0.890625 0.544213 0.05625 0.0763889 
0 0.600651 0.701852 0.0471354 0.118519 
0 0.214062 0.857639 0.0479167 0.0699074 
0 0.821745 0.90787 0.0601562 0.106481 
0 0.957552 0.741898 0.0682292 0.0819444 
0 0.172656 0.809028 0.0296875 0.0902778 
0 0.902734 0.63588 0.0513021 0.0726852 
0 0.520964 0.974537 0.0570313 0.0509259 
0 0.544531 0.632407 0.0619792 0.112037 
0 0.0266927 0.860185 0.0507812 0.0944444 
0 0.616146 0.844676 0.0390625 0.0875 
0 0.586979 0.920139 0.0588542 0.0763889 
0 0.6875 0.471759 0.0598958 0.100926 
0 0.311719 0.641435 0.0572917 0.0708333 
