0 0.838802 0.822917 0.0796875 0.154167 
0 0.323047 0.734028 0.0533854 0.125463 
0 0.381901 0.824769 0.0726563 0.0689815 
0 0.961458 0.0465278 0.0588542 0.0884259 
0 0.316667 0.532176 0.0317708 0.135648 
0 0.394531 0.596296 0.0276042 0.05 
0 0.795443 0.94537 0.0377604 0.0990741 
0 0.323698 0.643056 0.0338542 0.0759259 
0 0.756771 0.956481 0.0354167 0.0814815 
0 0.0673177 0.875463 0.0440104 0.0546296 
0 0.224349 0.893056 0.0523437 0.0824074 
0 0.265885 0.809954 0.03125 0.0810185 
0 0.875391 0.255324 0.0330729 0.0902778 
0 0.421875 0.952315 0.0692708 0.0814815 
0 0.9375 0.430324 0.0619792 0.0430556 
0 0.36888 0.97662 0.0356771 0.0467593 
0 0.272526 0.558102 0.0382813 0.140278 
0 0.63724 0.739815 0.0375 0.0796296 
0 0.15651 0.739583 0.0359375 0.0763889 
0 0.691927 0.825926 0.0338542 0.0694444 
0 0.450651 0.596296 0.0429688 0.0481481 
0 0.173177 0.978704 0.0510417 0.0425926 
0 0.558984 0.923611 0.0481771 0.0564815 
0 0.985807 0.569907 0.0257812 0.0916667 
0 0.910677 0.297222 0.0473958 0.0537037 
0 0.839844 0.376389 0.028125 0.037037 
