0 0.523958 0.597222 0.0609375 0.167593 
0 0.979036 0.835648 0.0388021 0.0796296 
0 0.488021 0.244444 0.059375 0.0851852 
0 0.613281 0.232176 0.0473958 0.0976852 
0 0.0942708 0.0337963 0.0859375 0.0675926 
0 0.410937 0.403009 0.0770833 0.0597222 
0 0.901432 0.461111 0.0388021 0.118519 
0 0.738672 0.810417 0.0544271 0.0884259 
0 0.940495 0.6375 0.0929687 0.0777778 
0 0.192448 0.549769 0.0302083 0.0615741 
0 0.626953 0.406019 0.0330729 0.109259 
0 0.561068 0.793519 0.0393229 0.0916667 
0 0.505339 0.753241 0.0492188 0.0555556 
0 0.240885 0.72963 0.05 0.0907407 
0 0.394922 0.803241 0.0809896 0.107407 
0 0.776432 0.963657 0.0429688 0.0699074 
0 0.844792 0.954167 0.0515625 0.087037 
0 0.707422 0.900231 0.0356771 0.105093 
0 0.300781 0.711343 0.0609375 0.158796 
0 0.946354 0.962731 0.0697917 0.074537 
0 0.43776 0.297917 0.0333333 0.0819444 
0 0.0384115 0.822222 0.0601562 0.0842593 
