0 0.462891 0.581019 0.0429688 0.062037 
0 0.268229 0.783102 0.0375 0.0837963 
0 0.499479 0.539583 0.0354167 0.0476852 
0 0.368359 0.28588 0.0424479 0.0467593 
0 0.504427 0.91412 0.0322917 0.0486111 
0 0.12474 0.35 0.0338542 0.0703704 
0 0.705078 0.0861111 0.0815104 0.103704 
0 0.633724 0.488657 0.0575521 0.0782407 
0 0.48125 0.21412 0.034375 0.0634259 
0 0.434896 0.284954 0.0395833 0.0689815 
0 0.575651 0.51088 0.0565104 0.0708333 
0 0.315495 0.761806 0.0341146 0.0837963 
0 0.279297 0.894213 0.0341146 0.0486111 
0 0.507812 0.270602 0.0416667 0.0717593 
0 0.666536 0.20162 0.0731771 0.104167 
0 0.123698 0.102546 0.034375 0.0773148 
0 0.422526 0.675694 0.0450521 0.0810185 
0 0.724219 0.2875 0.0671875 0.0601852 
0 0.663021 0.737963 0.0442708 0.0851852 
0 0.809505 0.332639 0.0841146 0.0800926 
0 0.226823 0.71875 0.0255208 0.0384259 
0 0.354948 0.496528 0.0494792 0.049537 
0 0.572266 0.271296 0.0388021 0.119444 
0 0.673437 0.981944 0.0588542 0.0361111 
0 0.0735677 0.859259 0.0539063 0.037963 
0 0.165495 0.600231 0.0528646 0.0652778 
0 0.251302 0.05 0.0291667 0.0444444 
0 0.657292 0.592361 0.03125 0.0912037 
0 0.148698 0.753472 0.021875 0.0689815 
0 0.286458 0.591898 0.0270833 0.0699074 
0 0.657161 0.814352 0.0559896 0.0907407 
0 0.384766 0.476157 0.0414063 0.0476852 
0 0.614323 0.0351852 0.0322917 0.0703704 
0 0.65625 0.417824 0.0510417 0.0689815 
0 0.541536 0.859491 0.0502604 0.0884259 
0 0.300521 0.427315 0.0453125 0.0444444 
0 0.114193 0.225231 0.0434896 0.0606481 
