0 0.298047 0.919213 0.0367187 0.144907 
0 0.284375 0.612731 0.0328125 0.143981 
0 0.185417 0.643056 0.0333333 0.166667 
0 0.668359 0.685648 0.0684896 0.1 
0 0.946745 0.874074 0.0596354 0.0537037 
0 0.931641 0.951389 0.0434896 0.0944444 
0 0.76849 0.77037 0.078125 0.0796296 
0 0.972266 0.669444 0.0544271 0.0722222 
0 0.344271 0.972917 0.0416667 0.0523148 
0 0.0283854 0.972222 0.0453125 0.0537037 
0 0.252995 0.964352 0.0539063 0.0657407 
0 0.386849 0.980787 0.0455729 0.0384259 
0 0.232031 0.779398 0.0484375 0.0625 
0 0.863281 0.882407 0.0697917 0.062963 
0 0.666016 0.410185 0.0471354 0.0712963 
0 0.345703 0.778704 0.0575521 0.0888889 
0 0.436198 0.854861 0.0395833 0.0643518 
0 0.815365 0.483565 0.0369792 0.0532407 
