0 0.977604 0.778241 0.0411458 0.118519 
0 0.588411 0.49213 0.0450521 0.126852 
0 0.807161 0.335185 0.0346354 0.0944444 
0 0.667578 0.735648 0.0471354 0.103704 
0 0.411068 0.473611 0.0408854 0.0694444 
0 0.141276 0.764815 0.0841146 0.0796296 
0 0.760286 0.479167 0.0393229 0.0685185 
0 0.60651 0.779861 0.03125 0.0643518 
0 0.801693 0.471296 0.0382813 0.05 
0 0.820312 0.693981 0.0630208 0.0564815 
0 0.395703 0.379167 0.0888021 0.0805556 
0 0.845703 0.225 0.0606771 0.0861111 
0 0.477865 0.20463 0.046875 0.0768519 
0 0.698698 0.368287 0.0484375 0.15787 
0 0.626432 0.577083 0.0382813 0.0828704 
0 0.139583 0.535185 0.0791667 0.126852 
0 0.309635 0.799769 0.0515625 0.0810185 
0 0.960026 0.80463 0.0335938 0.105556 
0 0.732943 0.157407 0.0653646 0.0731481 
0 0.528776 0.13287 0.0341146 0.0564815 
0 0.334375 0.521296 0.0364583 0.0898148 
0 0.233073 0.711806 0.0484375 0.127315 
0 0.547917 0.251852 0.0317708 0.0546296 
0 0.629948 0.151852 0.0458333 0.0796296 
0 0.686979 0.634259 0.0333333 0.0824074 
0 0.59375 0.90463 0.0541667 0.0768519 
0 0.784115 0.17338 0.0807292 0.0726852 
0 0.729557 0.865046 0.0367187 0.0726852 
0 0.829557 0.841435 0.0513021 0.0578704 
0 0.972135 0.978935 0.0536458 0.0421296 
0 0.58151 0.272917 0.0255208 0.0847222 
0 0.625521 0.502546 0.0333333 0.0476852 
0 0.907161 0.979167 0.0414063 0.0388889 
0 0.489193 0.952315 0.0695312 0.0935185 
0 0.739193 0.364352 0.0231771 0.05 
0 0.786198 0.385185 0.028125 0.0657407 
0 0.285156 0.438657 0.0473958 0.0560185 
0 0.258333 0.534028 0.0338542 0.0689815 
0 0.418229 0.790509 0.0395833 0.115278 
