0 0.177995 0.278472 0.0736979 0.102315 
0 0.535547 0.134028 0.0523437 0.1375 
0 0.727995 0.221528 0.0669271 0.139352 
0 0.297135 0.442593 0.0453125 0.123148 
0 0.0165365 0.254861 0.0294271 0.0689815 
0 0.215625 0.155787 0.05 0.0800926 
0 0.930208 0.268056 0.071875 0.0935185 
0 0.884766 0.35162 0.0455729 0.0939815 
0 0.490234 0.499537 0.0414063 0.103704 
0 0.696354 0.905556 0.071875 0.0842593 
0 0.129427 0.325926 0.05625 0.0601852 
0 0.0588542 0.194213 0.0364583 0.0625 
0 0.597135 0.26088 0.084375 0.0884259 
0 0.78125 0.41412 0.0359375 0.0875 
0 0.853516 0.204861 0.0533854 0.168981 
0 0.066276 0.434954 0.0460938 0.0930556 
0 0.88763 0.75 0.0585938 0.0592593 
0 0.785156 0.956481 0.0515625 0.0796296 
0 0.933073 0.0344907 0.040625 0.0689815 
0 0.791016 0.327546 0.0414063 0.129167 
0 0.959505 0.165509 0.0466146 0.150463 
0 0.728516 0.6375 0.0440104 0.0833333 
0 0.276823 0.75625 0.0432292 0.0958333 
0 0.333464 0.881481 0.0419271 0.1 
0 0.981901 0.25 0.0320312 0.0796296 
0 0.498958 0.856019 0.0395833 0.0990741 
0 0.0201823 0.760417 0.0382813 0.0662037 
0 0.574219 0.0893519 0.0927083 0.158333 
0 0.300521 0.679861 0.0338542 0.0912037 
0 0.803255 0.0527778 0.0903646 0.0722222 
0 0.964323 0.10625 0.0697917 0.0763889 
0 0.363802 0.074537 0.0427083 0.062963 
0 0.413672 0.972917 0.0513021 0.050463 
0 0.724609 0.449537 0.0580729 0.0925926 
0 0.285156 0.0236111 0.0739583 0.0472222 
0 0.600521 0.0770833 0.0395833 0.152315 
0 0.914583 0.575463 0.0442708 0.100926 
0 0.42474 0.666435 0.0729167 0.0726852 
0 0.326693 0.467593 0.0367187 0.0527778 
0 0.900911 0.615046 0.0372396 0.0708333 
0 0.413411 0.740509 0.0330729 0.0625 
