0 0.101823 0.324537 0.0380208 0.0981481 
0 0.306641 0.588426 0.0606771 0.107407 
0 0.061849 0.0777778 0.0335938 0.127778 
0 0.812109 0.396065 0.0367187 0.0837963 
0 0.412109 0.267593 0.0450521 0.075 
0 0.89401 0.675694 0.0619792 0.0828704 
0 0.808073 0.262037 0.0526042 0.0648148 
0 0.478906 0.400694 0.0598958 0.0837963 
0 0.342318 0.288657 0.0320312 0.1125 
0 0.81888 0.530324 0.0763021 0.0597222 
0 0.853516 0.652315 0.0341146 0.0990741 
0 0.015625 0.485185 0.0291667 0.0981481 
0 0.526823 0.290046 0.0494792 0.0763889 
0 0.0438802 0.194213 0.0617188 0.0615741 
0 0.25638 0.575 0.0393229 0.113889 
0 0.347266 0.381019 0.0690104 0.114815 
0 0.406901 0.564583 0.0533854 0.0884259 
0 0.83112 0.228935 0.0591146 0.0819444 
0 0.201172 0.499537 0.0372396 0.0611111 
0 0.647396 0.266667 0.0458333 0.0861111 
0 0.122005 0.395602 0.0440104 0.111574 
0 0.0722656 0.40787 0.0544271 0.0638889 
0 0.723568 0.420833 0.0533854 0.0546296 
0 0.107031 0.506019 0.0765625 0.0740741 
0 0.801823 0.891667 0.05625 0.0972222 
0 0.597656 0.808102 0.0520833 0.123611 
0 0.166797 0.0631944 0.0486979 0.0837963 
0 0.947266 0.176852 0.0695312 0.178704 
0 0.360156 0.763889 0.0291667 0.0861111 
0 0.658203 0.855556 0.0377604 0.139815 
0 0.895964 0.23588 0.0440104 0.0476852 
0 0.635677 0.138426 0.0552083 0.0472222 
0 0.240234 0.255093 0.0679687 0.062037 
0 0.471745 0.961806 0.0627604 0.0726852 
0 0.957031 0.694907 0.0739583 0.0601852 
0 0.403646 0.377315 0.0390625 0.14537 
0 0.146875 0.695833 0.0578125 0.0712963 
0 0.0233073 0.91412 0.0424479 0.0708333 
0 0.604036 0.34537 0.0731771 0.075 
0 0.426823 0.78912 0.0583333 0.0541667 
0 0.564453 0.246296 0.0429688 0.10463 
0 0.877995 0.489583 0.0752604 0.0569444 
0 0.171615 0.635648 0.040625 0.0722222 
0 0.439193 0.123843 0.0539063 0.0597222 
0 0.490625 0.218056 0.0385417 0.10463 
0 0.417969 0.66713 0.0447917 0.0666667 
0 0.261719 0.418287 0.0333333 0.0615741 
0 0.334635 0.0800926 0.0291667 0.0787037 
0 0.308333 0.0178241 0.0604167 0.0337963 
0 0.66901 0.364352 0.0729167 0.0574074 
0 0.308724 0.902083 0.0388021 0.1625 
0 0.271224 0.787731 0.0507812 0.0949074 
0 0.644141 0.513889 0.0294271 0.125926 
0 0.5375 0.762037 0.0302083 0.0777778 
0 0.946224 0.343519 0.0497396 0.0638889 
0 0.422917 0.0680556 0.0520833 0.0944444 
0 0.0660156 0.907176 0.0492188 0.10787 
