0 0.741276 0.164352 0.0601562 0.130556 
0 0.501042 0.153704 0.0515625 0.132407 
0 0.799349 0.0766204 0.0674479 0.0689815 
0 0.445052 0.0509259 0.0421875 0.0666667 
0 0.412891 0.558565 0.0502604 0.049537 
0 0.727995 0.399537 0.0403646 0.168519 
0 0.484635 0.799537 0.0552083 0.0842593 
0 0.667057 0.932407 0.0606771 0.125 
0 0.654297 0.787731 0.0361979 0.116204 
0 0.501042 0.510417 0.0630208 0.0949074 
0 0.548828 0.311806 0.0976562 0.0671296 
0 0.525391 0.895833 0.0591146 0.0611111 
0 0.334766 0.205556 0.0325521 0.0518519 
0 0.346875 0.955787 0.0583333 0.0828704 
0 0.70599 0.530787 0.0473958 0.0449074 
0 0.561068 0.216898 0.0773437 0.0578704 
0 0.561979 0.965278 0.0494792 0.0648148 
0 0.629948 0.453241 0.0598958 0.0814815 
0 0.691016 0.121528 0.0351562 0.221759 
0 0.582943 0.107176 0.0513021 0.104167 
0 0.161979 0.861806 0.0598958 0.0689815 
0 0.451432 0.141435 0.0476562 0.0782407 
0 0.197266 0.635417 0.0523437 0.0958333 
0 0.163281 0.11713 0.0479167 0.0555556 
0 0.336849 0.590741 0.0955729 0.0731481 
0 0.708464 0.903704 0.0351562 0.175926 
0 0.415365 0.875463 0.034375 0.127778 
0 0.0309896 0.242361 0.0619792 0.0458333 
0 0.278516 0.500463 0.0705729 0.0462963 
0 0.633333 0.687963 0.0588542 0.0675926 
0 0.582552 0.0259259 0.0973958 0.0518519 
0 0.221354 0.273611 0.0338542 0.0824074 
0 0.132292 0.0243056 0.0296875 0.0486111 
0 0.267188 0.815278 0.0395833 0.0953704 
0 0.445312 0.874537 0.0359375 0.100926 
0 0.166146 0.564583 0.0609375 0.0541667 
0 0.44401 0.278704 0.0364583 0.113889 
0 0.404948 0.454861 0.0598958 0.0652778 
0 0.676302 0.351157 0.0322917 0.0736111 
0 0.555208 0.802546 0.0239583 0.0597222 
0 0.480729 0.441435 0.0802083 0.0976852 
0 0.473177 0.261343 0.0598958 0.0828704 
0 0.222266 0.215278 0.0585938 0.0435185 
0 0.293229 0.632407 0.0682292 0.0740741 
0 0.596224 0.542593 0.0351562 0.0675926 
0 0.574219 0.544213 0.0453125 0.0828704 
0 0.330078 0.0516204 0.0335938 0.103241 
0 0.22474 0.0763889 0.0739583 0.0555556 
0 0.565495 0.640972 0.0414063 0.0578704 
0 0.0705729 0.594676 0.0484375 0.0615741 
0 0.380859 0.0740741 0.0273438 0.100926 
0 0.750521 0.780787 0.0317708 0.127315 
0 0.269531 0.594676 0.034375 0.0726852 
0 0.0533854 0.631944 0.0411458 0.0592593 
0 0.0473958 0.688194 0.0328125 0.0541667 
0 0.518099 0.693981 0.0893229 0.112037 
0 0.522917 0.655324 0.0848958 0.0976852 
0 0.151562 0.369444 0.04375 0.119444 
