0 0.623958 0.409259 0.0760417 0.116667 
0 0.811979 0.422454 0.0338542 0.0763889 
0 0.697786 0.958102 0.0664062 0.0837963 
0 0.556641 0.300231 0.0763021 0.0736111 
0 0.730469 0.72662 0.0770833 0.0819444 
0 0.713411 0.440278 0.0690104 0.112037 
0 0.46901 0.622685 0.0255208 0.0694444 
0 0.646484 0.856713 0.0710938 0.0726852 
0 0.621094 0.507407 0.0854167 0.146296 
0 0.490755 0.209722 0.0778646 0.0657407 
0 0.704557 0.221065 0.0403646 0.0541667 
0 0.566406 0.501389 0.0348958 0.113889 
0 0.363542 0.396296 0.0401042 0.0740741 
0 0.504948 0.949769 0.0557292 0.0921296 
0 0.142448 0.184954 0.059375 0.0486111 
0 0.4875 0.758565 0.0609375 0.0847222 
0 0.608464 0.745602 0.0414063 0.0467593 
0 0.473047 0.313426 0.0424479 0.0953704 
0 0.0407552 0.137037 0.0299479 0.0537037 
0 0.127344 0.901852 0.0385417 0.075 
0 0.314714 0.523843 0.0632813 0.0476852 
0 0.858854 0.392593 0.0385417 0.0564815 
0 0.442839 0.505556 0.0502604 0.144444 
0 0.173958 0.454398 0.0578125 0.0847222 
0 0.127865 0.552083 0.0364583 0.0513889 
0 0.693359 0.606019 0.0507812 0.0759259 
0 0.646484 0.977083 0.0377604 0.0458333 
0 0.3625 0.741435 0.046875 0.0671296 
0 0.241927 0.710417 0.0541667 0.0467593 
0 0.132812 0.444444 0.0458333 0.0407407 
0 0.279427 0.441204 0.0494792 0.0694444 
0 0.100781 0.422454 0.0291667 0.050463 
0 0.778255 0.538657 0.0752604 0.0541667 
0 0.271094 0.25 0.0447917 0.0564815 
0 0.239844 0.921065 0.0416667 0.0976852 
0 0.186589 0.72662 0.0367187 0.0560185 
0 0.301693 0.672454 0.0330729 0.0532407 
0 0.142188 0.267361 0.0375 0.0671296 
0 0.396484 0.661111 0.0809896 0.0675926 
0 0.898438 0.39537 0.0510417 0.0518519 
0 0.353906 0.173148 0.040625 0.126852 
