0 0.669922 0.805093 0.0690104 0.17037 
0 0.708984 0.744907 0.0356771 0.183333 
0 0.55612 0.857639 0.0513021 0.0550926 
0 0.416797 0.756713 0.0372396 0.143981 
0 0.676823 0.182407 0.0328125 0.0981481 
0 0.728125 0.25787 0.0390625 0.176852 
0 0.653385 0.628472 0.0375 0.121759 
0 0.769531 0.918519 0.102604 0.0703704 
0 0.542057 0.174537 0.100781 0.0675926 
0 0.561589 0.0706019 0.0789063 0.0652778 
0 0.341016 0.853472 0.0518229 0.106019 
0 0.708073 0.397454 0.0463542 0.0523148 
0 0.501042 0.0372685 0.0520833 0.0736111 
0 0.336198 0.463194 0.0979167 0.0717593 
0 0.44362 0.757407 0.0429688 0.109259 
0 0.497786 0.378472 0.0627604 0.0893519 
0 0.627474 0.28287 0.0617188 0.10463 
0 0.427734 0.965278 0.0544271 0.0675926 
0 0.521875 0.762963 0.05625 0.0611111 
0 0.329167 0.0784722 0.0317708 0.0550926 
0 0.688542 0.972917 0.05 0.0541667 
0 0.189714 0.528241 0.0528646 0.10463 
0 0.409245 0.448843 0.0549479 0.0486111 
0 0.620573 0.541667 0.0625 0.0703704 
0 0.154036 0.770833 0.0632813 0.0768519 
0 0.285677 0.505787 0.0651042 0.0893519 
0 0.48151 0.571528 0.071875 0.075463 
0 0.519531 0.556944 0.0859375 0.118519 
0 0.598568 0.398148 0.0377604 0.0657407 
0 0.274479 0.396296 0.0692708 0.0537037 
0 0.0257812 0.12963 0.0515625 0.0527778 
0 0.426953 0.2 0.0497396 0.0398148 
0 0.0197917 0.637037 0.0395833 0.0462963 
0 0.572266 0.397917 0.0361979 0.101389 
0 0.396875 0.327546 0.0619792 0.0587963 
0 0.476042 0.312269 0.0838542 0.105093 
0 0.265104 0.846759 0.0359375 0.121296 
0 0.748958 0.633333 0.0322917 0.113889 
0 0.259635 0.71875 0.0369792 0.0791667 
0 0.565495 0.490509 0.0419271 0.0550926 
0 0.468229 0.133565 0.0546875 0.0773148 
0 0.753516 0.470139 0.0247396 0.0347222 
0 0.203255 0.408796 0.0299479 0.102778 
0 0.681641 0.030787 0.0429688 0.0615741 
0 0.553255 0.67963 0.0278646 0.0703704 
0 0.172526 0.0231481 0.0757812 0.0462963 
0 0.230599 0.879861 0.0377604 0.0652778 
0 0.609375 0.340972 0.0338542 0.0976852 
0 0.74362 0.03125 0.0627604 0.0625 
0 0.144531 0.266204 0.0442708 0.118519 
0 0.140104 0.105093 0.0307292 0.0777778 
0 0.158333 0.465278 0.05625 0.0388889 
0 0.216797 0.179398 0.0346354 0.0884259 
0 0.658203 0.0576389 0.0283854 0.0449074 
0 0.482682 0.671991 0.0653646 0.0884259 
0 0.311068 0.958333 0.0377604 0.0768519 
