0 0.0904948 0.383333 0.0408854 0.0916667 
0 0.617708 0.153241 0.0458333 0.130556 
0 0.197266 0.182639 0.0539063 0.0689815 
0 0.251953 0.0645833 0.0356771 0.0828704 
0 0.942839 0.493056 0.0434896 0.0759259 
0 0.470182 0.0715278 0.0299479 0.138426 
0 0.929167 0.305556 0.0442708 0.0703704 
0 0.535547 0.207639 0.0367187 0.106944 
0 0.791536 0.292361 0.0330729 0.109722 
0 0.328646 0.163426 0.0520833 0.0703704 
0 0.845703 0.177083 0.0705729 0.0736111 
0 0.579036 0.282639 0.0601562 0.0699074 
0 0.327604 0.0425926 0.0541667 0.0722222 
0 0.678776 0.333102 0.0481771 0.0800926 
0 0.95651 0.15463 0.0375 0.0537037 
0 0.733854 0.261111 0.0473958 0.0925926 
0 0.091276 0.123843 0.0601562 0.0587963 
0 0.0324219 0.316435 0.0414063 0.0560185 
0 0.730469 0.861111 0.0369792 0.062963 
0 0.378125 0.1125 0.0270833 0.0981481 
0 0.694401 0.0280093 0.0799479 0.0560185 
0 0.723177 0.100463 0.059375 0.0768519 
0 0.286068 0.0967593 0.0367187 0.0925926 
0 0.755859 0.723611 0.0492188 0.0972222 
0 0.832031 0.332639 0.0375 0.0449074 
0 0.179818 0.283565 0.0419271 0.0625 
0 0.856901 0.018287 0.0367187 0.0365741 
0 0.988672 0.208102 0.0184896 0.109722 
0 0.66901 0.152546 0.0291667 0.0736111 
0 0.769531 0.0300926 0.0578125 0.0601852 
0 0.638672 0.555556 0.0596354 0.087037 
0 0.45612 0.803009 0.0455729 0.113426 
0 0.849219 0.980093 0.059375 0.0398148 
0 0.840365 0.733565 0.04375 0.0393519 
0 0.978125 0.468287 0.04375 0.0717593 
0 0.973177 0.34838 0.0375 0.0791667 
