0 0.559115 0.93912 0.0364583 0.119907 
0 0.596745 0.677083 0.0455729 0.168981 
0 0.241406 0.075 0.0453125 0.087037 
0 0.272526 0.589815 0.0513021 0.0814815 
0 0.602995 0.785648 0.0929687 0.101852 
0 0.59375 0.536806 0.0442708 0.0587963 
0 0.644531 0.850231 0.0291667 0.0625 
0 0.289583 0.90463 0.0411458 0.075 
0 0.46875 0.931481 0.0322917 0.125926 
0 0.392318 0.769444 0.0450521 0.109259 
0 0.378385 0.226389 0.0703125 0.0796296 
0 0.120833 0.711806 0.0473958 0.0708333 
0 0.277995 0.469676 0.0263021 0.0402778 
0 0.520573 0.438889 0.0567708 0.142593 
0 0.0661458 0.323611 0.0338542 0.107407 
0 0.505859 0.0275463 0.0507812 0.0550926 
0 0.469271 0.469676 0.059375 0.0782407 
0 0.223698 0.186574 0.0354167 0.117593 
0 0.14349 0.627083 0.0494792 0.0439815 
0 0.22513 0.443981 0.0403646 0.0527778 
0 0.56875 0.318981 0.0838542 0.0805556 
0 0.125911 0.256481 0.0382813 0.0712963 
0 0.472266 0.295602 0.0299479 0.104167 
0 0.0954427 0.0222222 0.0710938 0.0416667 
0 0.17526 0.271065 0.034375 0.115278 
0 0.421224 0.820602 0.0403646 0.0421296 
0 0.140234 0.155556 0.0325521 0.0731481 
0 0.121224 0.843287 0.0768229 0.0736111 
0 0.129557 0.517824 0.0320312 0.0976852 
0 0.110156 0.424306 0.0411458 0.0819444 
0 0.38125 0.855093 0.03125 0.106481 
0 0.2375 0.842361 0.0479167 0.0921296 
0 0.208724 0.0368056 0.0346354 0.0736111 
0 0.367188 0.655324 0.0307292 0.123611 
0 0.0125 0.715741 0.021875 0.0888889 
0 0.345313 0.296991 0.0583333 0.0384259 
0 0.433854 0.585185 0.0432292 0.101852 
0 0.182943 0.64537 0.0429688 0.0824074 
0 0.384766 0.128472 0.0356771 0.0828704 
0 0.282943 0.318056 0.0638021 0.0518519 
0 0.978516 0.0351852 0.0429688 0.0657407 
0 0.212109 0.908796 0.0872396 0.0546296 
0 0.54388 0.873843 0.0523437 0.0819444 
0 0.167708 0.0469907 0.0479167 0.0847222 
0 0.179036 0.0858796 0.0252604 0.0467593 
0 0.629427 0.34838 0.05625 0.075463 
0 0.325911 0.969676 0.0398437 0.0513889 
0 0.183724 0.204167 0.0325521 0.100926 
0 0.394271 0.424769 0.0369792 0.131019 
