0 0.723568 0.284259 0.0486979 0.137963 
0 0.96237 0.0622685 0.0684896 0.118981 
0 0.273828 0.483796 0.0466146 0.121296 
0 0.927734 0.131019 0.0992187 0.12963 
0 0.752474 0.421296 0.0664062 0.143519 
0 0.813411 0.209259 0.0523437 0.114815 
0 0.433594 0.432407 0.0473958 0.087037 
0 0.0807292 0.615046 0.0395833 0.0625 
0 0.0652344 0.489583 0.0565104 0.0717593 
0 0.24349 0.428935 0.0364583 0.0782407 
0 0.979036 0.283333 0.0335938 0.155556 
0 0.0658854 0.557176 0.034375 0.0523148 
0 0.575651 0.53588 0.0341146 0.0902778 
0 0.349479 0.392593 0.053125 0.0935185 
0 0.81888 0.694907 0.0450521 0.087037 
0 0.605469 0.770833 0.0364583 0.0462963 
0 0.610937 0.329861 0.05 0.0884259 
0 0.661589 0.54375 0.0414063 0.0680556 
0 0.757422 0.262963 0.0507812 0.0601852 
0 0.73099 0.67662 0.0770833 0.0930556 
0 0.980469 0.490046 0.0380208 0.106019 
0 0.448438 0.628935 0.0364583 0.10787 
0 0.630339 0.645139 0.0403646 0.0810185 
0 0.211979 0.596296 0.0333333 0.0712963 
0 0.472005 0.462731 0.0460938 0.0606481 
0 0.346224 0.559028 0.0544271 0.0847222 
0 0.533724 0.466667 0.0486979 0.0564815 
0 0.929297 0.591204 0.0351562 0.0925926 
0 0.411589 0.602546 0.0294271 0.049537 
0 0.945833 0.48125 0.0630208 0.0513889 
0 0.979427 0.836806 0.0338542 0.0717593 
0 0.844271 0.266204 0.0536458 0.0601852 
0 0.56888 0.407176 0.0445312 0.075463 
0 0.698698 0.354861 0.0484375 0.106944 
0 0.832031 0.377315 0.0489583 0.087963 
0 0.583073 0.632407 0.0484375 0.112037 
0 0.347917 0.652315 0.0395833 0.062963 
0 0.609375 0.396296 0.0510417 0.0648148 
0 0.208724 0.715972 0.0388021 0.106019 
0 0.472135 0.686111 0.0385417 0.0666667 
0 0.440755 0.811574 0.0273438 0.0555556 
0 0.232161 0.548611 0.0403646 0.087037 
0 0.71237 0.802546 0.0408854 0.0615741 
0 0.814844 0.472917 0.0489583 0.0782407 
