0 0.838932 0.958333 0.0539063 0.0768519 
0 0.0816406 0.829861 0.0507812 0.125463 
0 0.223047 0.753472 0.0351562 0.161574 
0 0.882812 0.819907 0.0385417 0.128704 
0 0.70651 0.61713 0.0328125 0.140741 
0 0.05 0.804167 0.0484375 0.0712963 
0 0.571745 0.856481 0.0789063 0.0796296 
0 0.938021 0.934028 0.053125 0.0625 
0 0.971745 0.7375 0.0278646 0.117593 
0 0.522005 0.933102 0.0476562 0.120833 
0 0.164453 0.750694 0.0471354 0.0837963 
0 0.669401 0.785648 0.0705729 0.0611111 
0 0.597135 0.96713 0.0505208 0.062037 
0 0.224609 0.950463 0.0315104 0.0962963 
0 0.629818 0.820833 0.0377604 0.125926 
0 0.344922 0.972222 0.0497396 0.0537037 
0 0.265625 0.437269 0.0609375 0.0791667 
0 0.075 0.957407 0.08125 0.0648148 
0 0.68112 0.97662 0.0304688 0.0430556 
0 0.789062 0.971528 0.0541667 0.0560185 
0 0.584896 0.799537 0.0578125 0.110185 
0 0.688932 0.475 0.0382813 0.0574074 
0 0.741146 0.901852 0.0380208 0.0814815 
