0 0.615234 0.158102 0.0476562 0.0782407 
0 0.870573 0.232639 0.0395833 0.0578704 
0 0.868099 0.872454 0.0388021 0.0625 
0 0.9375 0.0395833 0.0927083 0.0625 
0 0.928646 0.18912 0.0463542 0.0958333 
0 0.746094 0.18287 0.0932292 0.05 
0 0.304427 0.184722 0.040625 0.05 
0 0.213542 0.290741 0.0427083 0.0407407 
0 0.561068 0.163194 0.0289063 0.0671296 
0 0.415365 0.299306 0.0447917 0.0532407 
0 0.871094 0.134722 0.0541667 0.0546296 
0 0.419271 0.210417 0.0369792 0.0587963 
0 0.273958 0.103472 0.0546875 0.0680556 
0 0.465104 0.45625 0.0296875 0.0671296 
0 0.920443 0.727315 0.0393229 0.0731481 
0 0.951172 0.536111 0.0231771 0.0842593 
0 0.468229 0.245602 0.0333333 0.0671296 
0 0.846615 0.428704 0.0296875 0.0666667 
0 0.555599 0.417593 0.0216146 0.0842593 
0 0.213542 0.111343 0.0479167 0.0643518 
0 0.960938 0.261111 0.0348958 0.0509259 
0 0.713932 0.0608796 0.0367187 0.113426 
