0 0.886198 0.148611 0.0333333 0.176852 
0 0.776823 0.507639 0.0395833 0.0486111 
0 0.669922 0.341667 0.0398437 0.0907407 
0 0.57513 0.6875 0.0372396 0.0601852 
0 0.192188 0.237269 0.034375 0.0949074 
0 0.451432 0.206713 0.0476562 0.118056 
0 0.903776 0.653704 0.0565104 0.087963 
0 0.427734 0.769907 0.0533854 0.1 
0 0.166797 0.12963 0.0450521 0.0657407 
0 0.431901 0.516435 0.0424479 0.166204 
0 0.501953 0.363194 0.0679687 0.0893519 
0 0.35638 0.426157 0.0565104 0.0967593 
0 0.535677 0.192361 0.0567708 0.110648 
0 0.289453 0.564815 0.0533854 0.0824074 
0 0.294922 0.219444 0.0492188 0.0703704 
0 0.0447917 0.457176 0.040625 0.0699074 
0 0.964844 0.558102 0.065625 0.0578704 
0 0.722656 0.580787 0.0489583 0.0550926 
0 0.540104 0.432176 0.05625 0.0412037 
0 0.795443 0.70625 0.0414063 0.0689815 
0 0.0825521 0.834259 0.059375 0.0722222 
0 0.58151 0.84838 0.0572917 0.0597222 
0 0.721615 0.358333 0.0442708 0.0583333 
0 0.891536 0.422917 0.0346354 0.0902778 
0 0.848177 0.307407 0.0692708 0.0898148 
0 0.188542 0.0430556 0.0411458 0.0768519 
0 0.488802 0.237731 0.0380208 0.0736111 
0 0.295182 0.690972 0.0393229 0.0587963 
0 0.18776 0.430093 0.0307292 0.112037 
0 0.426432 0.259259 0.0445312 0.0694444 
0 0.0454427 0.727546 0.0330729 0.0736111 
0 0.236068 0.545833 0.0445312 0.0462963 
0 0.94388 0.438426 0.0440104 0.0907407 
0 0.143099 0.510417 0.0377604 0.0689815 
0 0.384766 0.49213 0.0450521 0.0731481 
0 0.759766 0.235185 0.0861979 0.0740741 
0 0.635286 0.846296 0.0382813 0.0962963 
0 0.475521 0.691667 0.0432292 0.0907407 
0 0.541536 0.745602 0.0294271 0.0597222 
