0 0.809505 0.842361 0.0466146 0.143056 
0 0.618099 0.686111 0.0684896 0.0981481 
0 0.675781 0.746528 0.03125 0.0902778 
0 0.354557 0.746991 0.0549479 0.122685 
0 0.461849 0.404398 0.0377604 0.0513889 
0 0.506901 0.521991 0.0471354 0.0699074 
0 0.529688 0.351157 0.0369792 0.0699074 
0 0.460026 0.0493056 0.0617188 0.0921296 
0 0.698698 0.716435 0.0421875 0.0671296 
0 0.321354 0.871528 0.0270833 0.118056 
0 0.171875 0.849769 0.0510417 0.0606481 
0 0.877344 0.446065 0.0265625 0.130093 
0 0.829557 0.427778 0.0268229 0.0990741 
0 0.89362 0.313657 0.0408854 0.0560185 
0 0.601042 0.335417 0.0541667 0.0384259 
0 0.0628906 0.315972 0.0330729 0.0486111 
0 0.0983073 0.925231 0.0455729 0.0523148 
0 0.567969 0.605556 0.0213542 0.0592593 
0 0.671354 0.554167 0.0421875 0.0944444 
0 0.885286 0.841204 0.0752604 0.0666667 
