0 0.336458 0.15787 0.0572917 0.0796296 
0 0.579036 0.409722 0.0455729 0.0722222 
0 0.477083 0.315046 0.0390625 0.0532407 
0 0.875521 0.785185 0.0395833 0.0768519 
0 0.944271 0.0428241 0.04375 0.0856481 
0 0.754818 0.296528 0.0341146 0.1125 
0 0.694271 0.128472 0.040625 0.135648 
0 0.834505 0.131713 0.0497396 0.0560185 
0 0.781641 0.356944 0.0388021 0.0768519 
0 0.553776 0.595833 0.0403646 0.0675926 
0 0.86276 0.410648 0.0515625 0.0407407 
0 0.0247396 0.480787 0.0395833 0.0625 
0 0.914062 0.127083 0.046875 0.0467593 
0 0.43724 0.59838 0.0442708 0.0726852 
0 0.83151 0.454398 0.0536458 0.0652778 
0 0.189323 0.313426 0.0625 0.0694444 
0 0.309766 0.633565 0.0403646 0.0606481 
0 0.909635 0.366204 0.0447917 0.0537037 
0 0.110937 0.621991 0.0416667 0.0800926 
