0 0.251432 0.0407407 0.0263021 0.0814815 
0 0.411328 0.0694444 0.0559896 0.087963 
0 0.285677 0.0324074 0.028125 0.0611111 
0 0.566927 0.655324 0.0385417 0.0791667 
0 0.22526 0.333333 0.0364583 0.112037 
0 0.530729 0.340046 0.0369792 0.0615741 
0 0.554297 0.234722 0.0513021 0.0731481 
0 0.369401 0.470139 0.0518229 0.0810185 
0 0.424089 0.181944 0.0315104 0.0694444 
0 0.18138 0.0405093 0.0580729 0.0791667 
0 0.895573 0.3 0.0401042 0.0833333 
0 0.0179687 0.178009 0.0354167 0.0689815 
0 0.898958 0.144907 0.0364583 0.0564815 
0 0.338672 0.328472 0.0570313 0.0662037 
0 0.0963542 0.0787037 0.05 0.143519 
0 0.784635 0.393519 0.0338542 0.0740741 
0 0.721615 0.184954 0.0744792 0.0708333 
0 0.770052 0.824306 0.0473958 0.0967593 
0 0.276823 0.243981 0.0546875 0.0546296 
0 0.974089 0.575463 0.0518229 0.0740741 
0 0.479036 0.524306 0.0388021 0.0949074 
0 0.473177 0.267361 0.04375 0.0717593 
0 0.91849 0.610648 0.046875 0.062037 
0 0.26263 0.629398 0.0466146 0.0930556 
