0 0.836458 0.678704 0.0479167 0.121296 
0 0.555729 0.513194 0.0453125 0.133796 
0 0.599089 0.241204 0.0804688 0.106481 
0 0.238932 0.725926 0.0377604 0.113889 
0 0.671875 0.0868056 0.0895833 0.0708333 
0 0.860417 0.958333 0.040625 0.0666667 
0 0.68112 0.76088 0.0539063 0.0902778 
0 0.861328 0.75787 0.0533854 0.0916667 
0 0.295312 0.0856481 0.0395833 0.0805556 
0 0.972656 0.643981 0.0447917 0.106481 
0 0.272656 0.333333 0.0546875 0.108333 
0 0.759766 0.0726852 0.0533854 0.0805556 
0 0.719141 0.23588 0.0544271 0.0782407 
0 0.0653646 0.515509 0.0421875 0.0643518 
0 0.929167 0.517361 0.0385417 0.0902778 
0 0.817969 0.821296 0.0364583 0.140741 
0 0.324479 0.331019 0.0546875 0.0611111 
0 0.80026 0.20162 0.03125 0.0893519 
0 0.782292 0.910417 0.0359375 0.131019 
0 0.284375 0.683102 0.05 0.0976852 
0 0.71875 0.462037 0.0375 0.0694444 
0 0.672396 0.844676 0.0645833 0.0560185 
0 0.326693 0.553472 0.0304688 0.0662037 
0 0.204297 0.853241 0.0481771 0.0925926 
0 0.692318 0.274537 0.0611979 0.0592593 
0 0.148958 0.700926 0.0479167 0.132407 
0 0.94388 0.716898 0.0570313 0.0680556 
0 0.416927 0.743056 0.0536458 0.106481 
0 0.76276 0.821296 0.0385417 0.0916667 
0 0.166406 0.538657 0.078125 0.138426 
0 0.688542 0.345602 0.0588542 0.074537 
0 0.122135 0.805556 0.0541667 0.062963 
0 0.364453 0.533565 0.0544271 0.0652778 
