0 0.448828 0.30787 0.0372396 0.0583333 
0 0.181771 0.859722 0.0635417 0.0685185 
0 0.548437 0.959954 0.0442708 0.0773148 
0 0.258333 0.0574074 0.0817708 0.0944444 
0 0.51901 0.908796 0.0375 0.130556 
0 0.471615 0.598843 0.0557292 0.0402778 
0 0.350911 0.0467593 0.0601562 0.0703704 
0 0.486589 0.775231 0.0460938 0.0375 
0 0.352083 0.350926 0.0421875 0.0416667 
0 0.130339 0.465741 0.0403646 0.0787037 
0 0.235807 0.42662 0.0731771 0.0689815 
0 0.413021 0.701389 0.0666667 0.0675926 
0 0.5625 0.267824 0.0390625 0.0467593 
0 0.12474 0.849306 0.059375 0.0532407 
0 0.285156 0.344907 0.0578125 0.0759259 
0 0.291536 0.733796 0.0565104 0.108333 
0 0.252214 0.542593 0.0690104 0.0685185 
0 0.71237 0.936574 0.0325521 0.0490741 
0 0.429167 0.043287 0.0390625 0.0865741 
0 0.327344 0.916667 0.0942708 0.0722222 
0 0.307292 0.387731 0.0494792 0.0615741 
0 0.551172 0.349537 0.0283854 0.037037 
0 0.683073 0.87037 0.028125 0.0444444 
0 0.526823 0.287037 0.0463542 0.0703704 
0 0.683073 0.0208333 0.0244792 0.0416667 
0 0.175781 0.446528 0.0380208 0.0949074 
0 0.409115 0.964583 0.0520833 0.0652778 
0 0.589844 0.0657407 0.0526042 0.0416667 
0 0.216016 0.772454 0.0445312 0.0652778 
0 0.159635 0.968056 0.0744792 0.062963 
0 0.119531 0.363657 0.0515625 0.0717593 
0 0.621094 0.936574 0.0619792 0.119444 
0 0.239323 0.877083 0.0479167 0.143056 
0 0.239063 0.683333 0.0411458 0.0972222 
0 0.369661 0.287731 0.0325521 0.0967593 
0 0.188281 0.037037 0.0770833 0.0703704 
0 0.0161458 0.675694 0.0291667 0.114352 
0 0.0342448 0.0884259 0.0585938 0.0657407 
0 0.21224 0.46088 0.04375 0.0662037 
0 0.611849 0.851157 0.0466146 0.105093 
0 0.294401 0.0354167 0.0471354 0.0652778 
0 0.327604 0.222917 0.0401042 0.101389 
0 0.524349 0.107176 0.0502604 0.120833 
0 0.703646 0.841204 0.0338542 0.0398148 
0 0.0710938 0.476852 0.03125 0.0824074 
0 0.181771 0.553472 0.0369792 0.0856481 
0 0.583464 0.834259 0.0403646 0.0712963 
0 0.155599 0.248148 0.0799479 0.0796296 
0 0.42487 0.490509 0.0346354 0.0865741 
0 0.0428385 0.502546 0.0320312 0.0412037 
0 0.13724 0.412731 0.0395833 0.0699074 
0 0.539453 0.120139 0.0320312 0.102315 
0 0.171745 0.281944 0.0731771 0.0898148 
0 0.0661458 0.61713 0.05625 0.0731481 
