0 0.799349 0.705324 0.0346354 0.149537 
0 0.942839 0.842824 0.0627604 0.106944 
0 0.866146 0.732176 0.0739583 0.0828704 
0 0.721094 0.408796 0.0390625 0.0601852 
0 0.038151 0.886806 0.0674479 0.109722 
0 0.834896 0.869676 0.0588542 0.141204 
0 0.360938 0.421528 0.0677083 0.0625 
0 0.887109 0.600231 0.0335938 0.0606481 
0 0.684505 0.851157 0.0627604 0.0856481 
0 0.229818 0.523843 0.0320312 0.0773148 
0 0.963932 0.694907 0.0539063 0.152778 
0 0.955599 0.956481 0.0450521 0.0861111 
0 0.912109 0.424306 0.0544271 0.0569444 
0 0.834505 0.499074 0.0763021 0.0601852 
0 0.837891 0.653241 0.0596354 0.0703704 
0 0.691406 0.0601852 0.0489583 0.112963 
0 0.15599 0.653241 0.0708333 0.0601852 
0 0.570833 0.738657 0.0770833 0.1125 
0 0.061849 0.67963 0.0481771 0.0453704 
0 0.719661 0.742593 0.0346354 0.0722222 
0 0.472656 0.751389 0.0333333 0.0611111 
0 0.0972656 0.574306 0.0330729 0.106944 
