0 0.399349 0.444213 0.0382813 0.0652778 
0 0.827214 0.267593 0.0632813 0.0462963 
0 0.568359 0.0740741 0.0627604 0.102778 
0 0.691927 0.806944 0.0489583 0.127778 
0 0.457292 0.044213 0.0958333 0.0782407 
0 0.564453 0.586806 0.0596354 0.0819444 
0 0.365755 0.0289352 0.0690104 0.0578704 
0 0.375 0.822917 0.0458333 0.0652778 
0 0.582552 0.293287 0.0583333 0.0652778 
0 0.794401 0.510417 0.0455729 0.0791667 
0 0.291536 0.394213 0.0330729 0.110648 
0 0.517969 0.15625 0.0921875 0.0773148 
0 0.43138 0.125 0.0403646 0.0472222 
0 0.827604 0.0759259 0.0364583 0.0546296 
0 0.797396 0.237269 0.0630208 0.0976852 
0 0.486849 0.784259 0.0643229 0.0555556 
0 0.632812 0.799537 0.0541667 0.0787037 
0 0.339583 0.437037 0.0270833 0.0537037 
0 0.30625 0.211806 0.0510417 0.0847222 
0 0.522396 0.431019 0.0588542 0.10463 
0 0.786068 0.593518 0.0382813 0.0805556 
0 0.413542 0.657639 0.0536458 0.0486111 
0 0.196745 0.918287 0.0679687 0.0541667 
0 0.649479 0.384491 0.0588542 0.127315 
0 0.170052 0.694444 0.034375 0.0351852 
0 0.684635 0.293287 0.0692708 0.0893519 
0 0.163151 0.129398 0.0471354 0.049537 
0 0.276563 0.474769 0.0322917 0.074537 
0 0.0970052 0.258333 0.0440104 0.0564815 
0 0.641536 0.522222 0.0414063 0.150926 
0 0.363542 0.304167 0.034375 0.0444444 
0 0.747135 0.263657 0.0776042 0.1375 
0 0.223307 0.0685185 0.0643229 0.0472222 
0 0.28099 0.752778 0.0447917 0.0564815 
0 0.405469 0.296065 0.0354167 0.0699074 
0 0.38125 0.34838 0.0489583 0.0625 
0 0.579167 0.9375 0.0390625 0.0685185 
0 0.721615 0.952315 0.0364583 0.0574074 
0 0.583073 0.403472 0.0322917 0.124537 
0 0.520443 0.265046 0.0367187 0.0365741 
0 0.4 0.946991 0.0734375 0.049537 
0 0.438672 0.857639 0.0460938 0.0365741 
0 0.752865 0.103704 0.0859375 0.0787037 
0 0.157161 0.565046 0.0408854 0.0837963 
0 0.683594 0.119907 0.0442708 0.0527778 
0 0.0201823 0.487963 0.0377604 0.037963 
0 0.0497396 0.335185 0.0338542 0.0712963 
0 0.406771 0.184028 0.0526042 0.0643518 
0 0.734896 0.903472 0.0385417 0.0412037 
0 0.636719 0.704398 0.0411458 0.125463 
0 0.0674479 0.519907 0.0432292 0.0740741 
0 0.336458 0.78125 0.040625 0.0615741 
0 0.789062 0.366204 0.114583 0.0824074 
0 0.0558594 0.469676 0.0351562 0.0541667 
0 0.500521 0.897454 0.0369792 0.126389 
0 0.198698 0.0247685 0.0447917 0.0486111 
0 0.140495 0.0694444 0.0507812 0.0583333 
0 0.184505 0.395139 0.0424479 0.0569444 
0 0.229036 0.264583 0.0429688 0.0560185 
0 0.508854 0.571065 0.0557292 0.0736111 
0 0.0851562 0.326852 0.0432292 0.0555556 
0 0.352214 0.117824 0.0408854 0.101389 
0 0.63724 0.139815 0.0348958 0.0953704 
0 0.0403646 0.66088 0.040625 0.0597222 
0 0.199609 0.289352 0.0377604 0.108333 
0 0.693359 0.965972 0.0309896 0.0652778 
0 0.110937 0.454167 0.0333333 0.0777778 
0 0.330599 0.601157 0.0507812 0.0597222 
0 0.10625 0.122454 0.0484375 0.0467593 
0 0.297917 0.284722 0.0416667 0.0490741 
0 0.624479 0.0386574 0.0479167 0.0717593 
0 0.938021 0.729167 0.0296875 0.0518519 
0 0.616146 0.875 0.0385417 0.0972222 
0 0.496094 0.538194 0.0442708 0.0597222 
