0 0.977604 0.319213 0.04375 0.155093 
0 0.54987 0.52037 0.0335938 0.122222 
0 0.938542 0.704861 0.0645833 0.075463 
0 0.283724 0.634954 0.0580729 0.0587963 
0 0.927734 0.318056 0.0388021 0.0555556 
0 0.732031 0.402315 0.0614583 0.0611111 
0 0.789583 0.29537 0.04375 0.112963 
0 0.701172 0.723148 0.0653646 0.0675926 
0 0.438151 0.679167 0.0674479 0.0796296 
0 0.0851562 0.565972 0.0390625 0.0763889 
0 0.432422 0.960185 0.0315104 0.0777778 
0 0.532161 0.82338 0.0690104 0.0819444 
0 0.754818 0.58588 0.0471354 0.050463 
0 0.725651 0.455787 0.0606771 0.0560185 
0 0.083724 0.448843 0.0403646 0.0865741 
0 0.497135 0.645833 0.053125 0.0731481 
