0 0.966797 0.349306 0.0533854 0.0986111 
0 0.565885 0.630787 0.034375 0.075463 
0 0.534115 0.857639 0.0526042 0.0662037 
0 0.10638 0.611111 0.0414063 0.0777778 
0 0.861328 0.56088 0.0559896 0.0800926 
0 0.709896 0.730787 0.0572917 0.0893519 
0 0.514583 0.459491 0.0723958 0.0699074 
0 0.603516 0.800463 0.0742188 0.0703704 
0 0.879818 0.892361 0.0643229 0.0615741 
0 0.708464 0.651389 0.0455729 0.0694444 
0 0.0300781 0.658333 0.0346354 0.115741 
0 0.404818 0.681944 0.0471354 0.0675926 
0 0.94974 0.720602 0.0515625 0.0736111 
0 0.224089 0.7875 0.0565104 0.102778 
0 0.50625 0.665741 0.046875 0.075 
0 0.388411 0.734028 0.0309896 0.0532407 
0 0.171745 0.659259 0.0346354 0.0472222 
0 0.603516 0.27037 0.0585938 0.075 
0 0.652865 0.65162 0.0510417 0.0597222 
0 0.488021 0.953009 0.0489583 0.0865741 
0 0.723698 0.615046 0.0723958 0.0671296 
0 0.16849 0.843287 0.0322917 0.0523148 
0 0.148307 0.252778 0.0351562 0.0731481 
0 0.898958 0.978704 0.0541667 0.0425926 
0 0.0652344 0.861111 0.0283854 0.102778 
0 0.933594 0.516435 0.0651042 0.0717593 
0 0.307161 0.972222 0.0585938 0.0555556 
0 0.189453 0.469444 0.0539063 0.0925926 
0 0.167839 0.572454 0.0518229 0.108796 
0 0.464844 0.804167 0.0453125 0.0712963 
0 0.0766927 0.553241 0.0414063 0.0675926 
0 0.325651 0.75 0.0460938 0.0611111 
0 0.94974 0.822917 0.0458333 0.0569444 
0 0.407943 0.511806 0.0471354 0.0550926 
0 0.391667 0.175694 0.0609375 0.111574 
