0 0.458984 0.542593 0.0632813 0.110185 
0 0.567839 0.15625 0.0507812 0.0699074 
0 0.690885 0.822917 0.0395833 0.115278 
0 0.571224 0.706713 0.0403646 0.154167 
0 0.215755 0.858102 0.0346354 0.0717593 
0 0.25612 0.328009 0.0460938 0.0597222 
0 0.545833 0.53125 0.0666667 0.0958333 
0 0.174089 0.448611 0.0533854 0.0759259 
0 0.66901 0.415046 0.0317708 0.050463 
0 0.396745 0.14537 0.0721354 0.0685185 
0 0.590365 0.0351852 0.071875 0.0703704 
0 0.878906 0.600694 0.0713542 0.050463 
0 0.585547 0.458796 0.0502604 0.0574074 
0 0.275911 0.0412037 0.0533854 0.0703704 
0 0.406641 0.679861 0.0377604 0.049537 
0 0.627474 0.327778 0.0664062 0.0638889 
0 0.527865 0.688657 0.0364583 0.103241 
0 0.350391 0.940972 0.0440104 0.0625 
0 0.238151 0.471296 0.0351562 0.037037 
0 0.542969 0.049537 0.0364583 0.0916667 
0 0.317708 0.122454 0.0505208 0.049537 
0 0.36875 0.839815 0.0395833 0.0527778 
0 0.279297 0.713426 0.0252604 0.0407407 
0 0.501432 0.339815 0.0867188 0.0592593 
0 0.216276 0.229398 0.0419271 0.0560185 
0 0.168099 0.913194 0.0315104 0.0810185 
0 0.70651 0.215046 0.0338542 0.0689815 
0 0.0265625 0.312269 0.0494792 0.0736111 
0 0.133464 0.0340278 0.0398437 0.0634259 
0 0.198047 0.553935 0.0273438 0.0523148 
0 0.47487 0.727546 0.0455729 0.0856481 
0 0.450651 0.15625 0.0325521 0.125463 
0 0.427214 0.325694 0.0367187 0.0726852 
0 0.445833 0.636343 0.0333333 0.0652778 
0 0.483594 0.630324 0.05 0.0736111 
0 0.541536 0.78912 0.0382813 0.0569444 
0 0.367578 0.362269 0.0236979 0.0893519 
0 0.33763 0.0166667 0.0622396 0.0324074 
