0 0.897005 0.259954 0.0460938 0.131019 
0 0.132812 0.343519 0.0546875 0.0962963 
0 0.884245 0.404398 0.0429688 0.0986111 
0 0.0601562 0.474074 0.0578125 0.087963 
0 0.270182 0.433333 0.0533854 0.0574074 
0 0.534115 0.376157 0.0661458 0.074537 
0 0.800781 0.0875 0.0223958 0.0694444 
0 0.28099 0.503935 0.0489583 0.0606481 
0 0.888151 0.716667 0.0445312 0.0611111 
0 0.786719 0.492361 0.0276042 0.0921296 
0 0.611328 0.257639 0.0414063 0.1125 
0 0.751562 0.51875 0.0270833 0.104167 
0 0.689974 0.453935 0.0653646 0.0569444 
0 0.896484 0.776157 0.0247396 0.0541667 
0 0.778385 0.786806 0.0494792 0.0699074 
0 0.833984 0.802546 0.0466146 0.074537 
0 0.359115 0.462269 0.0458333 0.124537 
0 0.78763 0.208102 0.0356771 0.0523148 
0 0.222656 0.8 0.0359375 0.0462963 
0 0.691406 0.223611 0.0692708 0.0787037 
0 0.579036 0.106019 0.0315104 0.0537037 
0 0.476823 0.672917 0.0401042 0.0634259 
0 0.810547 0.344676 0.0372396 0.122685 
0 0.548437 0.686111 0.0380208 0.0675926 
0 0.190104 0.559954 0.0609375 0.050463 
0 0.454557 0.299306 0.0575521 0.0736111 
0 0.484635 0.462269 0.0463542 0.11713 
0 0.60599 0.775463 0.0328125 0.0694444 
0 0.802734 0.287731 0.0299479 0.0717593 
0 0.23138 0.387037 0.0403646 0.0916667 
0 0.679167 0.556481 0.0505208 0.0731481 
0 0.880859 0.835417 0.0304688 0.0791667 
0 0.557682 0.755556 0.0252604 0.0703704 
0 0.253516 0.241204 0.0289063 0.05 
0 0.145443 0.737037 0.0455729 0.0703704 
0 0.833464 0.597917 0.0361979 0.0606481 
0 0.195964 0.764352 0.0283854 0.0638889 
0 0.58099 0.624306 0.0427083 0.0717593 
0 0.914974 0.049537 0.0361979 0.0490741 
0 0.874089 0.132176 0.0460938 0.0976852 
