0 0.279818 0.0701389 0.0549479 0.1125 
0 0.0352865 0.314815 0.0684896 0.0814815 
0 0.0398437 0.247454 0.0359375 0.115278 
0 0.969792 0.86713 0.0473958 0.108333 
0 0.58151 0.0650463 0.0671875 0.0699074 
0 0.711979 0.525231 0.0552083 0.0958333 
0 0.720703 0.0412037 0.0752604 0.0777778 
0 0.854948 0.120602 0.0395833 0.0958333 
0 0.699219 0.64537 0.075 0.138889 
0 0.740755 0.243519 0.109115 0.0824074 
0 0.609896 0.184028 0.0770833 0.10787 
0 0.629818 0.0643518 0.0419271 0.121296 
0 0.621094 0.414815 0.0677083 0.0657407 
0 0.31849 0.85162 0.0432292 0.104167 
0 0.442708 0.737731 0.0453125 0.113426 
0 0.524349 0.259491 0.0356771 0.0800926 
0 0.850651 0.371991 0.0976562 0.105093 
0 0.15638 0.52963 0.0429688 0.0851852 
0 0.445052 0.0638889 0.0744792 0.0740741 
0 0.536198 0.953241 0.0442708 0.0888889 
0 0.197786 0.40162 0.0393229 0.0708333 
0 0.203516 0.0756944 0.0403646 0.0893519 
0 0.300651 0.564583 0.0351562 0.130093 
0 0.501953 0.693519 0.0299479 0.119444 
0 0.738281 0.441898 0.0348958 0.0819444 
0 0.23151 0.245833 0.0776042 0.0796296 
0 0.982943 0.679167 0.0320312 0.132407 
0 0.92526 0.569444 0.0427083 0.112963 
0 0.255208 0.752083 0.0515625 0.139352 
0 0.0436198 0.9375 0.0429688 0.102778 
0 0.132161 0.159722 0.0523437 0.0796296 
0 0.986849 0.351157 0.0231771 0.1375 
0 0.629818 0.881944 0.0507812 0.112963 
0 0.559505 0.528009 0.0346354 0.0671296 
0 0.159505 0.86713 0.0341146 0.12037 
0 0.420573 0.236806 0.028125 0.0717593 
0 0.366406 0.715741 0.0421875 0.166667 
0 0.160677 0.781944 0.05 0.087037 
0 0.0786458 0.755556 0.0635417 0.0546296 
0 0.613281 0.646296 0.0515625 0.0962963 
0 0.907812 0.303009 0.05 0.138426 
0 0.0516927 0.530787 0.0632813 0.0856481 
0 0.196745 0.953935 0.0544271 0.0708333 
0 0.701172 0.271296 0.0377604 0.087963 
0 0.135937 0.673148 0.0421875 0.0583333 
0 0.272266 0.525231 0.0528646 0.0569444 
0 0.142969 0.952315 0.0505208 0.0796296 
0 0.548828 0.634491 0.0440104 0.0560185 
0 0.580078 0.76088 0.0570313 0.0550926 
0 0.357422 0.340046 0.0278646 0.050463 
0 0.789583 0.815972 0.0578125 0.0736111 
0 0.463151 0.841667 0.0497396 0.075 
0 0.507812 0.782176 0.0583333 0.0476852 
0 0.196094 0.753009 0.0286458 0.105093 
