0 0.0652344 0.703472 0.0346354 0.14213 
0 0.109115 0.934028 0.0463542 0.0699074 
0 0.661589 0.927083 0.0606771 0.106944 
0 0.767187 0.690972 0.0354167 0.154167 
0 0.890104 0.780787 0.0401042 0.0949074 
0 0.501953 0.927083 0.0289063 0.0541667 
0 0.386719 0.756944 0.0546875 0.118519 
0 0.747005 0.891435 0.0481771 0.0671296 
0 0.379167 0.916667 0.0375 0.0722222 
0 0.961979 0.887269 0.0447917 0.0828704 
0 0.888672 0.932407 0.0346354 0.126852 
0 0.364193 0.808102 0.0841146 0.0671296 
0 0.198828 0.935648 0.0565104 0.0712963 
0 0.963802 0.957407 0.0333333 0.0787037 
0 0.535677 0.972917 0.0302083 0.050463 
0 0.8125 0.460185 0.034375 0.0583333 
0 0.687109 0.797454 0.0382813 0.121759 
0 0.0279948 0.690046 0.0361979 0.101389 
0 0.444401 0.788194 0.0335938 0.104167 
0 0.0716146 0.884954 0.0322917 0.116204 
0 0.802214 0.839352 0.0263021 0.105556 
0 0.455599 0.740278 0.0632813 0.0592593 
0 0.411328 0.923611 0.0382813 0.05 
0 0.344922 0.646759 0.0684896 0.0953704 
0 0.0825521 0.0909722 0.0666667 0.0949074 
0 0.120833 0.885417 0.05625 0.0541667 
0 0.506901 0.598611 0.0325521 0.112963 
0 0.174089 0.0768519 0.0492188 0.0657407 
0 0.863281 0.736574 0.0453125 0.0472222 
0 0.0266927 0.933102 0.0507812 0.0884259 
0 0.107422 0.828472 0.0388021 0.0486111 
0 0.917448 0.616667 0.0489583 0.0601852 
