0 0.799349 0.681019 0.12526 0.0759259 
0 0.658594 0.366435 0.046875 0.158796 
0 0.120573 0.274306 0.0333333 0.0847222 
0 0.615755 0.847917 0.0325521 0.101389 
0 0.682552 0.217593 0.0598958 0.0787037 
0 0.691406 0.582176 0.078125 0.13287 
0 0.422135 0.665741 0.0473958 0.0777778 
0 0.798828 0.946991 0.0346354 0.103241 
0 0.359115 0.0611111 0.0317708 0.0453704 
0 0.554167 0.835185 0.0328125 0.128704 
0 0.703125 0.875 0.0739583 0.0833333 
0 0.336198 0.956481 0.0515625 0.0712963 
0 0.63125 0.734259 0.0479167 0.0425926 
0 0.761198 0.413426 0.0432292 0.17037 
0 0.304427 0.425694 0.0536458 0.0541667 
0 0.285026 0.791667 0.0466146 0.0425926 
0 0.656771 0.479167 0.0328125 0.0490741 
0 0.525391 0.0898148 0.0408854 0.0555556 
0 0.767057 0.226852 0.0273438 0.0731481 
0 0.611328 0.0247685 0.0632813 0.049537 
0 0.746094 0.205787 0.0578125 0.1375 
0 0.245182 0.841204 0.0549479 0.0537037 
0 0.438151 0.919213 0.0335938 0.0606481 
0 0.0778646 0.827315 0.0494792 0.0509259 
0 0.563021 0.75 0.0572917 0.062037 
0 0.97513 0.296991 0.0309896 0.0736111 
0 0.489062 0.325694 0.0354167 0.0782407 
0 0.48151 0.543519 0.03125 0.087963 
0 0.402083 0.900231 0.0421875 0.0587963 
0 0.172005 0.265509 0.0424479 0.1125 
0 0.659635 0.55 0.040625 0.0583333 
0 0.23138 0.153472 0.0528646 0.0708333 
0 0.0329427 0.798611 0.0393229 0.0546296 
0 0.298307 0.122917 0.0372396 0.0671296 
0 0.185156 0.422222 0.0375 0.0546296 
0 0.615755 0.292593 0.0289063 0.062963 
0 0.795833 0.482639 0.040625 0.156019 
0 0.525911 0.0483796 0.0346354 0.050463 
0 0.145833 0.0578704 0.0421875 0.0675926 
0 0.780339 0.410648 0.0257812 0.05 
0 0.145573 0.793287 0.028125 0.0532407 
0 0.270964 0.568519 0.0346354 0.0666667 
0 0.322917 0.687037 0.01875 0.087037 
0 0.0455729 0.533796 0.0442708 0.0509259 
0 0.553776 0.0606481 0.0768229 0.0611111 
0 0.480469 0.784259 0.0375 0.115741 
