0 0.710547 0.217593 0.0513021 0.122222 
0 0.739714 0.652778 0.0414063 0.062963 
0 0.591797 0.873148 0.0414063 0.0648148 
0 0.56888 0.0761574 0.0606771 0.0625 
0 0.510677 0.724306 0.0333333 0.0430556 
0 0.304818 0.77338 0.0398437 0.0523148 
0 0.789583 0.786574 0.0447917 0.0953704 
0 0.625911 0.180556 0.0346354 0.0990741 
0 0.376953 0.327778 0.0330729 0.062037 
0 0.183854 0.881944 0.0598958 0.0759259 
0 0.71875 0.423611 0.0515625 0.0416667 
0 0.379948 0.657407 0.0411458 0.0527778 
0 0.749479 0.507407 0.0380208 0.0814815 
0 0.64401 0.504398 0.0614583 0.0412037 
0 0.403776 0.909722 0.0388021 0.0518519 
0 0.959505 0.190278 0.0299479 0.0425926 
0 0.652734 0.0893519 0.0361979 0.0777778 
0 0.760156 0.0377315 0.0333333 0.075463 
0 0.844661 0.151389 0.0221354 0.0583333 
0 0.300521 0.06875 0.0494792 0.0449074 
0 0.607422 0.21412 0.0346354 0.0800926 
0 0.445964 0.646759 0.0382813 0.062963 
0 0.578125 0.608796 0.0598958 0.0555556 
0 0.577214 0.776157 0.0403646 0.0810185 
0 0.371094 0.902778 0.0505208 0.0638889 
0 0.0720052 0.740046 0.0403646 0.0652778 
0 0.491536 0.562963 0.0304688 0.0527778 
0 0.441406 0.366667 0.05 0.0537037 
0 0.695312 0.983565 0.0515625 0.0328704 
0 0.802214 0.525231 0.0273438 0.0384259 
0 0.395182 0.0469907 0.0341146 0.0773148 
0 0.347656 0.783333 0.0338542 0.0472222 
0 0.504427 0.141898 0.0442708 0.0550926 
0 0.597656 0.8125 0.0244792 0.0833333 
0 0.14401 0.621528 0.0375 0.0671296 
0 0.0263021 0.375926 0.0520833 0.0907407 
