0 0.69388 0.251157 0.0481771 0.135648 
0 0.315885 0.15463 0.0364583 0.0851852 
0 0.54349 0.16088 0.0338542 0.127315 
0 0.788021 0.0372685 0.04375 0.074537 
0 0.135547 0.362037 0.0513021 0.125926 
0 0.516667 0.0712963 0.0494792 0.062963 
0 0.813021 0.353472 0.0427083 0.0773148 
0 0.867708 0.391667 0.0385417 0.108333 
0 0.941406 0.264352 0.0807292 0.0916667 
0 0.788542 0.120833 0.0942708 0.0731481 
0 0.0799479 0.409259 0.059375 0.0611111 
0 0.692839 0.656944 0.0481771 0.0777778 
0 0.646484 0.385648 0.0544271 0.0638889 
0 0.197526 0.194676 0.0445312 0.0708333 
0 0.597135 0.303704 0.0364583 0.0962963 
0 0.666016 0.202546 0.0289063 0.0625 
0 0.888151 0.0449074 0.0507812 0.0805556 
0 0.963932 0.0766204 0.0539063 0.100463 
0 0.759766 0.421528 0.0528646 0.0708333 
0 0.0401042 0.333333 0.0416667 0.0546296 
0 0.261719 0.270833 0.0578125 0.0722222 
0 0.915495 0.60625 0.0570313 0.0828704 
0 0.39362 0.131713 0.0606771 0.0773148 
0 0.908724 0.433333 0.0414063 0.0444444 
0 0.742708 0.253009 0.0354167 0.0884259 
0 0.23125 0.485648 0.0505208 0.0592593 
0 0.269922 0.829167 0.0429688 0.0777778 
0 0.45612 0.214352 0.0330729 0.116667 
0 0.129297 0.481481 0.0398437 0.0814815 
0 0.854036 0.0856481 0.0643229 0.14537 
0 0.641146 0.594907 0.0348958 0.0592593 
0 0.822266 0.813889 0.0393229 0.0611111 
0 0.801172 0.205093 0.0481771 0.0768519 
0 0.388672 0.247454 0.0481771 0.0680556 
0 0.0322917 0.465278 0.0380208 0.0592593 
0 0.820312 0.61713 0.05 0.087037 
0 0.485286 0.428472 0.0315104 0.0606481 
0 0.495573 0.9375 0.0411458 0.0851852 
0 0.0141927 0.59838 0.0283854 0.0856481 
0 0.088151 0.240046 0.0585938 0.0689815 
0 0.167969 0.59213 0.0328125 0.0685185 
0 0.751432 0.703935 0.0429688 0.0634259 
0 0.229036 0.369676 0.0440104 0.0847222 
