0 0.788151 0.233102 0.0460938 0.104167 
0 0.848177 0.749768 0.04375 0.0837963 
0 0.837891 0.60463 0.0341146 0.0712963 
0 0.870573 0.410417 0.04375 0.0875 
0 0.765234 0.877083 0.0398437 0.0791667 
0 0.392318 0.769676 0.0377604 0.114352 
0 0.0789063 0.94375 0.0421875 0.0865741 
0 0.129167 0.934722 0.0328125 0.119444 
0 0.978646 0.490741 0.0427083 0.0648148 
0 0.529297 0.764352 0.0356771 0.0509259 
0 0.197917 0.675926 0.0421875 0.0666667 
0 0.252734 0.909722 0.0585938 0.0842593 
0 0.618099 0.693287 0.0419271 0.156019 
0 0.488281 0.199769 0.0494792 0.0921296 
0 0.963411 0.626852 0.0403646 0.0787037 
0 0.197786 0.828935 0.0335938 0.123611 
0 0.629948 0.855093 0.0354167 0.0675926 
0 0.881771 0.8125 0.0286458 0.10463 
0 0.41849 0.808565 0.0375 0.0976852 
0 0.102734 0.858102 0.0341146 0.122685 
0 0.925781 0.765972 0.034375 0.106019 
0 0.820312 0.297917 0.0520833 0.075463 
0 0.628906 0.963657 0.0552083 0.0597222 
0 0.541016 0.885417 0.0518229 0.074537 
0 0.749089 0.953241 0.0367187 0.0907407 
0 0.485807 0.681019 0.0445312 0.110185 
0 0.588411 0.483796 0.0518229 0.0592593 
0 0.18763 0.965278 0.0601562 0.062963 
0 0.408203 0.655787 0.0580729 0.0958333 
0 0.54974 0.738194 0.0447917 0.0662037 
0 0.0936198 0.675463 0.0325521 0.0546296 
0 0.947266 0.247222 0.0398437 0.0564815 
0 0.163151 0.642824 0.0361979 0.075463 
0 0.169531 0.789815 0.0369792 0.0657407 
0 0.36276 0.686574 0.0557292 0.0657407 
0 0.985807 0.241435 0.0252604 0.163426 
0 0.404557 0.880556 0.0710938 0.0648148 
0 0.317839 0.519907 0.0690104 0.0518519 
0 0.759766 0.465278 0.0497396 0.0518519 
0 0.658724 0.821759 0.0398437 0.05 
0 0.491927 0.913194 0.0552083 0.0736111 
0 0.334896 0.880093 0.0666667 0.0574074 
0 0.874479 0.62662 0.0322917 0.122685 
0 0.0236979 0.827546 0.0473958 0.0550926 
