0 0.749479 0.953935 0.0609375 0.0865741 
0 0.622135 0.52037 0.0385417 0.160185 
0 0.625521 0.653241 0.0901042 0.109259 
0 0.582943 0.807407 0.0315104 0.121296 
0 0.534635 0.30787 0.0661458 0.141667 
0 0.398958 0.704398 0.0479167 0.165278 
0 0.110286 0.34537 0.0393229 0.0824074 
0 0.5625 0.426852 0.0541667 0.0694444 
0 0.360938 0.490509 0.0328125 0.11713 
0 0.116927 0.647222 0.0442708 0.0583333 
0 0.385026 0.121065 0.0700521 0.075463 
0 0.347005 0.190278 0.0554687 0.0453704 
0 0.290755 0.818981 0.0403646 0.0787037 
0 0.61224 0.410417 0.0427083 0.0652778 
0 0.0980469 0.863657 0.0528646 0.0828704 
0 0.144141 0.075463 0.0315104 0.0731481 
0 0.226693 0.100694 0.0325521 0.10787 
0 0.492969 0.647917 0.0375 0.0819444 
0 0.251432 0.895833 0.0570313 0.0768519 
0 0.402344 0.32338 0.0401042 0.1375 
0 0.479036 0.368981 0.0596354 0.0777778 
0 0.377214 0.56088 0.0294271 0.1375 
0 0.656771 0.731481 0.0276042 0.0537037 
0 0.223828 0.359491 0.0372396 0.050463 
0 0.184635 0.549537 0.0328125 0.0481481 
0 0.474609 0.258796 0.0523437 0.0555556 
0 0.292318 0.22963 0.0643229 0.0611111 
0 0.566927 0.747454 0.04375 0.0615741 
0 0.235026 0.740509 0.0466146 0.0810185 
0 0.486068 0.190509 0.0299479 0.118981 
0 0.479036 0.830324 0.0341146 0.158796 
0 0.121224 0.758565 0.0721354 0.0708333 
0 0.28151 0.509028 0.0614583 0.0912037 
0 0.135026 0.434028 0.0429688 0.113426 
0 0.583464 0.200463 0.0872396 0.0851852 
0 0.283984 0.370602 0.0263021 0.0430556 
0 0.143359 0.545139 0.0507812 0.0513889 
0 0.0622396 0.256713 0.0322917 0.11713 
0 0.283203 0.729167 0.0460938 0.0444444 
0 0.223177 0.542361 0.0333333 0.0421296 
0 0.0518229 0.853241 0.0302083 0.0953704 
0 0.191016 0.128935 0.0335938 0.114352 
0 0.179036 0.180787 0.0372396 0.113426 
0 0.307422 0.63588 0.0497396 0.0717593 
0 0.141927 0.181944 0.0395833 0.0546296 
