0 0.222526 0.0710648 0.0393229 0.131944 
0 0.291536 0.0509259 0.0549479 0.0962963 
0 0.54349 0.255093 0.053125 0.108333 
0 0.197135 0.225463 0.0369792 0.087037 
0 0.041276 0.31088 0.0450521 0.108796 
0 0.728516 0.569444 0.0398437 0.0712963 
0 0.471875 0.25625 0.0671875 0.0782407 
0 0.838411 0.271991 0.0523437 0.0726852 
0 0.361198 0.357407 0.0421875 0.0981481 
0 0.609896 0.482176 0.0338542 0.0875 
0 0.707552 0.231481 0.0390625 0.0685185 
0 0.552344 0.65787 0.0583333 0.0787037 
0 0.529818 0.737963 0.0403646 0.0601852 
0 0.979427 0.385417 0.0411458 0.0689815 
0 0.239453 0.246759 0.0476562 0.138889 
0 0.95651 0.522917 0.0291667 0.0791667 
0 0.418229 0.837269 0.0348958 0.049537 
0 0.557552 0.567824 0.0395833 0.104167 
0 0.827604 0.0664352 0.0359375 0.0986111 
0 0.526432 0.33912 0.0315104 0.0912037 
0 0.432422 0.362963 0.0356771 0.0638889 
0 0.784766 0.772685 0.0320312 0.0648148 
0 0.979036 0.117593 0.0419271 0.0527778 
0 0.813021 0.489352 0.0479167 0.0537037 
0 0.863281 0.0513889 0.0505208 0.0935185 
0 0.95651 0.209028 0.0338542 0.0615741 
0 0.766146 0.487269 0.0390625 0.0652778 
0 0.123828 0.255324 0.0434896 0.0856481 
0 0.641146 0.243519 0.05625 0.062037 
0 0.382031 0.172685 0.0484375 0.0722222 
0 0.332552 0.568519 0.0359375 0.0722222 
0 0.589323 0.0578704 0.0635417 0.0898148 
0 0.729557 0.91412 0.0434896 0.0726852 
0 0.25625 0.510417 0.0390625 0.0680556 
0 0.489062 0.781944 0.0380208 0.0638889 
0 0.673828 0.763426 0.0403646 0.105556 
0 0.760807 0.713194 0.0210938 0.0800926 
0 0.345182 0.126389 0.0346354 0.0907407 
0 0.252865 0.11088 0.0348958 0.0782407 
0 0.608333 0.103009 0.0375 0.114352 
0 0.855859 0.49838 0.0315104 0.0643518 
0 0.602083 0.190046 0.053125 0.0615741 
0 0.645964 0.347222 0.0606771 0.0898148 
0 0.390365 0.790278 0.0411458 0.0509259 
0 0.534766 0.407639 0.0393229 0.0587963 
0 0.988802 0.816435 0.01875 0.074537 
0 0.909635 0.568981 0.05625 0.0740741 
0 0.844661 0.652778 0.0388021 0.05 
0 0.136198 0.546759 0.0421875 0.122222 
0 0.403646 0.515278 0.046875 0.075 
0 0.841797 0.439815 0.0539063 0.0703704 
