0 0.811068 0.146065 0.0367187 0.0699074 
0 0.727995 0.646296 0.0419271 0.0814815 
0 0.586458 0.14838 0.0505208 0.0606481 
0 0.77487 0.140278 0.0445312 0.101852 
0 0.979557 0.218287 0.0377604 0.0893519 
0 0.544922 0.187037 0.0502604 0.0546296 
0 0.909115 0.378935 0.0416667 0.115278 
0 0.18112 0.264352 0.0466146 0.0722222 
0 0.814974 0.287269 0.0377604 0.0810185 
0 0.639193 0.362037 0.0539063 0.0546296 
0 0.311589 0.134028 0.0440104 0.0847222 
0 0.688021 0.79213 0.05 0.075 
0 0.837891 0.0358796 0.0445312 0.0671296 
0 0.301823 0.423148 0.0526042 0.0861111 
0 0.313151 0.308565 0.0367187 0.0726852 
0 0.372396 0.310417 0.0494792 0.0810185 
0 0.219401 0.381713 0.0367187 0.0837963 
0 0.767578 0.324306 0.0330729 0.0449074 
0 0.344661 0.429398 0.0377604 0.0791667 
0 0.57513 0.558565 0.0257812 0.074537 
0 0.930599 0.184028 0.0632813 0.0708333 
0 0.284245 0.2625 0.0325521 0.0648148 
0 0.864193 0.73287 0.0278646 0.075 
0 0.888151 0.576389 0.0466146 0.0759259 
0 0.900391 0.796759 0.0419271 0.0796296 
0 0.724089 0.746991 0.0434896 0.0699074 
0 0.817839 0.573843 0.0398437 0.074537 
0 0.903255 0.279167 0.0263021 0.087037 
0 0.968229 0.525231 0.0421875 0.0597222 
