0 0.621094 0.815278 0.0510417 0.0944444 
0 0.495052 0.271759 0.028125 0.0462963 
0 0.779688 0.0398148 0.0333333 0.0796296 
0 0.230859 0.791204 0.0361979 0.0472222 
0 0.574219 0.812037 0.0619792 0.124074 
0 0.731901 0.147685 0.0877604 0.062963 
0 0.556641 0.325 0.0361979 0.0694444 
0 0.60013 0.910417 0.0971354 0.0800926 
0 0.678646 0.178472 0.0442708 0.129167 
0 0.183333 0.396065 0.0421875 0.0856481 
0 0.588932 0.628009 0.0398437 0.0837963 
0 0.29375 0.326157 0.0390625 0.0689815 
0 0.255339 0.904398 0.0497396 0.0726852 
0 0.348828 0.395139 0.0429688 0.0523148 
0 0.64362 0.730556 0.0325521 0.0527778 
0 0.209896 0.0391204 0.0333333 0.0763889 
0 0.375521 0.642824 0.0583333 0.0708333 
0 0.358594 0.730093 0.059375 0.0490741 
0 0.419922 0.801852 0.0695312 0.140741 
0 0.449219 0.0539352 0.0479167 0.0550926 
0 0.0619792 0.493519 0.0395833 0.0425926 
0 0.120182 0.477083 0.0283854 0.0532407 
0 0.607422 0.229861 0.0320312 0.0717593 
0 0.529297 0.801389 0.0424479 0.0407407 
0 0.979557 0.297917 0.0320312 0.0643518 
0 0.451562 0.624537 0.0453125 0.0657407 
0 0.863802 0.651389 0.0338542 0.0537037 
0 0.528255 0.627083 0.0278646 0.0606481 
0 0.648438 0.33588 0.0401042 0.049537 
0 0.172005 0.78125 0.0361979 0.0708333 
0 0.48724 0.0358796 0.0291667 0.0680556 
0 0.243359 0.324074 0.0335938 0.0768519 
0 0.739193 0.257639 0.0513021 0.0532407 
0 0.15612 0.619676 0.0393229 0.0486111 
0 0.347917 0.784259 0.0328125 0.0675926 
0 0.102083 0.421991 0.0578125 0.0671296 
0 0.729427 0.676157 0.0359375 0.103241 
0 0.145573 0.951389 0.0489583 0.0555556 
0 0.15612 0.506481 0.0382813 0.0916667 
0 0.578125 0.590509 0.0328125 0.0708333 
0 0.442187 0.263194 0.0317708 0.0856481 
0 0.426693 0.44838 0.0643229 0.136574 
0 0.397266 0.715741 0.0289063 0.0490741 
