0 0.922917 0.262963 0.0630208 0.111111 
0 0.326693 0.376852 0.0528646 0.0777778 
0 0.70612 0.358796 0.0627604 0.0962963 
0 0.361849 0.434259 0.0539063 0.0657407 
0 0.783724 0.466898 0.0450521 0.108796 
0 0.520052 0.346991 0.0526042 0.131019 
0 0.779818 0.743056 0.0372396 0.0814815 
0 0.86862 0.594213 0.0403646 0.0893519 
0 0.974219 0.849769 0.0447917 0.074537 
0 0.750911 0.628009 0.0523437 0.0708333 
0 0.880339 0.961806 0.0710938 0.074537 
0 0.647396 0.606713 0.0494792 0.0726852 
0 0.969792 0.96875 0.0489583 0.0597222 
0 0.96237 0.20463 0.0393229 0.0861111 
0 0.752474 0.530324 0.0408854 0.0634259 
0 0.665104 0.521759 0.03125 0.0768519 
0 0.908203 0.711806 0.0382813 0.0837963 
0 0.795443 0.917593 0.0372396 0.0768519 
0 0.336458 0.621759 0.046875 0.103704 
0 0.470703 0.662269 0.0481771 0.0939815 
0 0.502865 0.8125 0.0395833 0.087037 
0 0.339063 0.93588 0.05625 0.109722 
0 0.425781 0.969213 0.071875 0.0615741 
0 0.598698 0.764352 0.040625 0.0851852 
0 0.21224 0.842593 0.0270833 0.1 
0 0.730469 0.965278 0.05 0.0666667 
