0 0.0684896 0.156944 0.0505208 0.118519 
0 0.493359 0.055787 0.0398437 0.111574 
0 0.700781 0.182176 0.0619792 0.119907 
0 0.743099 0.428241 0.0481771 0.141667 
0 0.283594 0.0460648 0.0536458 0.0819444 
0 0.838281 0.102778 0.0359375 0.0935185 
0 0.47526 0.668056 0.0609375 0.117593 
0 0.766536 0.873843 0.0367187 0.103241 
0 0.503385 0.562037 0.0682292 0.0925926 
0 0.330859 0.159722 0.0601562 0.0675926 
0 0.754818 0.702315 0.0497396 0.125926 
0 0.369922 0.282176 0.0861979 0.106019 
0 0.201432 0.491667 0.0601562 0.0851852 
0 0.667057 0.60625 0.0325521 0.0986111 
0 0.570833 0.220139 0.028125 0.0828704 
0 0.176042 0.722454 0.0354167 0.131019 
0 0.115885 0.613426 0.0364583 0.131481 
0 0.308073 0.865046 0.0395833 0.0578704 
0 0.401563 0.467593 0.0635417 0.0648148 
0 0.0229167 0.795833 0.0458333 0.0703704 
0 0.459896 0.12662 0.0734375 0.103241 
0 0.0790365 0.769213 0.0388021 0.110648 
0 0.3125 0.324306 0.0302083 0.0875 
0 0.23099 0.148611 0.0635417 0.0768519 
0 0.539062 0.0506944 0.0635417 0.100463 
0 0.248698 0.754398 0.0380208 0.0967593 
0 0.967318 0.151389 0.0346354 0.0796296 
0 0.599219 0.81713 0.0625 0.0842593 
0 0.159245 0.869444 0.0502604 0.0805556 
0 0.922917 0.160648 0.0546875 0.0861111 
0 0.883854 0.408333 0.0614583 0.0694444 
0 0.713802 0.629861 0.0364583 0.111574 
0 0.425781 0.683565 0.0588542 0.105093 
0 0.60638 0.438657 0.0778646 0.0837963 
0 0.973177 0.418519 0.0520833 0.0537037 
0 0.164974 0.624074 0.0460938 0.110185 
0 0.792969 0.38912 0.0677083 0.0912037 
0 0.22474 0.297454 0.0302083 0.075463 
0 0.360807 0.66713 0.0377604 0.0583333 
0 0.302734 0.729167 0.0414063 0.137963 
0 0.0197917 0.454861 0.0375 0.0699074 
0 0.461328 0.888426 0.0481771 0.109259 
0 0.915495 0.894213 0.0471354 0.101389 
0 0.923307 0.53125 0.0601562 0.0828704 
0 0.779818 0.630324 0.0497396 0.0662037 
0 0.209115 0.615972 0.0572917 0.0476852 
0 0.0946615 0.565972 0.0518229 0.0587963 
0 0.556641 0.653935 0.0294271 0.0884259 
0 0.0204427 0.319676 0.0393229 0.0587963 
0 0.372135 0.568287 0.0265625 0.0791667 
0 0.719792 0.304398 0.0380208 0.075463 
0 0.402344 0.770833 0.0510417 0.0592593 
0 0.354297 0.080787 0.0544271 0.0680556 
0 0.807552 0.173148 0.0625 0.0509259 
0 0.789583 0.54375 0.034375 0.0865741 
0 0.361198 0.953009 0.0338542 0.0912037 
0 0.596224 0.0775463 0.0544271 0.0699074 
0 0.568359 0.114583 0.0507812 0.0773148 
0 0.248047 0.575231 0.0450521 0.0393519 
0 0.145313 0.321991 0.0239583 0.0976852 
0 0.170443 0.392361 0.0341146 0.0476852 
0 0.018099 0.979861 0.0361979 0.0393519 
0 0.36862 0.171296 0.0299479 0.117593 
0 0.475391 0.335185 0.0877604 0.0935185 
