0 0.331771 0.965278 0.0572917 0.0657407 
0 0.0520833 0.840741 0.0541667 0.075 
0 0.147005 0.682176 0.0606771 0.116204 
0 0.159115 0.949769 0.0630208 0.100463 
0 0.130078 0.489815 0.0356771 0.138889 
0 0.183854 0.774306 0.0703125 0.0689815 
0 0.983464 0.809028 0.0320312 0.103241 
0 0.789583 0.956713 0.0510417 0.074537 
0 0.236328 0.920139 0.0664062 0.100463 
0 0.79349 0.545139 0.046875 0.0726852 
0 0.691406 0.269213 0.0322917 0.0523148 
0 0.951693 0.736111 0.0960938 0.116667 
0 0.646484 0.838194 0.0502604 0.0800926 
0 0.111198 0.76412 0.0416667 0.0773148 
0 0.0851562 0.51088 0.0416667 0.126389 
0 0.453125 0.342361 0.0364583 0.0486111 
0 0.758854 0.0326389 0.0609375 0.0652778 
