0 0.945312 0.727083 0.0364583 0.0939815 
0 0.163281 0.589815 0.0729167 0.106481 
0 0.610286 0.903704 0.0429688 0.087037 
0 0.816406 0.558565 0.0442708 0.102315 
0 0.447917 0.952315 0.040625 0.0787037 
0 0.908724 0.453704 0.0351562 0.107407 
0 0.0692708 0.630093 0.0447917 0.0759259 
0 0.511719 0.378704 0.0447917 0.0990741 
0 0.236589 0.70625 0.0335938 0.0986111 
0 0.885807 0.343287 0.0549479 0.0847222 
0 0.367188 0.666204 0.0411458 0.0944444 
0 0.289844 0.568056 0.0395833 0.0648148 
0 0.102083 0.709259 0.0515625 0.0759259 
0 0.946875 0.569444 0.0364583 0.0657407 
0 0.291016 0.482407 0.0481771 0.062037 
0 0.626953 0.468287 0.0638021 0.0847222 
0 0.93112 0.633102 0.0466146 0.075463 
0 0.805599 0.707176 0.0382813 0.0578704 
0 0.247005 0.563426 0.0460938 0.0796296 
0 0.721745 0.437731 0.0684896 0.143981 
0 0.430339 0.409259 0.0388021 0.0972222 
0 0.609896 0.787731 0.0463542 0.0662037 
0 0.777865 0.748611 0.0416667 0.0638889 
0 0.147005 0.959028 0.0533854 0.0782407 
0 0.177083 0.699537 0.040625 0.0685185 
0 0.545443 0.8625 0.0486979 0.0564815 
0 0.805208 0.268287 0.0333333 0.0884259 
0 0.41849 0.272454 0.0447917 0.0847222 
0 0.742708 0.883565 0.05625 0.0986111 
0 0.336458 0.495602 0.0364583 0.0865741 
0 0.432682 0.764352 0.0544271 0.0685185 
0 0.0290365 0.94537 0.0304688 0.0787037 
0 0.301693 0.946991 0.0414063 0.0884259 
0 0.184115 0.797685 0.0317708 0.0731481 
0 0.579557 0.288426 0.0575521 0.151852 
0 0.160026 0.490972 0.0429688 0.075463 
