0 0.551302 0.949769 0.0494792 0.0782407 
0 0.136198 0.706713 0.0390625 0.0541667 
0 0.282943 0.604167 0.0747396 0.114815 
0 0.39362 0.954167 0.0398437 0.0833333 
0 0.124349 0.96088 0.0351562 0.0736111 
0 0.376042 0.570139 0.0505208 0.0782407 
0 0.821224 0.778704 0.0346354 0.0740741 
0 0.541536 0.425231 0.0361979 0.0819444 
0 0.655339 0.46875 0.0492188 0.0587963 
0 0.636719 0.377083 0.0515625 0.100463 
0 0.531771 0.515741 0.0421875 0.0851852 
0 0.974609 0.903704 0.0388021 0.0759259 
0 0.472656 0.821991 0.0536458 0.0615741 
0 0.867188 0.964352 0.0557292 0.0685185 
0 0.770964 0.845139 0.0190104 0.0828704 
0 0.480208 0.684491 0.0416667 0.0763889 
0 0.797396 0.964352 0.0302083 0.0657407 
0 0.770573 0.468287 0.0661458 0.0791667 
0 0.977083 0.979861 0.0432292 0.0402778 
0 0.431771 0.723843 0.0260417 0.0828704 
0 0.272005 0.707407 0.0476562 0.0796296 
0 0.0151042 0.825926 0.0302083 0.0537037 
0 0.48151 0.393981 0.0291667 0.0444444 
0 0.713932 0.905324 0.0408854 0.0810185 
0 0.651302 0.257176 0.0494792 0.0865741 
0 0.554297 0.770139 0.0617188 0.0736111 
0 0.722656 0.258102 0.0651042 0.159722 
0 0.827604 0.60787 0.0442708 0.0555556 
0 0.849219 0.419676 0.0583333 0.106019 
0 0.657161 0.593287 0.0356771 0.0625 
0 0.89987 0.736111 0.0382813 0.0935185 
