0 0.903255 0.940046 0.0356771 0.11713 
0 0.580078 0.533102 0.0372396 0.165278 
0 0.645573 0.920139 0.0296875 0.143981 
0 0.318359 0.949537 0.0361979 0.100926 
0 0.966797 0.902778 0.0591146 0.127778 
0 0.528385 0.79375 0.0489583 0.0643518 
0 0.135677 0.736111 0.0401042 0.102778 
0 0.0410156 0.841898 0.0622396 0.0652778 
0 0.0848958 0.719213 0.0286458 0.134722 
0 0.548828 0.353704 0.0325521 0.05 
0 0.232422 0.669676 0.0544271 0.115278 
0 0.63724 0.437269 0.0338542 0.0393519 
0 0.561458 0.738426 0.0447917 0.115741 
0 0.823307 0.562963 0.0309896 0.100926 
0 0.946354 0.599306 0.0442708 0.103241 
0 0.128385 0.871065 0.0265625 0.075463 
0 0.696745 0.645833 0.0533854 0.0907407 
0 0.922396 0.851157 0.046875 0.116204 
0 0.142578 0.961806 0.0763021 0.0699074 
0 0.755339 0.875 0.0252604 0.0861111 
0 0.203906 0.562037 0.0317708 0.137963 
0 0.241276 0.747685 0.0507812 0.0527778 
0 0.458464 0.597222 0.0664062 0.0453704 
