0 0.806641 0.182407 0.10651 0.141667 
0 0.69974 0.324537 0.0755208 0.105556 
0 0.942839 0.364583 0.102865 0.110648 
0 0.801693 0.941667 0.0716146 0.102778 
0 0.747005 0.788889 0.104427 0.0787037 
0 0.354557 0.286343 0.0299479 0.0467593 
0 0.731901 0.653241 0.0679687 0.127778 
0 0.58099 0.374537 0.0401042 0.0611111 
0 0.630339 0.788194 0.0429688 0.0680556 
0 0.826172 0.780324 0.0440104 0.105093 
0 0.732943 0.926157 0.0361979 0.143056 
0 0.669401 0.626389 0.0388021 0.15 
0 0.3 0.0212963 0.0359375 0.0425926 
0 0.254167 0.0363426 0.0458333 0.0513889 
0 0.800781 0.0715278 0.0552083 0.0662037 
0 0.428385 0.549537 0.0432292 0.0787037 
0 0.440234 0.0708333 0.0393229 0.0398148 
0 0.591797 0.972222 0.0492188 0.0555556 
0 0.278385 0.0912037 0.0317708 0.0453704 
0 0.204818 0.152083 0.0398437 0.0402778 
0 0.402734 0.298843 0.0388021 0.0439815 
0 0.785156 0.270833 0.0307292 0.0685185 
0 0.449479 0.829861 0.059375 0.0671296 
0 0.0266927 0.0282407 0.0356771 0.0564815 
0 0.96237 0.0358796 0.0643229 0.0708333 
0 0.111849 0.884259 0.0674479 0.0657407 
0 0.491536 0.91412 0.0669271 0.0523148 
0 0.678255 0.123148 0.0398437 0.0972222 
0 0.363281 0.922685 0.0484375 0.119444 
0 0.398177 0.381944 0.0338542 0.0407407 
0 0.726042 0.180093 0.0369792 0.132407 
0 0.547917 0.482639 0.0380208 0.049537 
0 0.596615 0.0835648 0.053125 0.138426 
0 0.603516 0.742593 0.0492188 0.0527778 
0 0.18112 0.345833 0.0580729 0.0462963 
0 0.411849 0.928009 0.0346354 0.0652778 
0 0.395833 0.205324 0.0322917 0.0393519 
0 0.611849 0.905324 0.0481771 0.075463 
0 0.845182 0.466898 0.0393229 0.0773148 
0 0.73737 0.517361 0.0445312 0.0578704 
0 0.370443 0.644444 0.0372396 0.122222 
0 0.171745 0.250694 0.0346354 0.0550926 
0 0.329818 0.257176 0.0257812 0.0625 
0 0.434766 0.290509 0.0445312 0.0458333 
0 0.0839844 0.519444 0.0466146 0.0574074 
0 0.446354 0.019213 0.0588542 0.0375 
0 0.49349 0.335648 0.04375 0.0555556 
0 0.540495 0.726852 0.0263021 0.100926 
0 0.470182 0.520833 0.0341146 0.0805556 
0 0.785677 0.733333 0.034375 0.0759259 
0 0.156901 0.482176 0.0414063 0.0662037 
0 0.225911 0.540046 0.0570313 0.0476852 
0 0.476042 0.183796 0.0328125 0.0694444 
0 0.571354 0.419907 0.0255208 0.0805556 
0 0.0972656 0.0402778 0.0315104 0.0805556 
0 0.438151 0.733565 0.0554687 0.0597222 
0 0.11875 0.757176 0.0447917 0.0625 
0 0.416406 0.33912 0.0208333 0.0671296 
