0 0.302474 0.7625 0.0486979 0.189815 
0 0.102734 0.544444 0.0580729 0.119444 
0 0.0592448 0.41088 0.0414063 0.146759 
0 0.952083 0.842593 0.071875 0.0842593 
0 0.834505 0.376157 0.0424479 0.0671296 
0 0.129818 0.758796 0.0559896 0.121296 
0 0.921875 0.714583 0.0635417 0.0837963 
0 0.748958 0.315741 0.0427083 0.087037 
0 0.584505 0.932176 0.0971354 0.133796 
0 0.224219 0.746528 0.084375 0.144907 
0 0.133464 0.28287 0.0992187 0.131481 
0 0.683203 0.761806 0.0757812 0.143056 
0 0.627865 0.12338 0.0375 0.1125 
0 0.349349 0.359259 0.0757812 0.187963 
0 0.105078 0.849074 0.0716146 0.0824074 
0 0.442448 0.277546 0.0510417 0.0893519 
0 0.647005 0.0891204 0.0455729 0.0671296 
0 0.428385 0.703935 0.0614583 0.156019 
0 0.213281 0.450231 0.0458333 0.0837963 
0 0.521484 0.748148 0.0664062 0.150926 
0 0.485286 0.928009 0.0835937 0.1125 
