0 0.851042 0.367593 0.0536458 0.062963 
0 0.395443 0.229861 0.0356771 0.122685 
0 0.0425781 0.306944 0.0382813 0.126852 
0 0.800781 0.587963 0.0390625 0.0805556 
0 0.961458 0.102778 0.065625 0.0768519 
0 0.471224 0.227546 0.0445312 0.0865741 
0 0.527344 0.182407 0.0432292 0.0953704 
0 0.542969 0.338426 0.0260417 0.0638889 
0 0.113281 0.203241 0.03125 0.103704 
0 0.885677 0.730556 0.04375 0.087963 
0 0.632812 0.0659722 0.0385417 0.0884259 
0 0.43138 0.296759 0.0481771 0.1 
0 0.960417 0.446296 0.0635417 0.134259 
0 0.69375 0.0631944 0.0692708 0.0726852 
0 0.613672 0.27338 0.0486979 0.0652778 
0 0.769531 0.203935 0.034375 0.0949074 
0 0.349219 0.612037 0.03125 0.0703704 
0 0.975911 0.689815 0.0481771 0.0722222 
0 0.986849 0.322222 0.0205729 0.0916667 
0 0.136328 0.605556 0.0372396 0.087037 
0 0.922396 0.76088 0.03125 0.0717593 
0 0.917969 0.684028 0.0578125 0.0532407 
0 0.231641 0.59375 0.0533854 0.0513889 
0 0.254427 0.372222 0.0276042 0.087963 
0 0.717708 0.681713 0.0489583 0.0662037 
0 0.717839 0.264815 0.0492188 0.0675926 
0 0.367318 0.297685 0.0565104 0.0722222 
0 0.300781 0.463194 0.0442708 0.0800926 
0 0.415755 0.683102 0.0523437 0.0615741 
0 0.85013 0.176852 0.0440104 0.0675926 
0 0.0714844 0.396528 0.0507812 0.0949074 
0 0.317448 0.28912 0.0338542 0.131944 
0 0.819922 0.921065 0.0299479 0.0643518 
0 0.844792 0.618056 0.0401042 0.0694444 
0 0.791536 0.499306 0.0440104 0.0726852 
0 0.787109 0.411111 0.0570313 0.0537037 
0 0.742708 0.581019 0.0338542 0.0740741 
0 0.104427 0.437731 0.0385417 0.0689815 
0 0.36888 0.553009 0.0434896 0.0680556 
0 0.50638 0.882639 0.0382813 0.0717593 
0 0.686458 0.172917 0.0494792 0.0532407 
0 0.53763 0.624074 0.0367187 0.0481481 
0 0.786589 0.765278 0.0513021 0.0564815 
0 0.858854 0.447685 0.0380208 0.0555556 
0 0.303516 0.568287 0.0440104 0.0458333 
