0 0.558073 0.444907 0.046875 0.0916667 
0 0.448177 0.733333 0.0614583 0.105556 
0 0.4875 0.518981 0.0697917 0.0592593 
0 0.585938 0.259491 0.0692708 0.0791667 
0 0.617188 0.570602 0.0770833 0.0680556 
0 0.159896 0.53912 0.0572917 0.0689815 
0 0.691797 0.458796 0.0356771 0.0648148 
0 0.851562 0.815046 0.0614583 0.0634259 
0 0.310807 0.261111 0.0507812 0.0564815 
0 0.539583 0.238657 0.0317708 0.135648 
0 0.653255 0.63588 0.0315104 0.0569444 
0 0.472526 0.800694 0.0528646 0.0837963 
0 0.244531 0.454398 0.0427083 0.0652778 
0 0.578125 0.652778 0.0489583 0.0592593 
0 0.624479 0.739583 0.05 0.0467593 
0 0.508203 0.627083 0.0523437 0.0458333 
0 0.542969 0.730324 0.0458333 0.100463 
0 0.683594 0.099537 0.0390625 0.12037 
0 0.460938 0.641435 0.0682292 0.074537 
0 0.209635 0.347685 0.0416667 0.0518519 
0 0.519531 0.895833 0.0364583 0.139815 
0 0.588932 0.303704 0.0236979 0.062037 
0 0.445052 0.342361 0.0348958 0.1125 
0 0.395833 0.808102 0.0369792 0.0449074 
0 0.303906 0.391435 0.0286458 0.0578704 
0 0.560547 0.922685 0.0341146 0.14537 
0 0.722135 0.119907 0.04375 0.0990741 
0 0.988281 0.59213 0.0208333 0.0722222 
0 0.158073 0.979167 0.0328125 0.0407407 
0 0.536589 0.711343 0.0669271 0.0949074 
0 0.606901 0.0194444 0.0325521 0.0388889 
0 0.766536 0.221991 0.0783854 0.0643518 
0 0.117708 0.106713 0.0364583 0.0541667 
0 0.347396 0.941898 0.0536458 0.0652778 
0 0.330078 0.479167 0.0268229 0.0472222 
0 0.285807 0.118519 0.0440104 0.0564815 
0 0.257552 0.159954 0.0447917 0.0550926 
0 0.270964 0.813657 0.0403646 0.0523148 
0 0.224219 0.560648 0.0416667 0.0518519 
0 0.181901 0.631481 0.0309896 0.0583333 
0 0.691927 0.190509 0.0541667 0.050463 
