0 0.366146 0.797685 0.0635417 0.138889 
0 0.0369792 0.910648 0.0463542 0.0805556 
0 0.526302 0.852546 0.0520833 0.0671296 
0 0.154818 0.589352 0.0351562 0.0907407 
0 0.10612 0.496296 0.0460938 0.0611111 
0 0.20638 0.604167 0.0346354 0.124074 
0 0.191667 0.979167 0.0609375 0.0398148 
0 0.704167 0.859954 0.0463542 0.108796 
0 0.50625 0.675926 0.0541667 0.0601852 
0 0.871094 0.849306 0.0625 0.0699074 
0 0.128385 0.957407 0.0661458 0.0722222 
0 0.635677 0.397222 0.0442708 0.0537037 
0 0.0893229 0.839352 0.028125 0.0944444 
0 0.361328 0.946296 0.0497396 0.0824074 
0 0.688932 0.422685 0.0518229 0.132407 
0 0.778255 0.331019 0.0424479 0.0962963 
0 0.168359 0.648843 0.0419271 0.0532407 
0 0.269271 0.572917 0.025 0.0949074 
0 0.550781 0.958333 0.0432292 0.0814815 
0 0.577604 0.697454 0.0354167 0.0902778 
0 0.828125 0.256944 0.0348958 0.0490741 
0 0.234115 0.864583 0.025 0.0763889 
0 0.875 0.662269 0.06875 0.0763889 
0 0.399349 0.628935 0.0429688 0.0930556 
0 0.611328 0.488194 0.0242187 0.0606481 
0 0.705599 0.578704 0.0361979 0.062037 
0 0.0832031 0.961806 0.0424479 0.0736111 
0 0.0864583 0.75 0.0619792 0.0537037 
0 0.854427 0.0238426 0.0317708 0.0467593 
0 0.678255 0.450926 0.0335938 0.0898148 
0 0.667057 0.901157 0.0382813 0.0476852 
0 0.0170573 0.398611 0.0325521 0.0583333 
