0 0.392839 0.813889 0.0388021 0.0972222 
0 0.313151 0.764583 0.0658854 0.0967593 
0 0.734375 0.870139 0.0630208 0.0856481 
0 0.169661 0.959259 0.0450521 0.0796296 
0 0.755339 0.726157 0.0523437 0.140278 
0 0.485547 0.903472 0.0408854 0.151389 
0 0.601953 0.775463 0.0424479 0.0814815 
0 0.418229 0.786111 0.0442708 0.0787037 
0 0.287891 0.683565 0.0320312 0.0569444 
0 0.908203 0.893981 0.0445312 0.0787037 
0 0.0747396 0.83588 0.0473958 0.129167 
0 0.898958 0.495139 0.0526042 0.114352 
0 0.075 0.353472 0.0786458 0.0958333 
0 0.494922 0.623611 0.0424479 0.0509259 
0 0.58151 0.890509 0.0609375 0.0523148 
0 0.973568 0.632407 0.0304688 0.0851852 
0 0.789583 0.783102 0.0307292 0.0976852 
0 0.547786 0.404167 0.0273438 0.0666667 
0 0.901953 0.684954 0.0242187 0.0541667 
0 0.916016 0.616204 0.0664062 0.0546296 
0 0.316927 0.976852 0.0338542 0.0462963 
0 0.220182 0.962731 0.0502604 0.0699074 
0 0.460677 0.8 0.0244792 0.0425926 
0 0.548828 0.862037 0.0335938 0.0787037 
0 0.0916667 0.442593 0.0390625 0.0444444 
0 0.578125 0.519444 0.0296875 0.127778 
0 0.977604 0.450694 0.0328125 0.0791667 
0 0.480729 0.741435 0.0270833 0.103241 
0 0.792448 0.528704 0.0473958 0.0574074 
0 0.194271 0.493981 0.0333333 0.0518519 
0 0.463411 0.529167 0.0252604 0.0574074 
0 0.86875 0.363889 0.0359375 0.0518519 
0 0.805599 0.569444 0.0429688 0.0740741 
0 0.339844 0.621991 0.0234375 0.0652778 
0 0.641146 0.496065 0.0276042 0.0800926 
0 0.682161 0.947917 0.0367187 0.101389 
0 0.406901 0.797685 0.0507812 0.0953704 
0 0.541927 0.557639 0.0510417 0.0476852 
0 0.230859 0.602083 0.0476562 0.0671296 
0 0.939974 0.784722 0.0309896 0.075 
