0 0.246094 0.107176 0.0328125 0.0856481 
0 0.0175781 0.0636574 0.0304688 0.127315 
0 0.303255 0.306019 0.0914062 0.0648148 
0 0.366667 0.0571759 0.0338542 0.111574 
0 0.627474 0.463426 0.0434896 0.0777778 
0 0.570703 0.219676 0.0429688 0.119907 
0 0.844792 0.697454 0.0453125 0.156019 
0 0.0213542 0.361574 0.034375 0.146296 
0 0.752474 0.209028 0.0986979 0.0810185 
0 0.520573 0.342361 0.0416667 0.139352 
0 0.480729 0.50787 0.0395833 0.149074 
0 0.708984 0.3875 0.0721354 0.134259 
0 0.0992187 0.372685 0.0635417 0.0861111 
0 0.85 0.271991 0.078125 0.0680556 
0 0.468229 0.0611111 0.0359375 0.108333 
0 0.619661 0.131944 0.0539063 0.0694444 
0 0.383464 0.525231 0.0382813 0.0782407 
0 0.417969 0.425463 0.0697917 0.0962963 
0 0.772005 0.737963 0.0544271 0.0712963 
0 0.44388 0.0407407 0.0471354 0.0796296 
0 0.636198 0.887731 0.0526042 0.100463 
0 0.792448 0.415278 0.0557292 0.0574074 
0 0.125391 0.172917 0.0424479 0.113426 
0 0.952083 0.568981 0.0598958 0.0601852 
0 0.751953 0.878009 0.0398437 0.109722 
0 0.913021 0.450463 0.0411458 0.062963 
0 0.403255 0.657407 0.0466146 0.0842593 
0 0.527344 0.534491 0.0421875 0.0560185 
0 0.220313 0.376157 0.0395833 0.113426 
0 0.660547 0.787269 0.0299479 0.099537 
0 0.118229 0.575694 0.0390625 0.0791667 
