0 0.670833 0.270139 0.0338542 0.0476852 
0 0.947266 0.458102 0.0565104 0.0893519 
0 0.735937 0.146065 0.0541667 0.0875 
0 0.795964 0.528704 0.0835937 0.062037 
0 0.754297 0.337037 0.0325521 0.0648148 
0 0.682682 0.0844907 0.0575521 0.10787 
0 0.444661 0.198611 0.0309896 0.0824074 
0 0.54974 0.472222 0.0296875 0.0768519 
0 0.461458 0.671296 0.0453125 0.105556 
0 0.709896 0.490046 0.0322917 0.0847222 
0 0.486589 0.962731 0.0486979 0.0726852 
0 0.808073 0.301389 0.0692708 0.0648148 
0 0.257552 0.312731 0.0489583 0.0615741 
0 0.472917 0.797685 0.0421875 0.0537037 
0 0.395703 0.200926 0.0450521 0.0675926 
0 0.707031 0.686343 0.0307292 0.0606481 
0 0.377344 0.755093 0.046875 0.0592593 
0 0.307161 0.42338 0.0372396 0.0634259 
0 0.587891 0.32963 0.0518229 0.0740741 
0 0.213542 0.901852 0.0401042 0.0509259 
0 0.61237 0.789583 0.0455729 0.0513889 
0 0.655208 0.564583 0.0703125 0.0634259 
0 0.488281 0.379398 0.053125 0.050463 
0 0.292708 0.70625 0.0447917 0.074537 
0 0.728906 0.0469907 0.0661458 0.0902778 
0 0.532161 0.233565 0.0335938 0.0819444 
0 0.634766 0.300463 0.0335938 0.0537037 
0 0.584896 0.811574 0.0348958 0.0805556 
0 0.488542 0.28912 0.04375 0.0615741 
0 0.587891 0.062963 0.0648438 0.062037 
0 0.689974 0.94537 0.0585938 0.0759259 
0 0.178516 0.634954 0.0481771 0.0810185 
0 0.395573 0.0752315 0.0541667 0.0643518 
0 0.621484 0.696296 0.0351562 0.0574074 
0 0.102344 0.211806 0.0421875 0.0541667 
0 0.193099 0.272222 0.0393229 0.05 
0 0.0979167 0.593287 0.0369792 0.0476852 
0 0.610807 0.482639 0.0393229 0.0569444 
0 0.348177 0.266667 0.03125 0.1 
0 0.493359 0.0527778 0.0549479 0.0453704 
0 0.568359 0.763889 0.0330729 0.0453704 
0 0.179948 0.887037 0.0307292 0.0768519 
0 0.0466146 0.431019 0.0651042 0.0453704 
0 0.490885 0.857639 0.05 0.049537 
0 0.173958 0.795139 0.0354167 0.0560185 
0 0.571224 0.609028 0.0226563 0.0819444 
0 0.441927 0.959259 0.040625 0.0740741 
0 0.135547 0.633796 0.0601562 0.0740741 
0 0.18112 0.402778 0.0429688 0.0555556 
0 0.571745 0.549537 0.0351562 0.0490741 
0 0.027474 0.306713 0.0242187 0.0791667 
0 0.563542 0.23287 0.0442708 0.0481481 
0 0.583984 0.184259 0.0335938 0.0546296 
0 0.241667 0.841204 0.0375 0.0518519 
0 0.23125 0.394907 0.0427083 0.0592593 
0 0.148828 0.55463 0.0335938 0.0592593 
0 0.646484 0.454861 0.0440104 0.0412037 
0 0.320833 0.544444 0.0364583 0.0546296 
0 0.598568 0.801157 0.0533854 0.0726852 
0 0.577083 0.503472 0.0354167 0.0486111 
