0 0.630859 0.276389 0.0398437 0.0990741 
0 0.410286 0.416435 0.0486979 0.0837963 
0 0.619661 0.453704 0.0820312 0.0907407 
0 0.253125 0.0935185 0.0625 0.133333 
0 0.796354 0.477546 0.0302083 0.154167 
0 0.938932 0.863657 0.0419271 0.110648 
0 0.454557 0.483102 0.0294271 0.0773148 
0 0.40013 0.283796 0.0330729 0.155556 
0 0.530208 0.811574 0.0364583 0.0638889 
0 0.127734 0.655787 0.0466146 0.0708333 
0 0.602995 0.737037 0.0460938 0.141667 
0 0.482682 0.578704 0.0315104 0.0787037 
0 0.756901 0.90787 0.0460938 0.0712963 
0 0.0692708 0.217361 0.0583333 0.0828704 
0 0.558594 0.495602 0.0223958 0.0652778 
0 0.775781 0.571296 0.0416667 0.0842593 
0 0.746615 0.550463 0.0333333 0.137037 
0 0.537109 0.527315 0.0169271 0.0888889 
0 0.285417 0.0842593 0.0354167 0.0555556 
0 0.122135 0.213889 0.0296875 0.0546296 
