0 0.154687 0.508333 0.0510417 0.109259 
0 0.159635 0.745139 0.0338542 0.0763889 
0 0.339844 0.528241 0.0348958 0.0768519 
0 0.857422 0.106019 0.0705729 0.062963 
0 0.743099 0.0388889 0.0351562 0.0777778 
0 0.89362 0.0421296 0.0565104 0.0842593 
0 0.965885 0.178472 0.0505208 0.0800926 
0 0.797786 0.519907 0.0528646 0.087963 
0 0.576693 0.621528 0.0388021 0.109722 
0 0.490755 0.144444 0.0367187 0.155556 
0 0.664062 0.184722 0.0661458 0.0759259 
0 0.416016 0.495139 0.0549479 0.0782407 
0 0.413542 0.0423611 0.0458333 0.0847222 
0 0.883854 0.673843 0.0427083 0.0699074 
0 0.280339 0.212963 0.0309896 0.0833333 
0 0.844661 0.409491 0.0664062 0.0875 
0 0.424089 0.678009 0.0273438 0.0902778 
0 0.926172 0.816898 0.0736979 0.0699074 
0 0.736328 0.799537 0.0460938 0.0657407 
0 0.324219 0.337037 0.0380208 0.0824074 
0 0.436458 0.288426 0.0328125 0.101852 
0 0.0550781 0.69537 0.0356771 0.110185 
0 0.92474 0.572454 0.0567708 0.104167 
0 0.454297 0.908102 0.0622396 0.0560185 
0 0.240885 0.846759 0.0328125 0.0981481 
0 0.314974 0.646991 0.0294271 0.0550926 
0 0.519531 0.146991 0.0401042 0.135648 
0 0.895052 0.179167 0.0760417 0.0777778 
0 0.295312 0.136111 0.034375 0.0907407 
0 0.36862 0.248148 0.0221354 0.0814815 
0 0.54349 0.324306 0.0526042 0.0800926 
0 0.735286 0.338426 0.0591146 0.112037 
0 0.701693 0.284722 0.0398437 0.0888889 
0 0.445703 0.444213 0.0596354 0.0949074 
0 0.22474 0.147222 0.0369792 0.0944444 
0 0.109245 0.862269 0.0570313 0.0782407 
0 0.954557 0.961343 0.0690104 0.0773148 
0 0.551693 0.911574 0.0309896 0.122222 
0 0.969661 0.0238426 0.0341146 0.0476852 
0 0.232943 0.280556 0.0372396 0.0916667 
0 0.0488281 0.238657 0.0533854 0.0541667 
0 0.857943 0.559028 0.0351562 0.0615741 
