0 0.807031 0.0768519 0.05625 0.137963 
0 0.975521 0.548148 0.0473958 0.116667 
0 0.860417 0.183565 0.0322917 0.139352 
0 0.649479 0.789583 0.0395833 0.0912037 
0 0.957031 0.0458333 0.0546875 0.0888889 
0 0.494922 0.0902778 0.0408854 0.152778 
0 0.914062 0.706944 0.0333333 0.139815 
0 0.948698 0.861111 0.0348958 0.0712963 
0 0.276432 0.838889 0.0382813 0.0740741 
0 0.895964 0.301157 0.0335938 0.0541667 
0 0.980469 0.190046 0.0390625 0.0689815 
0 0.942969 0.196065 0.0359375 0.0810185 
0 0.664974 0.211111 0.0403646 0.0962963 
0 0.741276 0.544676 0.0346354 0.0643518 
0 0.104427 0.204167 0.0427083 0.0796296 
0 0.0213542 0.168287 0.034375 0.125463 
0 0.567839 0.684491 0.0367187 0.0791667 
0 0.814453 0.807176 0.0372396 0.111574 
0 0.572266 0.314352 0.0736979 0.0583333 
0 0.186068 0.756019 0.0382813 0.0740741 
0 0.219531 0.336343 0.0307292 0.110648 
0 0.758724 0.964583 0.0341146 0.0662037 
0 0.475781 0.713426 0.0463542 0.109259 
0 0.98151 0.621528 0.0338542 0.0625 
0 0.353255 0.715509 0.0617188 0.0671296 
0 0.617708 0.475231 0.034375 0.0578704 
0 0.165885 0.974074 0.0416667 0.0490741 
0 0.476042 0.892361 0.028125 0.0912037 
0 0.242448 0.720833 0.0385417 0.075 
0 0.0528646 0.885648 0.028125 0.0944444 
0 0.516146 0.786806 0.065625 0.0680556 
0 0.0684896 0.0865741 0.0369792 0.0740741 
0 0.259505 0.439352 0.0408854 0.0777778 
0 0.0919271 0.39213 0.0270833 0.0916667 
0 0.301693 0.367824 0.0330729 0.0902778 
0 0.539583 0.717361 0.0286458 0.124537 
0 0.379427 0.903704 0.0604167 0.0657407 
0 0.883854 0.493519 0.0510417 0.075 
