0 0.0394531 0.238889 0.0627604 0.075 
0 0.917969 0.790972 0.0458333 0.0902778 
0 0.572656 0.425694 0.0552083 0.0856481 
0 0.310547 0.543287 0.0388021 0.0717593 
0 0.759766 0.968518 0.0429688 0.062963 
0 0.499479 0.411343 0.0453125 0.0773148 
0 0.349349 0.596991 0.0356771 0.0893519 
0 0.270573 0.513889 0.0526042 0.087037 
0 0.824219 0.947917 0.0802083 0.104167 
0 0.235026 0.0939815 0.0445312 0.0564815 
0 0.617708 0.965278 0.0401042 0.0638889 
0 0.303516 0.148843 0.0492188 0.0615741 
0 0.347266 0.0840278 0.0611979 0.0532407 
0 0.0325521 0.431481 0.0473958 0.0703704 
