0 0.0411458 0.396528 0.0453125 0.193056 
0 0.084375 0.350231 0.0645833 0.104167 
0 0.798307 0.396991 0.0700521 0.115278 
0 0.551302 0.0488426 0.0880208 0.0976852 
0 0.931641 0.130093 0.0309896 0.0703704 
0 0.39987 0.76875 0.0361979 0.121759 
0 0.526432 0.320139 0.0705729 0.116204 
0 0.132812 0.0215278 0.0395833 0.0430556 
0 0.92526 0.0418981 0.0729167 0.0689815 
0 0.835938 0.266898 0.0973958 0.0837963 
0 0.439714 0.0988426 0.0382813 0.118056 
0 0.525911 0.598611 0.0330729 0.160185 
0 0.3 0.14213 0.0546875 0.0611111 
0 0.619141 0.93912 0.0398437 0.118056 
0 0.765104 0.593518 0.0385417 0.0583333 
0 0.765625 0.143981 0.0338542 0.191667 
0 0.229036 0.525 0.0611979 0.0916667 
0 0.106901 0.228241 0.0539063 0.0990741 
0 0.896875 0.809491 0.0421875 0.0939815 
0 0.191406 0.242361 0.0895833 0.141204 
0 0.907682 0.492593 0.0351562 0.107407 
0 0.505859 0.829398 0.0565104 0.0578704 
0 0.286849 0.955556 0.0638021 0.0842593 
0 0.140625 0.838657 0.0494792 0.0986111 
0 0.579687 0.680556 0.046875 0.0981481 
0 0.833073 0.506481 0.0515625 0.0648148 
0 0.738802 0.690509 0.0505208 0.0763889 
0 0.874479 0.173611 0.0567708 0.0907407 
0 0.421875 0.553009 0.0364583 0.0939815 
0 0.353776 0.875463 0.0377604 0.15 
0 0.926172 0.641435 0.0497396 0.120833 
0 0.176432 0.592824 0.0455729 0.0893519 
0 0.249479 0.323148 0.0390625 0.075 
0 0.807161 0.636806 0.0445312 0.0523148 
0 0.891146 0.294676 0.0333333 0.138426 
0 0.372266 0.178472 0.0570313 0.301389 
0 0.357161 0.716204 0.0502604 0.0759259 
0 0.65 0.313657 0.0526042 0.0560185 
0 0.0606771 0.735648 0.071875 0.0796296 
0 0.595703 0.107639 0.0632813 0.0837963 
0 0.854036 0.938426 0.0471354 0.0675926 
0 0.539583 0.127315 0.0682292 0.0787037 
0 0.687109 0.261111 0.0658854 0.133333 
0 0.622005 0.465278 0.0580729 0.0675926 
0 0.249479 0.800231 0.0359375 0.149537 
0 0.395964 0.321065 0.0377604 0.075463 
0 0.172005 0.438426 0.0789063 0.087963 
0 0.107552 0.621528 0.0364583 0.099537 
0 0.713932 0.93588 0.0481771 0.0967593 
0 0.114193 0.112731 0.0559896 0.0513889 
0 0.832031 0.676157 0.0453125 0.0828704 
0 0.316146 0.458333 0.0598958 0.117593 
0 0.302734 0.827315 0.0497396 0.0740741 
0 0.785677 0.978009 0.053125 0.0439815 
0 0.115625 0.731713 0.0572917 0.074537 
0 0.228125 0.371991 0.0875 0.0819444 
0 0.33112 0.40463 0.0304688 0.137037 
