0 0.857422 0.891435 0.0638021 0.1125 
0 0.480078 0.526157 0.0429688 0.186574 
0 0.426432 0.793287 0.0565104 0.0662037 
0 0.223047 0.953472 0.0408854 0.0930556 
0 0.0351562 0.740046 0.0395833 0.106019 
0 0.844792 0.571991 0.05 0.123611 
0 0.450651 0.344444 0.0335938 0.0537037 
0 0.35599 0.39375 0.0401042 0.11713 
0 0.608854 0.638889 0.0401042 0.0833333 
0 0.804688 0.940972 0.034375 0.114352 
0 0.169531 0.391204 0.0510417 0.0796296 
0 0.147526 0.749074 0.0580729 0.0601852 
0 0.885286 0.715741 0.0434896 0.0898148 
0 0.560026 0.921065 0.0304688 0.14213 
0 0.0333333 0.885417 0.0302083 0.075463 
0 0.0339844 0.97037 0.0580729 0.0583333 
0 0.450651 0.113657 0.0544271 0.0662037 
0 0.677214 0.869676 0.0289063 0.0939815 
0 0.486068 0.730324 0.0388021 0.104167 
0 0.89349 0.641204 0.0645833 0.0481481 
0 0.363281 0.591204 0.059375 0.0583333 
0 0.899479 0.493981 0.0395833 0.0398148 
0 0.548307 0.427778 0.0320312 0.0472222 
0 0.965365 0.946991 0.0557292 0.0939815 
0 0.9125 0.855556 0.0427083 0.0416667 
0 0.733464 0.552083 0.0299479 0.0949074 
0 0.666536 0.410417 0.0481771 0.0449074 
0 0.958464 0.507407 0.0580729 0.133333 
0 0.103255 0.56412 0.0320312 0.141204 
0 0.838411 0.841667 0.0382813 0.101852 
0 0.295833 0.616435 0.04375 0.0615741 
0 0.858854 0.978241 0.05 0.0425926 
0 0.434115 0.982639 0.0322917 0.0337963 
