0 0.692448 0.14838 0.0328125 0.0532407 
0 0.638151 0.721759 0.0632813 0.112037 
0 0.77487 0.150463 0.0356771 0.137037 
0 0.588932 0.0666667 0.0388021 0.125926 
0 0.676302 0.54213 0.071875 0.112037 
0 0.486589 0.132639 0.0622396 0.0717593 
0 0.0425781 0.0962963 0.0367187 0.0527778 
0 0.545443 0.789815 0.0742188 0.0777778 
0 0.736849 0.509028 0.0304688 0.118981 
0 0.417057 0.29213 0.0268229 0.0388889 
0 0.262109 0.53287 0.0434896 0.0583333 
0 0.373437 0.24375 0.0359375 0.0541667 
0 0.410677 0.480556 0.0489583 0.0527778 
0 0.425781 0.38287 0.0473958 0.0972222 
0 0.635156 0.905556 0.0401042 0.0518519 
0 0.175391 0.439352 0.0330729 0.0675926 
0 0.199349 0.902778 0.0429688 0.0509259 
0 0.339323 0.963426 0.0375 0.0685185 
0 0.382292 0.024537 0.0322917 0.0481481 
0 0.457161 0.29838 0.0414063 0.0819444 
0 0.659766 0.323148 0.0929687 0.062963 
0 0.601562 0.924306 0.0458333 0.0652778 
0 0.373307 0.311574 0.0585938 0.0527778 
0 0.404036 0.215509 0.0361979 0.0541667 
0 0.236589 0.433102 0.0263021 0.0375 
0 0.609375 0.564815 0.040625 0.0583333 
0 0.507812 0.392361 0.0348958 0.0560185 
0 0.191406 0.0351852 0.0401042 0.0666667 
0 0.638672 0.393056 0.0539063 0.0740741 
0 0.419141 0.962731 0.0544271 0.0699074 
0 0.114193 0.261343 0.0377604 0.0356481 
0 0.626953 0.101389 0.0471354 0.0944444 
0 0.279167 0.305093 0.0322917 0.0731481 
0 0.489714 0.20463 0.0242187 0.0925926 
0 0.385286 0.688657 0.0523437 0.0550926 
0 0.264453 0.778935 0.0257812 0.0800926 
0 0.335547 0.878009 0.0361979 0.0847222 
0 0.715755 0.624306 0.0341146 0.075463 
0 0.0878906 0.167593 0.0304688 0.0435185 
0 0.327083 0.296759 0.028125 0.0740741 
0 0.611328 0.827778 0.0398437 0.0638889 
0 0.689062 0.746991 0.0458333 0.0578704 
0 0.302734 0.222685 0.0278646 0.0712963 
0 0.804167 0.523843 0.0734375 0.108796 
0 0.708073 0.955787 0.0479167 0.0439815 
0 0.260677 0.697917 0.0322917 0.0689815 
0 0.444141 0.802083 0.0585938 0.0810185 
0 0.493229 0.346759 0.028125 0.0666667 
0 0.385026 0.628935 0.0414063 0.050463 
0 0.616667 0.290278 0.0484375 0.0759259 
0 0.571224 0.540046 0.0278646 0.0634259 
0 0.364453 0.77338 0.0450521 0.0569444 
0 0.274089 0.13125 0.0361979 0.0875 
0 0.55026 0.688194 0.0265625 0.0782407 
0 0.0186198 0.127546 0.0372396 0.0550926 
0 0.124349 0.159722 0.0273438 0.0407407 
0 0.298828 0.734954 0.0346354 0.0606481 
0 0.242318 0.825463 0.0221354 0.0444444 
0 0.182812 0.257176 0.0296875 0.0430556 
0 0.547396 0.0863426 0.0380208 0.100463 
0 0.284896 0.473148 0.0223958 0.0481481 
0 0.564974 0.974537 0.0486979 0.0509259 
0 0.636198 0.483796 0.0380208 0.0805556 
0 0.104427 0.35 0.0447917 0.0546296 
0 0.237109 0.920139 0.0382813 0.0921296 
0 0.320312 0.817361 0.0307292 0.100463 
0 0.141927 0.58588 0.0588542 0.0847222 
0 0.0153646 0.0425926 0.0307292 0.0583333 
0 0.0373698 0.62037 0.0315104 0.0583333 
0 0.444271 0.0224537 0.0380208 0.0449074 
0 0.306641 0.454861 0.0226563 0.0606481 
0 0.193359 0.615046 0.0294271 0.0486111 
0 0.0858073 0.0365741 0.0351562 0.0509259 
0 0.0533854 0.174306 0.034375 0.0708333 
0 0.0266927 0.895833 0.0346354 0.0351852 
0 0.410937 0.178241 0.0510417 0.0407407 
0 0.234635 0.873148 0.0302083 0.0583333 
0 0.14974 0.928935 0.0578125 0.0513889 
0 0.98776 0.446065 0.0208333 0.0662037 
0 0.325 0.353241 0.0416667 0.0472222 
0 0.557552 0.310417 0.04375 0.0449074 
0 0.455859 0.447917 0.0315104 0.0430556 
0 0.618099 0.477778 0.0299479 0.0731481 
0 0.113672 0.42037 0.0289063 0.0824074 
0 0.728516 0.831944 0.0325521 0.037037 
0 0.307292 0.0872685 0.0484375 0.0486111 
0 0.111719 0.642361 0.0317708 0.050463 
