0 0.727474 0.919444 0.0450521 0.161111 
0 0.535547 0.0613426 0.0695312 0.0662037 
0 0.54987 0.924537 0.0523437 0.0703704 
0 0.701693 0.536343 0.0684896 0.0847222 
0 0.813542 0.120139 0.075 0.0699074 
0 0.776302 0.447454 0.0270833 0.0717593 
0 0.821745 0.372685 0.0335938 0.108333 
0 0.322005 0.559259 0.0528646 0.0824074 
0 0.33763 0.665741 0.0361979 0.0703704 
0 0.39375 0.411111 0.040625 0.0472222 
0 0.809115 0.907176 0.0546875 0.0569444 
0 0.459635 0.0865741 0.0817708 0.0527778 
0 0.546354 0.646296 0.0708333 0.0685185 
0 0.704557 0.386111 0.0356771 0.117593 
0 0.478516 0.167593 0.0351562 0.0657407 
0 0.101953 0.815046 0.0513021 0.0476852 
0 0.364714 0.911343 0.0320312 0.100463 
0 0.638672 0.0743056 0.0721354 0.119907 
0 0.0513021 0.223843 0.0401042 0.0449074 
0 0.246484 0.0280093 0.0492188 0.0550926 
0 0.252865 0.537963 0.0260417 0.0907407 
0 0.662109 0.948843 0.0414063 0.0662037 
0 0.221615 0.896759 0.0380208 0.0824074 
0 0.85651 0.524306 0.0505208 0.0513889 
0 0.725521 0.126852 0.0276042 0.0472222 
0 0.258984 0.610648 0.0497396 0.0787037 
0 0.0839844 0.0497685 0.0263021 0.0606481 
0 0.266146 0.810417 0.0338542 0.0541667 
0 0.372786 0.697454 0.0361979 0.0763889 
0 0.176693 0.306019 0.0341146 0.0842593 
0 0.531771 0.351852 0.0526042 0.0962963 
0 0.429167 0.546065 0.0557292 0.0689815 
0 0.721615 0.049537 0.0348958 0.0546296 
0 0.660677 0.225231 0.040625 0.126389 
0 0.411849 0.150463 0.0268229 0.0462963 
0 0.405729 0.913194 0.0546875 0.049537 
0 0.123568 0.590741 0.0268229 0.0583333 
0 0.484635 0.31088 0.059375 0.0708333 
0 0.0516927 0.569907 0.0372396 0.0527778 
0 0.246484 0.369907 0.0304688 0.10463 
0 0.116016 0.0347222 0.0226563 0.0694444 
0 0.459245 0.763657 0.0283854 0.0634259 
0 0.433073 0.491435 0.03125 0.050463 
0 0.101562 0.765278 0.0390625 0.037963 
0 0.788151 0.0284722 0.0481771 0.0569444 
0 0.292708 0.721296 0.0473958 0.0851852 
0 0.787109 0.247454 0.0976562 0.0606481 
0 0.625 0.984259 0.0401042 0.0314815 
0 0.658203 0.427315 0.0481771 0.174074 
0 0.705078 0.845833 0.0414063 0.112963 
0 0.613281 0.9375 0.0552083 0.0555556 
