0 0.7875 0.84213 0.0494792 0.062963 
0 0.917969 0.39213 0.0322917 0.100926 
0 0.907161 0.25625 0.0377604 0.0717593 
0 0.882812 0.330324 0.0359375 0.0532407 
0 0.798828 0.793287 0.0674479 0.0773148 
0 0.972266 0.648611 0.0539063 0.0574074 
0 0.883854 0.811111 0.046875 0.136111 
0 0.644531 0.554398 0.0421875 0.126389 
0 0.0339844 0.560185 0.0643229 0.0759259 
0 0.192708 0.500926 0.034375 0.0935185 
0 0.417708 0.509722 0.0239583 0.0611111 
0 0.583594 0.416898 0.0479167 0.0523148 
0 0.778255 0.431944 0.0388021 0.0472222 
0 0.233203 0.461343 0.0450521 0.0930556 
0 0.55612 0.275694 0.0643229 0.0699074 
0 0.918359 0.660648 0.0419271 0.0814815 
0 0.811589 0.302083 0.0492188 0.0615741 
0 0.378906 0.975694 0.0723958 0.0486111 
0 0.725651 0.319444 0.0263021 0.0925926 
0 0.822266 0.0604167 0.0341146 0.0615741 
0 0.555208 0.932407 0.0369792 0.0731481 
0 0.939974 0.459259 0.0252604 0.0759259 
0 0.229167 0.339352 0.046875 0.0916667 
0 0.907812 0.729167 0.0395833 0.0472222 
0 0.414062 0.841204 0.0375 0.0953704 
0 0.260156 0.708333 0.0317708 0.0768519 
0 0.272005 0.362963 0.0627604 0.0537037 
0 0.14349 0.556481 0.0296875 0.0861111 
0 0.98099 0.771528 0.0364583 0.0837963 
0 0.255339 0.964352 0.0330729 0.0666667 
0 0.596615 0.75625 0.0697917 0.0939815 
0 0.18099 0.830787 0.0369792 0.0550926 
0 0.164583 0.674537 0.0552083 0.0675926 
0 0.617708 0.191898 0.0338542 0.0578704 
0 0.195312 0.414583 0.0359375 0.0773148 
0 0.0794271 0.798148 0.0484375 0.0694444 
0 0.818359 0.392593 0.0268229 0.0907407 
0 0.161068 0.504398 0.0346354 0.0662037 
0 0.509766 0.736574 0.0346354 0.0796296 
0 0.129557 0.431944 0.0486979 0.0601852 
0 0.682552 0.20625 0.0588542 0.0875 
0 0.820312 0.704861 0.0723958 0.0671296 
