0 0.518099 0.0780093 0.0466146 0.0912037 
0 0.635677 0.445139 0.0317708 0.0736111 
0 0.949609 0.62662 0.0351562 0.0763889 
0 0.592839 0.297917 0.0585938 0.0717593 
0 0.670313 0.315278 0.0588542 0.10463 
0 0.45638 0.27037 0.0627604 0.0675926 
0 0.532682 0.350926 0.0523437 0.0685185 
0 0.230078 0.514352 0.0481771 0.0611111 
0 0.316927 0.394213 0.0447917 0.0550926 
0 0.298568 0.594907 0.0596354 0.0537037 
0 0.73776 0.160648 0.0744792 0.0814815 
0 0.132812 0.849769 0.05 0.0893519 
0 0.102604 0.45 0.0354167 0.0805556 
0 0.58737 0.686574 0.0518229 0.0740741 
0 0.699609 0.356019 0.0450521 0.0842593 
0 0.235026 0.397917 0.0596354 0.0689815 
0 0.0380208 0.419676 0.0421875 0.0782407 
0 0.190625 0.503472 0.0338542 0.0625 
0 0.302214 0.236806 0.0299479 0.0800926 
0 0.59375 0.117824 0.04375 0.0708333 
0 0.444401 0.953935 0.0513021 0.0717593 
0 0.473698 0.487731 0.0442708 0.0893519 
0 0.957552 0.198148 0.0307292 0.0787037 
0 0.0882813 0.259491 0.0359375 0.0513889 
0 0.532812 0.485185 0.0536458 0.087037 
0 0.421224 0.621065 0.0393229 0.0819444 
0 0.582552 0.403009 0.034375 0.0541667 
0 0.667448 0.548611 0.028125 0.0675926 
0 0.0532552 0.0356481 0.0575521 0.0712963 
0 0.392057 0.538194 0.0346354 0.0902778 
0 0.0977865 0.552083 0.0669271 0.0550926 
0 0.69974 0.612963 0.0453125 0.0824074 
0 0.789062 0.689815 0.0307292 0.0527778 
