0 0.176563 0.269907 0.0322917 0.159259 
0 0.848177 0.608333 0.0536458 0.0805556 
0 0.152344 0.673148 0.0375 0.0666667 
0 0.871094 0.2125 0.0411458 0.0546296 
0 0.974609 0.688889 0.0507812 0.0657407 
0 0.232422 0.590278 0.0424479 0.0657407 
0 0.886198 0.387269 0.0572917 0.0643518 
0 0.772005 0.268519 0.0372396 0.0824074 
0 0.727995 0.796065 0.0414063 0.0606481 
0 0.405729 0.615972 0.0567708 0.0689815 
0 0.030599 0.537037 0.0460938 0.0851852 
0 0.044401 0.427546 0.0658854 0.0856481 
0 0.715365 0.425231 0.0395833 0.0606481 
0 0.45638 0.595602 0.0403646 0.0597222 
0 0.845182 0.685185 0.0408854 0.118519 
0 0.0166667 0.875 0.0307292 0.0972222 
0 0.83099 0.315046 0.0270833 0.1375 
0 0.342057 0.582407 0.0450521 0.062963 
0 0.479557 0.933102 0.0460938 0.0717593 
0 0.916406 0.2875 0.0458333 0.0546296 
0 0.833073 0.926157 0.0385417 0.0652778 
0 0.319792 0.734028 0.0333333 0.0810185 
0 0.128906 0.825463 0.046875 0.0666667 
0 0.739323 0.640972 0.0354167 0.0949074 
0 0.361328 0.959954 0.0460938 0.0717593 
0 0.625521 0.687963 0.0427083 0.0685185 
0 0.275391 0.321296 0.0434896 0.0564815 
0 0.71875 0.313657 0.0473958 0.0652778 
0 0.623958 0.596065 0.0458333 0.0439815 
0 0.780729 0.967824 0.0505208 0.0625 
0 0.970703 0.980093 0.0440104 0.0398148 
0 0.0994792 0.545139 0.0348958 0.103241 
0 0.969271 0.763889 0.0510417 0.0953704 
0 0.825651 0.472917 0.0575521 0.0634259 
0 0.0941406 0.45787 0.0414063 0.0898148 
0 0.220573 0.470833 0.0395833 0.0722222 
0 0.815495 0.716204 0.0346354 0.0675926 
0 0.909245 0.817824 0.0294271 0.0652778 
0 0.466797 0.403472 0.0559896 0.0578704 
