0 0.391016 0.470139 0.0408854 0.0662037 
0 0.268229 0.20463 0.0322917 0.110185 
0 0.709896 0.531018 0.0432292 0.0740741 
0 0.777865 0.0898148 0.0385417 0.12037 
0 0.685156 0.734491 0.053125 0.0856481 
0 0.919401 0.513889 0.0403646 0.0888889 
0 0.858984 0.234954 0.0455729 0.0662037 
0 0.906771 0.362963 0.0578125 0.0657407 
0 0.878906 0.172454 0.0375 0.0671296 
0 0.218229 0.180324 0.0395833 0.0643518 
0 0.806641 0.544213 0.0513021 0.0893519 
0 0.459245 0.093287 0.0632813 0.0930556 
0 0.750521 0.13125 0.0526042 0.0986111 
0 0.600651 0.473843 0.0236979 0.0736111 
0 0.244141 0.0861111 0.0445312 0.0537037 
0 0.950651 0.323148 0.0450521 0.0722222 
0 0.985417 0.114815 0.028125 0.0574074 
0 0.177604 0.0747685 0.0432292 0.0800926 
0 0.654297 0.457407 0.0533854 0.0592593 
0 0.41875 0.242593 0.0458333 0.0861111 
0 0.445052 0.712269 0.0588542 0.0893519 
0 0.840365 0.982639 0.0416667 0.0347222 
0 0.857031 0.409491 0.046875 0.049537 
0 0.569401 0.358796 0.0554687 0.0537037 
0 0.212891 0.0953704 0.0367187 0.109259 
0 0.675781 0.514352 0.0401042 0.0555556 
0 0.467839 0.357639 0.0367187 0.0634259 
0 0.136328 0.299306 0.0367187 0.0837963 
0 0.538542 0.231713 0.0333333 0.0699074 
0 0.876953 0.82037 0.0507812 0.062037 
0 0.293359 0.131944 0.0424479 0.0527778 
0 0.612891 0.552083 0.0351562 0.0412037 
0 0.419401 0.3 0.0377604 0.0592593 
0 0.838932 0.617593 0.0304688 0.0962963 
