0 0.502474 0.822454 0.0325521 0.0550926 
0 0.0824219 0.572454 0.0367187 0.0597222 
0 0.469922 0.26088 0.0523437 0.116204 
0 0.630859 0.0777778 0.0388021 0.0472222 
0 0.0447917 0.342593 0.0421875 0.0722222 
0 0.865234 0.132176 0.0611979 0.0875 
0 0.735807 0.561574 0.0830729 0.0925926 
0 0.578125 0.384954 0.0380208 0.0699074 
0 0.645964 0.850694 0.0393229 0.134722 
0 0.673307 0.196528 0.0471354 0.0699074 
0 0.614714 0.710417 0.108594 0.103241 
0 0.131901 0.593982 0.0403646 0.0638889 
0 0.638672 0.380787 0.0330729 0.0662037 
0 0.748047 0.726157 0.0643229 0.114352 
0 0.548828 0.450463 0.0341146 0.0759259 
0 0.805208 0.566435 0.0421875 0.0541667 
0 0.648438 0.129398 0.0640625 0.0449074 
0 0.617188 0.444907 0.0354167 0.0527778 
0 0.176042 0.160648 0.040625 0.0740741 
0 0.636719 0.568981 0.0354167 0.0601852 
0 0.241146 0.661574 0.0265625 0.0416667 
0 0.0304688 0.191435 0.0307292 0.0550926 
0 0.465885 0.107176 0.0588542 0.074537 
0 0.35612 0.96875 0.0658854 0.0606481 
0 0.610286 0.198611 0.0638021 0.0990741 
0 0.223307 0.98125 0.0440104 0.0375 
0 0.511198 0.712963 0.0520833 0.0824074 
0 0.736328 0.116667 0.0726563 0.0555556 
0 0.410677 0.293519 0.0359375 0.0712963 
0 0.477344 0.734491 0.034375 0.0958333 
0 0.772005 0.210185 0.0565104 0.109259 
0 0.146094 0.0226852 0.0473958 0.0453704 
0 0.245703 0.238657 0.0226563 0.0513889 
0 0.219141 0.698843 0.0356771 0.0597222 
0 0.167839 0.67662 0.0377604 0.0717593 
0 0.399219 0.0486111 0.0494792 0.0453704 
0 0.536068 0.624537 0.0539063 0.0842593 
0 0.0808594 0.715741 0.0419271 0.0712963 
0 0.266797 0.113194 0.0273438 0.0699074 
0 0.185026 0.247917 0.0382813 0.0615741 
0 0.683203 0.611574 0.0388021 0.162037 
0 0.34974 0.15463 0.0380208 0.0916667 
0 0.326562 0.731019 0.0708333 0.0444444 
0 0.800781 0.111574 0.03125 0.0583333 
0 0.762109 0.0907407 0.0429688 0.0611111 
0 0.354167 0.0300926 0.0463542 0.0555556 
0 0.760807 0.16412 0.0356771 0.0847222 
0 0.59375 0.821296 0.0375 0.0453704 
0 0.395964 0.631481 0.0268229 0.087963 
0 0.540495 0.117361 0.0346354 0.0587963 
0 0.723568 0.416667 0.0455729 0.05 
0 0.177214 0.629861 0.0528646 0.0486111 
