0 0.407161 0.796296 0.0627604 0.14537 
0 0.0734375 0.909722 0.0479167 0.0805556 
0 0.750911 0.856944 0.0450521 0.110185 
0 0.567448 0.851157 0.05625 0.0708333 
0 0.398438 0.9375 0.0536458 0.0888889 
0 0.19362 0.586343 0.0335938 0.0902778 
0 0.128125 0.839815 0.0239583 0.111111 
0 0.92526 0.84537 0.0734375 0.0509259 
0 0.173177 0.952315 0.0546875 0.0666667 
0 0.148828 0.489583 0.0460938 0.0634259 
0 0.273438 0.860648 0.0239583 0.0731481 
0 0.679688 0.390972 0.0416667 0.0560185 
0 0.038151 0.394444 0.0502604 0.0583333 
0 0.244531 0.601852 0.0364583 0.121296 
0 0.441927 0.619907 0.0432292 0.0990741 
0 0.826172 0.326852 0.0450521 0.0962963 
0 0.176042 0.884491 0.0223958 0.0439815 
0 0.234115 0.978009 0.0697917 0.0439815 
0 0.206771 0.646759 0.0458333 0.0592593 
0 0.125 0.96088 0.0359375 0.075463 
0 0.588802 0.959259 0.0442708 0.0787037 
0 0.921875 0.664583 0.0692708 0.075463 
0 0.882812 0.244907 0.0453125 0.0527778 
0 0.755469 0.659722 0.040625 0.0425926 
0 0.791927 0.738657 0.0260417 0.10787 
0 0.779818 0.220139 0.0440104 0.0699074 
0 0.618229 0.499537 0.0395833 0.0777778 
0 0.454036 0.86875 0.0372396 0.0902778 
0 0.467318 0.826157 0.0361979 0.0513889 
0 0.622526 0.69537 0.0346354 0.0861111 
0 0.0958333 0.541204 0.034375 0.0481481 
0 0.150521 0.715278 0.0302083 0.05 
0 0.73737 0.424537 0.0513021 0.132407 
0 0.714323 0.966204 0.0307292 0.062963 
0 0.340625 0.477315 0.0270833 0.0842593 
0 0.552214 0.674769 0.0627604 0.0513889 
0 0.655859 0.476852 0.0268229 0.075 
0 0.525911 0.558102 0.0476562 0.120833 
0 0.135286 0.611111 0.0252604 0.0611111 
0 0.713932 0.896759 0.0408854 0.0472222 
