0 0.974089 0.514352 0.0502604 0.1 
0 0.643099 0.256713 0.0513021 0.139352 
0 0.416797 0.513889 0.0419271 0.119444 
0 0.127474 0.195139 0.0502604 0.0791667 
0 0.851042 0.2 0.0442708 0.165741 
0 0.30638 0.710417 0.0393229 0.0819444 
0 0.817448 0.635417 0.0354167 0.0699074 
0 0.895443 0.283102 0.0513021 0.0847222 
0 0.215885 0.467824 0.0463542 0.128241 
0 0.810156 0.313194 0.0541667 0.0865741 
0 0.0941406 0.308565 0.0643229 0.104167 
0 0.949219 0.219907 0.0588542 0.0851852 
0 0.0371094 0.205093 0.0414063 0.0740741 
0 0.49388 0.122685 0.0398437 0.163889 
0 0.745703 0.184259 0.0377604 0.141667 
0 0.79401 0.236574 0.0338542 0.0833333 
0 0.434635 0.170602 0.05625 0.135648 
0 0.629427 0.912269 0.0682292 0.0893519 
0 0.36862 0.754861 0.0309896 0.0652778 
0 0.963802 0.833796 0.034375 0.124074 
0 0.458984 0.493519 0.0403646 0.0768519 
0 0.336198 0.679861 0.0479167 0.0856481 
0 0.495833 0.510185 0.0463542 0.111111 
0 0.651823 0.654398 0.0385417 0.0699074 
0 0.282292 0.902778 0.0390625 0.0740741 
0 0.189974 0.794907 0.0466146 0.107407 
0 0.4375 0.343519 0.04375 0.106481 
0 0.964323 0.563426 0.0416667 0.0648148 
0 0.154036 0.644444 0.0460938 0.0824074 
0 0.754297 0.281944 0.0513021 0.0888889 
0 0.829167 0.0525463 0.0416667 0.0902778 
0 0.258854 0.484259 0.0359375 0.0555556 
0 0.928646 0.0435185 0.0895833 0.0703704 
0 0.822266 0.765972 0.0460938 0.0550926 
0 0.0450521 0.859491 0.0630208 0.106944 
0 0.228646 0.0356481 0.0489583 0.0712963 
0 0.73138 0.965278 0.0559896 0.0666667 
0 0.376563 0.868519 0.0411458 0.0685185 
0 0.110547 0.683102 0.0502604 0.0791667 
0 0.273828 0.735648 0.0492188 0.0657407 
0 0.929688 0.727546 0.0296875 0.100463 
0 0.613802 0.240741 0.0416667 0.0648148 
0 0.580078 0.433796 0.0445312 0.101852 
0 0.0408854 0.639583 0.0432292 0.0643518 
0 0.372005 0.700463 0.0434896 0.0490741 
0 0.694401 0.433565 0.0351562 0.0912037 
0 0.835417 0.578241 0.0401042 0.0861111 
0 0.708984 0.396296 0.0372396 0.138889 
0 0.651953 0.363426 0.0518229 0.0675926 
0 0.877474 0.475694 0.0486979 0.0606481 
0 0.514583 0.820139 0.0463542 0.0810185 
0 0.727083 0.855556 0.0526042 0.062037 
0 0.483073 0.723611 0.0463542 0.125 
0 0.653385 0.460648 0.0557292 0.0564815 
0 0.0179687 0.603241 0.0302083 0.0814815 
