0 0.0408854 0.521065 0.0703125 0.134722 
0 0.239583 0.7375 0.046875 0.185185 
0 0.57474 0.109722 0.0572917 0.111111 
0 0.380859 0.259491 0.0523437 0.0976852 
0 0.938542 0.591667 0.0557292 0.111111 
0 0.914062 0.925231 0.0567708 0.140278 
0 0.25013 0.569907 0.0893229 0.0972222 
0 0.847656 0.699769 0.0864583 0.0976852 
0 0.272656 0.344907 0.08125 0.186111 
0 0.942839 0.772222 0.0528646 0.102778 
0 0.666016 0.313194 0.0471354 0.0865741 
0 0.369661 0.685417 0.0700521 0.15787 
0 0.0171875 0.375463 0.0317708 0.148148 
0 0.885807 0.832639 0.101823 0.0837963 
0 0.678646 0.892361 0.0838542 0.0939815 
0 0.78125 0.0335648 0.065625 0.0634259 
0 0.534115 0.915046 0.0822917 0.153241 
0 0.0705729 0.728472 0.0442708 0.1125 
0 0.986328 0.790509 0.0242187 0.129167 
0 0.61862 0.748611 0.0700521 0.134259 
0 0.110417 0.0659722 0.0364583 0.0606481 
0 0.167708 0.726157 0.071875 0.115278 
0 0.616667 0.963426 0.05 0.0675926 
0 0.461458 0.734722 0.0546875 0.124074 
0 0.416536 0.869676 0.0825521 0.156944 
