0 0.392839 0.0729167 0.0361979 0.138426 
0 0.791016 0.52338 0.0533854 0.100463 
0 0.198437 0.0967593 0.0411458 0.115741 
0 0.947786 0.455324 0.0393229 0.0986111 
0 0.885807 0.102315 0.0455729 0.0990741 
0 0.327865 0.236574 0.0463542 0.0694444 
0 0.475781 0.685417 0.0473958 0.075463 
0 0.602083 0.203472 0.0479167 0.101389 
0 0.745052 0.370139 0.0354167 0.0819444 
0 0.965365 0.318519 0.0510417 0.062037 
0 0.814974 0.300463 0.0539063 0.0666667 
0 0.910156 0.372222 0.0515625 0.0453704 
0 0.90625 0.427546 0.0302083 0.050463 
0 0.0666667 0.666204 0.0369792 0.0703704 
0 0.0876302 0.584259 0.0346354 0.0703704 
0 0.678255 0.402546 0.0481771 0.0875 
0 0.980469 0.399537 0.034375 0.0490741 
0 0.675781 0.578472 0.034375 0.0967593 
0 0.291536 0.324074 0.0434896 0.0546296 
0 0.503906 0.46713 0.04375 0.0509259 
0 0.852083 0.37338 0.0494792 0.0736111 
0 0.483854 0.571991 0.0416667 0.0569444 
0 0.346615 0.918287 0.046875 0.0699074 
0 0.560026 0.426157 0.0408854 0.075463 
0 0.587891 0.572685 0.0268229 0.117593 
0 0.44401 0.100231 0.0557292 0.0736111 
0 0.784245 0.371065 0.0455729 0.050463 
0 0.302995 0.179861 0.0335938 0.0541667 
0 0.75 0.494676 0.0338542 0.0476852 
0 0.0507812 0.871991 0.0369792 0.0560185 
0 0.617578 0.550694 0.0257812 0.105093 
0 0.372526 0.514352 0.0393229 0.1 
0 0.751953 0.303935 0.0596354 0.0578704 
0 0.5625 0.353704 0.0328125 0.0888889 
0 0.616797 0.437963 0.0544271 0.0546296 
0 0.429036 0.328241 0.0445312 0.0555556 
0 0.266276 0.436806 0.0585938 0.0893519 
0 0.123177 0.136343 0.0369792 0.0717593 
0 0.236849 0.273843 0.0315104 0.0430556 
0 0.132943 0.487269 0.0325521 0.0884259 
0 0.861849 0.339815 0.0492188 0.0787037 
0 0.557552 0.210417 0.0270833 0.0615741 
0 0.553255 0.116667 0.0398437 0.062037 
0 0.691927 0.753009 0.0427083 0.0689815 
0 0.128646 0.37662 0.0421875 0.0671296 
0 0.0438802 0.113889 0.0335938 0.119444 
0 0.784115 0.861574 0.0317708 0.0722222 
0 0.461979 0.755556 0.046875 0.0694444 
0 0.322005 0.508102 0.0502604 0.0643518 
0 0.599089 0.64375 0.0403646 0.0615741 
0 0.0563802 0.0233796 0.0450521 0.0467593 
0 0.740234 0.536111 0.0393229 0.0703704 
0 0.647005 0.280093 0.0434896 0.0907407 
0 0.435547 0.24213 0.0325521 0.126852 
0 0.813542 0.675 0.0416667 0.0712963 
0 0.379948 0.920139 0.0354167 0.0884259 
0 0.0632813 0.791898 0.0515625 0.0597222 
0 0.907682 0.292824 0.0346354 0.0615741 
0 0.545443 0.794444 0.0502604 0.0777778 
0 0.101042 0.652778 0.0421875 0.0555556 
0 0.219141 0.764815 0.0450521 0.087037 
0 0.01875 0.745602 0.0375 0.050463 
0 0.375521 0.981481 0.0453125 0.037037 
0 0.0122396 0.825463 0.0239583 0.0564815 
0 0.259766 0.34537 0.0226563 0.075 
0 0.867708 0.52037 0.0427083 0.0666667 
0 0.86276 0.657176 0.028125 0.0726852 
0 0.428516 0.766435 0.0419271 0.0532407 
0 0.296094 0.598148 0.0291667 0.0537037 
0 0.123698 0.406481 0.0395833 0.0712963 
