0 0.459375 0.489583 0.0447917 0.10787 
0 0.216797 0.270602 0.0330729 0.152315 
0 0.877474 0.604861 0.0544271 0.0810185 
0 0.875521 0.678935 0.0380208 0.109722 
0 0.349349 0.727546 0.0361979 0.0856481 
0 0.154948 0.31875 0.0453125 0.0726852 
0 0.920964 0.388194 0.0481771 0.0578704 
0 0.932552 0.812963 0.0322917 0.0648148 
0 0.771484 0.519907 0.0367187 0.137037 
0 0.483724 0.80625 0.0445312 0.0662037 
0 0.0395833 0.875 0.0395833 0.0898148 
0 0.898958 0.553935 0.0484375 0.0625 
0 0.495182 0.595833 0.0523437 0.062037 
0 0.976693 0.508565 0.0466146 0.0550926 
0 0.808594 0.262037 0.0364583 0.0925926 
0 0.501042 0.402315 0.0583333 0.0546296 
0 0.617188 0.548148 0.028125 0.0601852 
0 0.38776 0.953241 0.0380208 0.0638889 
0 0.428906 0.744907 0.0322917 0.112037 
0 0.770052 0.639815 0.0322917 0.0898148 
0 0.0545573 0.52963 0.0393229 0.0824074 
0 0.18151 0.66713 0.0364583 0.0657407 
0 0.0657552 0.596065 0.0580729 0.1125 
0 0.749479 0.424306 0.0354167 0.0541667 
0 0.861328 0.47037 0.0565104 0.0675926 
0 0.963932 0.141667 0.0309896 0.087037 
0 0.266797 0.583333 0.0513021 0.0759259 
0 0.0839844 0.435185 0.0664062 0.0666667 
0 0.506771 0.927083 0.0447917 0.0819444 
0 0.304557 0.734491 0.0393229 0.0958333 
0 0.129167 0.538194 0.0348958 0.0930556 
0 0.533724 0.612037 0.0268229 0.118519 
0 0.646484 0.451389 0.0424479 0.062963 
