0 0.337891 0.918519 0.0460938 0.125 
0 0.78125 0.371296 0.0619792 0.136111 
0 0.748438 0.25625 0.0640625 0.0837963 
0 0.621094 0.396528 0.0817708 0.133796 
0 0.520964 0.345602 0.0388021 0.127315 
0 0.223177 0.0361111 0.0380208 0.0685185 
0 0.626953 0.571991 0.0596354 0.119907 
0 0.173047 0.313194 0.0539063 0.144907 
0 0.854036 0.715278 0.0304688 0.12037 
0 0.401302 0.298843 0.0333333 0.0680556 
0 0.778255 0.756944 0.0330729 0.12963 
0 0.370833 0.540741 0.0401042 0.0611111 
0 0.486849 0.899306 0.0539063 0.0958333 
0 0.611328 0.0608796 0.0794271 0.0930556 
0 0.0311198 0.265741 0.0533854 0.0861111 
0 0.245182 0.42963 0.0367187 0.0814815 
0 0.416927 0.604167 0.0385417 0.0685185 
0 0.159896 0.099537 0.0322917 0.062037 
0 0.19388 0.696759 0.0388021 0.107407 
0 0.0729167 0.348148 0.0526042 0.137963 
0 0.819792 0.513889 0.0557292 0.131481 
0 0.299479 0.185185 0.0302083 0.112963 
0 0.223177 0.631019 0.0625 0.0685185 
0 0.0888021 0.738657 0.0380208 0.0875 
0 0.097526 0.62963 0.0554687 0.0787037 
0 0.733333 0.832407 0.0421875 0.0685185 
0 0.859375 0.94537 0.0416667 0.0898148 
0 0.163151 0.771759 0.0388021 0.110185 
0 0.11263 0.808565 0.0549479 0.0680556 
0 0.340625 0.0965278 0.0734375 0.0587963 
0 0.544922 0.888889 0.0434896 0.137963 
0 0.815495 0.932176 0.0367187 0.11713 
0 0.926302 0.482639 0.0385417 0.0550926 
0 0.688411 0.783565 0.0466146 0.0773148 
0 0.427734 0.347917 0.0466146 0.0541667 
0 0.29349 0.630324 0.0484375 0.0726852 
0 0.658203 0.638426 0.0513021 0.0851852 
0 0.147005 0.631019 0.0674479 0.0555556 
0 0.403646 0.502546 0.0703125 0.111574 
0 0.459766 0.252083 0.0377604 0.0689815 
0 0.873047 0.621991 0.0565104 0.0550926 
0 0.305729 0.744676 0.0723958 0.0689815 
0 0.545443 0.708333 0.0393229 0.0787037 
