0 0.425911 0.177083 0.0533854 0.127315 
0 0.113151 0.291435 0.0361979 0.121759 
0 0.55612 0.318981 0.0466146 0.148148 
0 0.643099 0.380556 0.0997396 0.103704 
0 0.348568 0.933102 0.0611979 0.0513889 
0 0.561458 0.798148 0.0640625 0.0666667 
0 0.680208 0.46875 0.071875 0.118056 
0 0.114063 0.513889 0.053125 0.121296 
0 0.19987 0.264352 0.0304688 0.0666667 
0 0.570312 0.0881944 0.0369792 0.164352 
0 0.44362 0.500463 0.0757812 0.0916667 
0 0.475651 0.640741 0.0377604 0.0787037 
0 0.968229 0.808102 0.0515625 0.102315 
0 0.289583 0.506481 0.046875 0.0666667 
0 0.323047 0.0958333 0.0460938 0.0611111 
0 0.54987 0.556019 0.0695312 0.0712963 
0 0.0601562 0.405787 0.0359375 0.0699074 
0 0.726042 0.0259259 0.0890625 0.0518519 
0 0.376432 0.587269 0.0580729 0.0800926 
0 0.448177 0.820833 0.0619792 0.0787037 
0 0.726042 0.719676 0.075 0.0865741 
0 0.177344 0.737963 0.0526042 0.0546296 
0 0.0148437 0.736343 0.028125 0.0865741 
0 0.192839 0.47662 0.0372396 0.11713 
0 0.348307 0.675926 0.0346354 0.15463 
0 0.0183594 0.346759 0.0320312 0.0916667 
0 0.203776 0.633333 0.0549479 0.137037 
0 0.138672 0.928704 0.0648438 0.131481 
0 0.41263 0.96875 0.0575521 0.0606481 
0 0.379818 0.360185 0.0466146 0.101852 
0 0.123828 0.436343 0.0601562 0.0893519 
0 0.983984 0.351852 0.0315104 0.0842593 
0 0.292448 0.39213 0.0338542 0.0759259 
0 0.630339 0.162963 0.0398437 0.163889 
0 0.663151 0.591204 0.0341146 0.110185 
