0 0.43138 0.493519 0.0403646 0.0777778 
0 0.753385 0.554398 0.040625 0.0810185 
0 0.966276 0.539583 0.0403646 0.0921296 
0 0.546354 0.127778 0.0510417 0.1 
0 0.0520833 0.136806 0.0802083 0.0634259 
0 0.933594 0.212037 0.0390625 0.0638889 
0 0.806641 0.169213 0.0513021 0.0958333 
0 0.275651 0.131944 0.0393229 0.115741 
0 0.757812 0.687963 0.0421875 0.0759259 
0 0.758333 0.0340278 0.0432292 0.0569444 
0 0.832943 0.126389 0.0372396 0.125 
0 0.427734 0.200694 0.0382813 0.0560185 
0 0.822266 0.680556 0.0278646 0.1 
0 0.640104 0.737037 0.0510417 0.0638889 
0 0.256771 0.5125 0.0473958 0.0759259 
0 0.178385 0.472685 0.059375 0.087963 
0 0.0888021 0.495602 0.0369792 0.0865741 
0 0.969141 0.704861 0.0289063 0.0930556 
0 0.361068 0.110648 0.0445312 0.0768519 
0 0.31862 0.524769 0.0278646 0.0782407 
0 0.647396 0.489583 0.0208333 0.0976852 
0 0.960026 0.403472 0.0653646 0.0939815 
0 0.847656 0.571065 0.0578125 0.0949074 
0 0.655339 0.576389 0.0367187 0.0416667 
0 0.876042 0.643287 0.0322917 0.0958333 
0 0.291146 0.959259 0.0375 0.0657407 
0 0.933594 0.0722222 0.0458333 0.0657407 
0 0.265104 0.209954 0.0463542 0.0541667 
0 0.508724 0.133333 0.0346354 0.0805556 
0 0.886198 0.499537 0.0369792 0.0648148 
0 0.810156 0.822222 0.0473958 0.0694444 
0 0.308854 0.451389 0.034375 0.0481481 
0 0.699219 0.494907 0.0515625 0.0518519 
0 0.741276 0.363194 0.0471354 0.0606481 
0 0.474609 0.271528 0.0419271 0.0773148 
0 0.519531 0.0263889 0.046875 0.0527778 
0 0.179167 0.220139 0.0432292 0.0763889 
0 0.514583 0.384259 0.0375 0.0601852 
0 0.338411 0.367593 0.0335938 0.0685185 
0 0.244271 0.0976852 0.0385417 0.0851852 
0 0.935547 0.653935 0.0382813 0.0689815 
0 0.724219 0.756944 0.0473958 0.0777778 
0 0.765234 0.446759 0.0346354 0.0546296 
0 0.95651 0.783333 0.046875 0.075 
0 0.725651 0.846065 0.0372396 0.0412037 
