0 0.736328 0.37963 0.0622396 0.150926 
0 0.445052 0.22338 0.0401042 0.0680556 
0 0.677214 0.565046 0.0330729 0.0597222 
0 0.502995 0.332407 0.0507812 0.12963 
0 0.585547 0.14375 0.0393229 0.0606481 
0 0.692318 0.0608796 0.0341146 0.115278 
0 0.567318 0.405324 0.0861979 0.0606481 
0 0.708984 0.708333 0.0518229 0.0472222 
0 0.64349 0.606713 0.0401042 0.0625 
0 0.792969 0.275231 0.0609375 0.0606481 
0 0.633333 0.868056 0.0635417 0.0685185 
0 0.655208 0.963657 0.0322917 0.0699074 
0 0.629427 0.682407 0.0578125 0.0666667 
0 0.578125 0.739352 0.05 0.0703704 
0 0.580078 0.286574 0.0507812 0.0981481 
0 0.264974 0.0914352 0.0846354 0.0625 
0 0.577083 0.205093 0.0895833 0.0611111 
0 0.207682 0.77037 0.0523437 0.0888889 
0 0.618099 0.0226852 0.0341146 0.0453704 
0 0.266667 0.332176 0.053125 0.102315 
0 0.284375 0.634954 0.0682292 0.0532407 
0 0.726042 0.587037 0.0359375 0.155556 
0 0.0550781 0.743519 0.0486979 0.0638889 
0 0.340365 0.364583 0.0333333 0.0532407 
0 0.175 0.264583 0.0520833 0.0597222 
0 0.548307 0.4875 0.0903646 0.0657407 
0 0.475911 0.434954 0.0570313 0.0800926 
0 0.452734 0.311806 0.0455729 0.0643518 
0 0.502344 0.680556 0.05625 0.0962963 
0 0.75 0.951157 0.0333333 0.0976852 
0 0.724089 0.0921296 0.0247396 0.0425926 
0 0.609375 0.630324 0.0291667 0.109722 
0 0.0416667 0.387269 0.0614583 0.0467593 
0 0.381901 0.233333 0.0278646 0.0990741 
0 0.395573 0.621065 0.0416667 0.0550926 
0 0.170182 0.690972 0.0596354 0.0486111 
0 0.414844 0.697454 0.0473958 0.0550926 
0 0.346224 0.746528 0.0846354 0.0773148 
0 0.113281 0.594907 0.0755208 0.0435185 
0 0.522396 0.0430556 0.0385417 0.0564815 
0 0.129688 0.438426 0.0583333 0.0444444 
0 0.26849 0.177546 0.0333333 0.0513889 
0 0.0842448 0.96875 0.0710938 0.0569444 
0 0.736849 0.0296296 0.0393229 0.0592593 
0 0.416276 0.253472 0.0257812 0.113426 
0 0.0803385 0.703009 0.0544271 0.0689815 
0 0.448177 0.456481 0.0453125 0.119444 
0 0.159505 0.97037 0.0440104 0.0574074 
0 0.16276 0.518287 0.0442708 0.0921296 
0 0.555078 0.0381944 0.0460938 0.0763889 
0 0.648438 0.123611 0.046875 0.141667 
0 0.0610677 0.286111 0.0289063 0.0787037 
0 0.93112 0.708333 0.0341146 0.0638889 
0 0.688021 0.322685 0.0348958 0.190741 
0 0.336979 0.0759259 0.0385417 0.05 
0 0.155208 0.350926 0.0296875 0.0777778 
0 0.635807 0.209028 0.0341146 0.104167 
0 0.478516 0.601157 0.0752604 0.0893519 
