0 0.770052 0.912269 0.0473958 0.0671296 
0 0.466536 0.516898 0.0471354 0.0652778 
0 0.498047 0.47963 0.0315104 0.0453704 
0 0.365234 0.240509 0.0377604 0.0523148 
0 0.610417 0.897454 0.0328125 0.0449074 
0 0.569792 0.450463 0.0515625 0.0712963 
0 0.71875 0.212731 0.0666667 0.0726852 
0 0.501562 0.849769 0.03125 0.0486111 
0 0.656771 0.327083 0.0536458 0.0634259 
0 0.981771 0.0916667 0.0364583 0.0546296 
0 0.667448 0.642824 0.046875 0.0949074 
0 0.808594 0.241204 0.075 0.0740741 
0 0.357552 0.440972 0.0567708 0.0671296 
0 0.438411 0.344907 0.0346354 0.0490741 
0 0.641146 0.420139 0.0760417 0.075463 
0 0.564844 0.951389 0.0380208 0.0805556 
0 0.436589 0.231713 0.0377604 0.0652778 
0 0.0959635 0.894907 0.0705729 0.0777778 
0 0.796354 0.117824 0.0348958 0.0810185 
0 0.400651 0.105787 0.0419271 0.110648 
0 0.536198 0.796991 0.0390625 0.0902778 
0 0.633724 0.0412037 0.0450521 0.05 
0 0.277083 0.838889 0.0395833 0.0509259 
0 0.241406 0.173148 0.0505208 0.0444444 
0 0.753385 0.754167 0.0640625 0.101852 
0 0.219531 0.579861 0.0369792 0.0458333 
0 0.552734 0.634259 0.0247396 0.0546296 
0 0.271224 0.737731 0.0403646 0.075463 
0 0.648958 0.729167 0.0604167 0.0916667 
0 0.854557 0.29838 0.0445312 0.0736111 
0 0.679167 0.928009 0.0557292 0.0875 
0 0.698698 0.0275463 0.0682292 0.0550926 
0 0.177344 0.0206019 0.0359375 0.0402778 
0 0.388151 0.299306 0.0377604 0.105093 
0 0.119141 0.178472 0.0664062 0.0606481 
0 0.824219 0.729861 0.0401042 0.0560185 
0 0.581641 0.153704 0.0617188 0.0777778 
0 0.475 0.162731 0.0354167 0.0689815 
0 0.378385 0.963426 0.0661458 0.0592593 
0 0.152604 0.298148 0.0458333 0.0638889 
