0 0.301953 0.264583 0.0513021 0.0837963 
0 0.805599 0.168519 0.0377604 0.075 
0 0.854036 0.599306 0.0513021 0.0800926 
0 0.117839 0.472917 0.0559896 0.0810185 
0 0.515625 0.3375 0.0390625 0.0777778 
0 0.43138 0.435648 0.0559896 0.0694444 
0 0.416667 0.313194 0.0380208 0.0800926 
0 0.836849 0.491435 0.0502604 0.0828704 
0 0.9375 0.428935 0.0286458 0.0958333 
0 0.791536 0.850231 0.0398437 0.074537 
0 0.108984 0.903704 0.0289063 0.0731481 
0 0.819792 0.0898148 0.0390625 0.0583333 
0 0.655208 0.228704 0.0364583 0.0583333 
0 0.651953 0.384491 0.0403646 0.126389 
0 0.307161 0.565046 0.0445312 0.0513889 
0 0.407292 0.175926 0.0286458 0.0435185 
0 0.341536 0.491667 0.0429688 0.0537037 
0 0.200521 0.50787 0.0546875 0.0907407 
0 0.866146 0.258333 0.0380208 0.0694444 
0 0.98099 0.54375 0.0286458 0.0476852 
0 0.328385 0.728704 0.0463542 0.0898148 
0 0.0986979 0.841204 0.0338542 0.0981481 
0 0.874479 0.545602 0.0416667 0.0449074 
0 0.727474 0.424537 0.0434896 0.0555556 
0 0.600651 0.619213 0.0419271 0.0689815 
0 0.246224 0.542593 0.0283854 0.0916667 
0 0.451693 0.368287 0.0549479 0.0550926 
0 0.91888 0.258796 0.0471354 0.0703704 
0 0.913542 0.744213 0.0421875 0.0652778 
0 0.134375 0.690046 0.0453125 0.0800926 
0 0.515625 0.403241 0.0552083 0.115741 
0 0.405078 0.352778 0.0393229 0.0537037 
0 0.178906 0.409722 0.0317708 0.0731481 
0 0.913542 0.157639 0.0369792 0.0430556 
0 0.910677 0.977083 0.0390625 0.0458333 
0 0.105469 0.58588 0.0520833 0.0513889 
0 0.854036 0.381944 0.0664062 0.062037 
0 0.278776 0.504398 0.0346354 0.0476852 
0 0.220833 0.840046 0.034375 0.075463 
0 0.695833 0.487037 0.0479167 0.0638889 
0 0.204297 0.612731 0.0278646 0.128241 
0 0.270443 0.971296 0.0466146 0.0546296 
0 0.727474 0.562963 0.0455729 0.0722222 
0 0.972656 0.295139 0.0302083 0.100463 
0 0.971224 0.763194 0.0393229 0.074537 
0 0.210677 0.412037 0.0432292 0.0657407 
0 0.230729 0.378935 0.0395833 0.0625 
