0 0.493099 0.243056 0.0867188 0.14537 
0 0.675781 0.748611 0.0651042 0.158333 
0 0.600651 0.891667 0.0611979 0.087963 
0 0.559505 0.503704 0.0783854 0.177778 
0 0.778385 0.0925926 0.065625 0.0833333 
0 0.640234 0.708333 0.0622396 0.116667 
0 0.773828 0.420833 0.0268229 0.0907407 
0 0.73737 0.495602 0.0367187 0.0560185 
0 0.542969 0.199074 0.03125 0.0694444 
0 0.638672 0.541667 0.0898438 0.12963 
0 0.492188 0.519907 0.0317708 0.135185 
0 0.166536 0.586806 0.0528646 0.127315 
0 0.105469 0.743519 0.0463542 0.0481481 
0 0.476562 0.351389 0.0635417 0.0648148 
0 0.508333 0.658565 0.0484375 0.0782407 
0 0.189193 0.353935 0.0382813 0.0893519 
0 0.373958 0.913194 0.0463542 0.0532407 
0 0.208984 0.866204 0.0507812 0.0555556 
0 0.283203 0.825231 0.0283854 0.0949074 
0 0.116797 0.400926 0.0700521 0.0712963 
0 0.295443 0.620602 0.0257812 0.0773148 
0 0.0291667 0.261343 0.0302083 0.116204 
0 0.279818 0.497685 0.0424479 0.0944444 
0 0.337109 0.453241 0.0367187 0.105556 
0 0.254167 0.377083 0.0463542 0.0439815 
0 0.326953 0.55463 0.0726563 0.0916667 
0 0.397005 0.764815 0.0361979 0.123148 
0 0.585807 0.652778 0.113281 0.10463 
0 0.264193 0.598148 0.0617188 0.0592593 
0 0.0854167 0.489583 0.0463542 0.0708333 
0 0.568359 0.740509 0.0674479 0.100463 
0 0.735937 0.865509 0.040625 0.176389 
0 0.10638 0.829861 0.0591146 0.0532407 
0 0.495573 0.0335648 0.0598958 0.0671296 
0 0.113281 0.978472 0.0666667 0.0430556 
0 0.0574219 0.12338 0.0742188 0.0717593 
0 0.395182 0.713889 0.0575521 0.117593 
0 0.28125 0.42662 0.0322917 0.0643518 
0 0.0191406 0.0898148 0.0356771 0.0666667 
0 0.526823 0.870139 0.0369792 0.125463 
0 0.053125 0.325694 0.0333333 0.0819444 
0 0.302995 0.92963 0.0408854 0.0703704 
0 0.383073 0.488194 0.0375 0.0550926 
0 0.128125 0.475694 0.0416667 0.0680556 
0 0.0332031 0.480787 0.0263021 0.0782407 
0 0.407422 0.115046 0.0356771 0.141204 
0 0.188151 0.288426 0.0377604 0.0462963 
0 0.153906 0.795602 0.0442708 0.0949074 
0 0.110937 0.343519 0.0614583 0.0518519 
0 0.117578 0.911343 0.0513021 0.074537 
0 0.0265625 0.41088 0.0401042 0.049537 
0 0.184115 0.416667 0.0630208 0.0666667 
0 0.179427 0.116667 0.0375 0.124074 
