0 0.128125 0.467593 0.0729167 0.118519 
0 0.664974 0.669676 0.0408854 0.154167 
0 0.292969 0.0969907 0.0604167 0.100463 
0 0.796354 0.136111 0.0541667 0.177778 
0 0.180078 0.161343 0.0596354 0.136574 
0 0.486328 0.763889 0.0440104 0.135185 
0 0.91888 0.950463 0.0575521 0.0953704 
0 0.345182 0.80463 0.0523437 0.132407 
0 0.65625 0.856713 0.0447917 0.0763889 
0 0.378385 0.194676 0.0817708 0.0717593 
0 0.115365 0.377546 0.0447917 0.0708333 
0 0.401823 0.855093 0.0395833 0.0777778 
0 0.707031 0.68912 0.0479167 0.13287 
0 0.0315104 0.0606481 0.0588542 0.0777778 
0 0.570312 0.958333 0.0442708 0.075 
0 0.244792 0.269444 0.0463542 0.124074 
0 0.416536 0.0268519 0.0330729 0.0537037 
0 0.429036 0.577546 0.0434896 0.115278 
0 0.922786 0.550926 0.132031 0.125 
0 0.348437 0.348148 0.0453125 0.0648148 
0 0.289844 0.839815 0.0338542 0.0953704 
0 0.554297 0.583796 0.0585938 0.143519 
0 0.367839 0.912269 0.0361979 0.0921296 
0 0.0541667 0.878009 0.05 0.0652778 
