0 0.795833 0.409722 0.0661458 0.087037 
0 0.965755 0.618981 0.0320312 0.134259 
0 0.460938 0.683565 0.0411458 0.104167 
0 0.940365 0.858102 0.0328125 0.105093 
0 0.710417 0.950463 0.0348958 0.0805556 
0 0.917969 0.617593 0.0614583 0.075 
0 0.238151 0.596528 0.0554687 0.10787 
0 0.31276 0.734028 0.053125 0.0800926 
0 0.469922 0.538657 0.0335938 0.120833 
0 0.706641 0.872454 0.0523437 0.0847222 
0 0.842708 0.100463 0.0291667 0.0833333 
0 0.827604 0.829398 0.0875 0.118981 
0 0.0670573 0.9625 0.0809896 0.075 
0 0.226302 0.900231 0.0697917 0.123611 
0 0.609766 0.181481 0.0309896 0.0425926 
