0 0.801172 0.0532407 0.0434896 0.0722222 
0 0.411849 0.477546 0.0434896 0.0736111 
0 0.924349 0.578009 0.0513021 0.0643518 
0 0.151172 0.164815 0.0377604 0.0675926 
0 0.648438 0.120833 0.0515625 0.0712963 
0 0.909766 0.670139 0.0330729 0.0689815 
0 0.113021 0.546759 0.0494792 0.0601852 
0 0.839844 0.618981 0.0223958 0.0740741 
0 0.801302 0.407407 0.0427083 0.0814815 
0 0.291797 0.401852 0.0393229 0.0546296 
0 0.54349 0.446528 0.0416667 0.0578704 
0 0.945312 0.0736111 0.0385417 0.114815 
0 0.578125 0.205556 0.0453125 0.0537037 
0 0.662109 0.251389 0.0388021 0.0583333 
0 0.282943 0.263426 0.0351562 0.0935185 
0 0.9125 0.119444 0.0421875 0.131481 
0 0.379167 0.59213 0.0505208 0.105556 
0 0.539062 0.585185 0.0588542 0.075 
0 0.569401 0.321296 0.0341146 0.101852 
0 0.598698 0.506944 0.0369792 0.0555556 
0 0.902865 0.503704 0.0260417 0.0611111 
0 0.523047 0.30787 0.0367187 0.0555556 
0 0.985417 0.568287 0.0276042 0.102315 
0 0.77487 0.1125 0.0361979 0.0925926 
0 0.877474 0.431713 0.0445312 0.0597222 
0 0.832031 0.772917 0.0479167 0.0800926 
0 0.298828 0.816898 0.0622396 0.0689815 
0 0.557682 0.872917 0.0424479 0.0532407 
0 0.0658854 0.317824 0.0682292 0.0976852 
0 0.165365 0.756019 0.0666667 0.0888889 
0 0.662109 0.62338 0.0341146 0.0532407 
0 0.877474 0.0986111 0.0351562 0.0759259 
0 0.952214 0.949537 0.0414063 0.0916667 
