0 0.64987 0.954861 0.0424479 0.0773148 
0 0.520443 0.252315 0.0414063 0.0731481 
0 0.384505 0.374537 0.0445312 0.0490741 
0 0.490885 0.516667 0.040625 0.0416667 
0 0.355729 0.174074 0.040625 0.0509259 
0 0.576172 0.353472 0.0263021 0.0513889 
0 0.708594 0.403704 0.0583333 0.05 
0 0.408333 0.261806 0.0401042 0.0412037 
0 0.433594 0.787731 0.03125 0.0884259 
0 0.524349 0.162037 0.0351562 0.0555556 
0 0.344141 0.759259 0.0330729 0.0490741 
0 0.281901 0.05 0.0351562 0.0453704 
0 0.688411 0.0662037 0.0278646 0.0787037 
0 0.0992187 0.943519 0.0296875 0.0444444 
0 0.303125 0.17037 0.0401042 0.0601852 
0 0.716797 0.69838 0.0252604 0.0800926 
0 0.673828 0.1 0.0414063 0.0481481 
0 0.408854 0.340509 0.0390625 0.0643518 
0 0.398177 0.610185 0.0479167 0.0574074 
0 0.604036 0.441204 0.0450521 0.0416667 
0 0.180859 0.70162 0.0455729 0.0458333 
0 0.460807 0.0523148 0.0361979 0.0638889 
0 0.638151 0.377083 0.0372396 0.0430556 
0 0.622656 0.124537 0.0276042 0.100926 
0 0.747005 0.209491 0.0554687 0.0541667 
0 0.625911 0.737037 0.0481771 0.0648148 
0 0.524349 0.0384259 0.0335938 0.0759259 
0 0.58737 0.78125 0.0393229 0.0680556 
0 0.0341146 0.318981 0.0348958 0.0425926 
0 0.557552 0.178241 0.0260417 0.0824074 
0 0.151693 0.377778 0.0356771 0.0425926 
0 0.176563 0.159722 0.0421875 0.0546296 
0 0.402995 0.15463 0.0335938 0.0472222 
0 0.449219 0.651157 0.028125 0.0402778 
0 0.198307 0.0381944 0.0351562 0.0421296 
0 0.666406 0.458333 0.0338542 0.0564815 
0 0.189974 0.787731 0.0372396 0.0532407 
0 0.787109 0.88125 0.0528646 0.104167 
0 0.464323 0.449769 0.021875 0.0847222 
0 0.244531 0.886343 0.0385417 0.0412037 
0 0.514714 0.687963 0.0299479 0.05 
0 0.250391 0.0430556 0.0382813 0.0675926 
0 0.507812 0.640741 0.0276042 0.0657407 
0 0.48737 0.321065 0.0273438 0.0393519 
0 0.660677 0.17338 0.0328125 0.0717593 
0 0.553776 0.662731 0.0268229 0.0365741 
0 0.603516 0.487731 0.0257812 0.0662037 
0 0.138802 0.905324 0.0416667 0.0375 
0 0.564974 0.958333 0.0497396 0.0759259 
0 0.382292 0.0534722 0.01875 0.0717593 
0 0.523438 0.317824 0.0354167 0.0347222 
0 0.114844 0.156019 0.0375 0.0416667 
0 0.172526 0.953241 0.0393229 0.0398148 
0 0.496354 0.0773148 0.021875 0.0601852 
0 0.129036 0.414815 0.0242187 0.0462963 
0 0.682552 0.530787 0.0255208 0.0856481 
0 0.22526 0.331481 0.0286458 0.0509259 
0 0.0338542 0.884954 0.0432292 0.0560185 
0 0.0602865 0.456481 0.0263021 0.0666667 
0 0.182552 0.306019 0.0395833 0.0296296 
0 0.379297 0.543519 0.0361979 0.0555556 
0 0.152083 0.549074 0.03125 0.0527778 
0 0.412109 0.683102 0.0330729 0.0541667 
0 0.290755 0.349074 0.0408854 0.037963 
