0 0.540104 0.886806 0.0661458 0.145833 
0 0.761198 0.442593 0.0598958 0.101852 
0 0.15599 0.847222 0.0572917 0.110185 
0 0.619661 0.279398 0.0914062 0.10787 
0 0.75 0.760417 0.0255208 0.0699074 
0 0.436849 0.0881944 0.0591146 0.0615741 
0 0.616667 0.921065 0.0864583 0.1375 
0 0.477083 0.592824 0.0791667 0.131019 
0 0.195964 0.0240741 0.0315104 0.0481481 
0 0.154297 0.210648 0.0643229 0.062963 
0 0.340885 0.174769 0.028125 0.0773148 
0 0.711979 0.874306 0.0375 0.0569444 
0 0.527344 0.520833 0.0354167 0.0518519 
0 0.101042 0.543519 0.0609375 0.0416667 
0 0.702604 0.249306 0.0427083 0.0782407 
0 0.379167 0.0974537 0.0380208 0.0800926 
0 0.456771 0.651389 0.04375 0.0601852 
0 0.0236979 0.679861 0.0307292 0.0976852 
0 0.475781 0.863194 0.0348958 0.109722 
0 0.194141 0.510417 0.0721354 0.0625 
0 0.761719 0.191898 0.0369792 0.0634259 
0 0.532682 0.129398 0.0721354 0.0550926 
0 0.316406 0.825463 0.0598958 0.0824074 
0 0.327604 0.635417 0.0395833 0.116204 
0 0.0222656 0.463426 0.0289063 0.128704 
0 0.394792 0.426157 0.040625 0.152315 
0 0.238411 0.252315 0.0382813 0.0944444 
0 0.0453125 0.540509 0.034375 0.0819444 
0 0.126302 0.483565 0.0395833 0.116204 
0 0.284896 0.881481 0.025 0.0712963 
0 0.0561198 0.372917 0.0549479 0.0606481 
0 0.0994792 0.591667 0.0598958 0.0425926 
0 0.572786 0.183333 0.0554687 0.0805556 
0 0.167318 0.131019 0.0445312 0.0564815 
0 0.473047 0.294907 0.0580729 0.1 
0 0.238802 0.620139 0.0453125 0.0523148 
0 0.190755 0.297454 0.0377604 0.0680556 
0 0.0798177 0.0481481 0.0346354 0.0962963 
0 0.26862 0.746528 0.0434896 0.0875 
0 0.167448 0.665741 0.0614583 0.0759259 
0 0.273958 0.01875 0.0333333 0.0365741 
0 0.359896 0.511111 0.0369792 0.0398148 
0 0.0445312 0.947917 0.0359375 0.0412037 
0 0.517057 0.809028 0.0367187 0.0847222 
0 0.251693 0.843287 0.0580729 0.0652778 
0 0.26901 0.673611 0.0348958 0.075 
0 0.28737 0.27037 0.0210938 0.0759259 
0 0.214062 0.0766204 0.0625 0.0587963 
0 0.18125 0.938426 0.0380208 0.0925926 
0 0.498047 0.696991 0.0304688 0.0467593 
0 0.0208333 0.599306 0.0411458 0.0532407 
0 0.176172 0.377083 0.0523437 0.121759 
0 0.395052 0.356944 0.040625 0.0666667 
0 0.451172 0.399306 0.0440104 0.0486111 
0 0.447526 0.354398 0.0330729 0.0541667 
0 0.172656 0.619444 0.0364583 0.0962963 
