0 0.744661 0.49537 0.0382813 0.0648148 
0 0.270573 0.340278 0.05 0.0953704 
0 0.176172 0.253935 0.0367187 0.0902778 
0 0.612891 0.189815 0.0669271 0.143519 
0 0.292578 0.372222 0.0518229 0.102778 
0 0.181901 0.0222222 0.0377604 0.0444444 
0 0.638281 0.0347222 0.0526042 0.0694444 
0 0.629297 0.584259 0.0575521 0.0712963 
0 0.380339 0.469907 0.0445312 0.103704 
0 0.552734 0.371528 0.0539063 0.0671296 
0 0.488542 0.489583 0.0614583 0.0717593 
0 0.636719 0.380787 0.0604167 0.0699074 
0 0.138281 0.546991 0.0583333 0.0819444 
0 0.722266 0.550463 0.0320312 0.0574074 
0 0.56888 0.244676 0.0450521 0.0884259 
0 0.185547 0.104167 0.0523437 0.0592593 
0 0.383594 0.296991 0.0494792 0.121759 
0 0.726042 0.307407 0.0453125 0.062963 
0 0.60599 0.427083 0.034375 0.0958333 
0 0.782682 0.396759 0.0460938 0.0574074 
0 0.856901 0.689583 0.0705729 0.160648 
0 0.574219 0.703935 0.0640625 0.0939815 
0 0.247135 0.90787 0.0614583 0.109259 
0 0.342318 0.628935 0.0414063 0.1125 
0 0.21224 0.215509 0.0546875 0.0986111 
0 0.822786 0.625 0.0289063 0.0842593 
0 0.0359375 0.541204 0.0619792 0.12963 
0 0.696224 0.47662 0.0398437 0.0736111 
0 0.241016 0.284259 0.0471354 0.119444 
0 0.432813 0.371296 0.0822917 0.0546296 
0 0.475651 0.644444 0.0664062 0.106481 
0 0.306901 0.758102 0.0356771 0.0680556 
0 0.171875 0.473148 0.06875 0.087037 
0 0.414974 0.709954 0.0455729 0.0856481 
