0 0.288802 0.642361 0.0598958 0.181944 
0 0.379427 0.123148 0.0661458 0.110185 
0 0.445312 0.615509 0.0411458 0.118981 
0 0.453906 0.934954 0.0651042 0.0967593 
0 0.849609 0.928935 0.0492188 0.133796 
0 0.194271 0.538657 0.053125 0.206944 
0 0.361198 0.934028 0.0536458 0.121759 
0 0.670313 0.617593 0.059375 0.0722222 
0 0.177474 0.881944 0.0565104 0.1 
0 0.328385 0.745602 0.0848958 0.140278 
0 0.611328 0.0546296 0.0632813 0.102778 
0 0.0997396 0.759954 0.0489583 0.0893519 
0 0.538151 0.680556 0.0554687 0.12037 
0 0.934635 0.456481 0.05625 0.110185 
0 0.907292 0.62963 0.0536458 0.0768519 
0 0.645964 0.483796 0.0570313 0.121296 
0 0.367188 0.855556 0.0369792 0.10463 
0 0.0989583 0.859259 0.0463542 0.0935185 
0 0.846615 0.629398 0.0453125 0.0800926 
0 0.579167 0.858102 0.05 0.104167 
0 0.84375 0.704398 0.0421875 0.0819444 
0 0.758333 0.579861 0.028125 0.0726852 
0 0.93125 0.77037 0.0536458 0.0574074 
0 0.146615 0.025 0.0380208 0.05 
0 0.777344 0.67662 0.0255208 0.10787 
0 0.0746094 0.261574 0.0356771 0.0574074 
0 0.0902344 0.13588 0.0393229 0.049537 
0 0.158464 0.953009 0.0325521 0.0865741 
0 0.535156 0.556019 0.0276042 0.0611111 
0 0.220703 0.845833 0.0382813 0.062963 
0 0.604948 0.944444 0.0432292 0.0592593 
0 0.0244792 0.46875 0.0380208 0.0615741 
0 0.224609 0.719676 0.0544271 0.074537 
0 0.75 0.350231 0.0369792 0.050463 
0 0.746615 0.96713 0.0427083 0.0648148 
0 0.573698 0.733565 0.0338542 0.0513889 
0 0.91849 0.539815 0.0489583 0.105556 
0 0.568359 0.6375 0.0408854 0.0685185 
0 0.500911 0.753935 0.0403646 0.143056 
0 0.667969 0.31088 0.0635417 0.0884259 
0 0.784635 0.303472 0.0411458 0.0615741 
