0 0.504948 0.553472 0.034375 0.049537 
0 0.545443 0.170602 0.0335938 0.0699074 
0 0.64401 0.536111 0.0395833 0.110185 
0 0.517057 0.767824 0.0585938 0.0634259 
0 0.584505 0.749306 0.0455729 0.161574 
0 0.345313 0.340046 0.0432292 0.0421296 
0 0.57513 0.923611 0.0757812 0.112037 
0 0.803776 0.847222 0.0351562 0.112037 
0 0.703646 0.0979167 0.0755208 0.0597222 
0 0.68125 0.961806 0.0598958 0.0717593 
0 0.634245 0.0935185 0.0294271 0.0712963 
0 0.682682 0.0446759 0.0330729 0.0893519 
0 0.673437 0.708333 0.0333333 0.087963 
0 0.613281 0.121296 0.0369792 0.0592593 
0 0.523828 0.335648 0.0440104 0.0574074 
0 0.249349 0.646991 0.0320312 0.0513889 
0 0.749089 0.397917 0.0533854 0.0893519 
0 0.34987 0.0412037 0.0361979 0.0796296 
0 0.417969 0.894907 0.0572917 0.0564815 
0 0.241536 0.464352 0.0304688 0.0388889 
0 0.727083 0.199537 0.0885417 0.105556 
0 0.219531 0.523148 0.0286458 0.0546296 
0 0.224089 0.81875 0.0414063 0.0569444 
0 0.702604 0.346528 0.0697917 0.0615741 
0 0.61276 0.959028 0.046875 0.0800926 
0 0.474609 0.746528 0.0341146 0.0662037 
0 0.167839 0.689815 0.0242187 0.0462963 
0 0.15599 0.199537 0.0614583 0.0453704 
0 0.485677 0.931481 0.0401042 0.0712963 
0 0.939453 0.209259 0.0518229 0.0851852 
0 0.5875 0.429861 0.0473958 0.1125 
0 0.0763021 0.574769 0.0401042 0.0680556 
0 0.795964 0.253935 0.0351562 0.0458333 
0 0.0825521 0.294444 0.0484375 0.0657407 
0 0.393099 0.424769 0.0252604 0.0856481 
0 0.10612 0.0511574 0.0356771 0.0476852 
0 0.318359 0.0928241 0.0471354 0.0476852 
0 0.0786458 0.451389 0.0307292 0.0574074 
0 0.423177 0.346528 0.0322917 0.0541667 
0 0.127344 0.562037 0.0401042 0.0425926 
0 0.28112 0.240046 0.0361979 0.0643518 
0 0.326562 0.534259 0.0703125 0.0453704 
0 0.0634115 0.644444 0.0346354 0.0537037 
0 0.0877604 0.705324 0.0432292 0.0560185 
0 0.517187 0.416667 0.0708333 0.0925926 
0 0.471224 0.978704 0.0591146 0.0425926 
0 0.231641 0.702546 0.0330729 0.049537 
0 0.48763 0.487269 0.0481771 0.0967593 
0 0.352083 0.750926 0.0557292 0.0648148 
0 0.604948 0.646296 0.0375 0.0537037 
0 0.227865 0.934028 0.0411458 0.075463 
0 0.693359 0.434491 0.0445312 0.0856481 
0 0.190755 0.388889 0.0315104 0.0685185 
0 0.752344 0.975694 0.0473958 0.0486111 
0 0.0447917 0.244907 0.0453125 0.0768519 
0 0.129297 0.432639 0.0377604 0.0375 
0 0.301953 0.178241 0.0268229 0.0407407 
0 0.199089 0.172454 0.0408854 0.0393519 
0 0.0157552 0.381481 0.0315104 0.0388889 
0 0.665104 0.512731 0.0270833 0.0597222 
0 0.364974 0.234722 0.0356771 0.0787037 
0 0.0972656 0.230324 0.0304688 0.0625 
0 0.604427 0.30625 0.1 0.0837963 
0 0.270833 0.190972 0.0317708 0.0458333 
0 0.0330729 0.546991 0.0619792 0.0365741 
0 0.397005 0.934028 0.0320312 0.0606481 
0 0.653776 0.234491 0.0289063 0.0458333 
0 0.167578 0.494676 0.0554687 0.0458333 
0 0.601042 0.348148 0.0822917 0.0462963 
0 0.189453 0.592361 0.0294271 0.0662037 
0 0.295312 0.728472 0.034375 0.0699074 
0 0.678646 0.214583 0.0348958 0.119907 
0 0.714453 0.464583 0.0356771 0.0513889 
0 0.0541667 0.880324 0.01875 0.0800926 
0 0.0614583 0.731713 0.0364583 0.0430556 
0 0.166927 0.536806 0.0385417 0.0828704 
0 0.142318 0.762963 0.0414063 0.0490741 
0 0.441146 0.0222222 0.0557292 0.0444444 
0 0.243359 0.112731 0.0403646 0.0513889 
