0 0.161068 0.0717593 0.0575521 0.0861111 
0 0.979427 0.199306 0.0411458 0.0652778 
0 0.464844 0.0412037 0.04375 0.0824074 
0 0.927214 0.42963 0.0424479 0.0731481 
0 0.827083 0.293519 0.0359375 0.101852 
0 0.407682 0.30787 0.0528646 0.0657407 
0 0.882812 0.0601852 0.0463542 0.0898148 
0 0.524349 0.176157 0.0429688 0.0458333 
0 0.644141 0.0365741 0.0377604 0.0675926 
0 0.242839 0.0354167 0.0289063 0.0708333 
0 0.57513 0.195139 0.0273438 0.106019 
0 0.484375 0.150694 0.034375 0.121759 
0 0.860417 0.286343 0.0416667 0.0523148 
0 0.738281 0.0347222 0.0666667 0.0657407 
0 0.770052 0.281944 0.0328125 0.0824074 
0 0.829167 0.0291667 0.0401042 0.0564815 
0 0.589453 0.628472 0.0450521 0.0671296 
0 0.330339 0.617593 0.0398437 0.0722222 
0 0.294401 0.21088 0.0335938 0.0708333 
0 0.195443 0.533102 0.0460938 0.0652778 
0 0.126823 0.588889 0.053125 0.0712963 
0 0.189063 0.872917 0.040625 0.0717593 
0 0.728516 0.267824 0.0471354 0.0634259 
0 0.014974 0.122685 0.0299479 0.0824074 
0 0.517578 0.337963 0.0471354 0.0722222 
0 0.257422 0.432639 0.0424479 0.0773148 
0 0.508854 0.615509 0.0328125 0.0467593 
0 0.506771 0.512963 0.034375 0.0777778 
0 0.961849 0.785185 0.0408854 0.0712963 
0 0.928646 0.216435 0.028125 0.0884259 
0 0.158984 0.651389 0.0570313 0.0731481 
0 0.0311198 0.73125 0.0492188 0.075463 
0 0.688542 0.417593 0.0260417 0.0935185 
0 0.76849 0.683565 0.0442708 0.0810185 
0 0.755859 0.846065 0.0455729 0.049537 
0 0.978516 0.01875 0.0429688 0.0365741 
0 0.303255 0.126157 0.0513021 0.0828704 
0 0.910156 0.441667 0.0416667 0.0768519 
0 0.948698 0.288194 0.0390625 0.0819444 
0 0.210156 0.305093 0.0307292 0.0824074 
0 0.61237 0.025463 0.0388021 0.05 
0 0.567448 0.396065 0.0359375 0.0523148 
0 0.524479 0.85463 0.0317708 0.0648148 
0 0.397526 0.0706019 0.0330729 0.124537 
0 0.0260417 0.200694 0.0380208 0.0819444 
0 0.626432 0.259491 0.0356771 0.0986111 
0 0.792969 0.556481 0.0427083 0.0685185 
0 0.801302 0.856713 0.0369792 0.0726852 
0 0.758333 0.117593 0.0484375 0.087037 
0 0.736328 0.659259 0.0414063 0.0861111 
