0 0.917448 0.222917 0.0697917 0.102315 
0 0.428516 0.54213 0.0565104 0.118519 
0 0.695312 0.41412 0.0505208 0.0837963 
0 0.558594 0.306944 0.0333333 0.0824074 
0 0.276823 0.699074 0.0375 0.0925926 
0 0.830599 0.876389 0.0299479 0.0666667 
0 0.920833 0.513426 0.0546875 0.0842593 
0 0.763672 0.313194 0.0679687 0.0763889 
0 0.788151 0.684491 0.0361979 0.106019 
0 0.471484 0.803935 0.0565104 0.0652778 
0 0.898047 0.328704 0.0648438 0.0935185 
0 0.669922 0.800463 0.0361979 0.0509259 
0 0.758333 0.553472 0.0385417 0.075463 
0 0.962891 0.61713 0.0502604 0.0648148 
0 0.803255 0.392593 0.0664062 0.0648148 
0 0.167057 0.810648 0.0403646 0.0638889 
0 0.455339 0.667593 0.0372396 0.0851852 
0 0.431901 0.838657 0.0408854 0.0625 
0 0.710938 0.545602 0.0442708 0.0421296 
0 0.361719 0.563426 0.0479167 0.0851852 
0 0.497005 0.966204 0.0388021 0.0611111 
0 0.60651 0.673148 0.0380208 0.118519 
0 0.704557 0.900926 0.0466146 0.0935185 
0 0.703646 0.801157 0.0395833 0.0837963 
0 0.947786 0.872454 0.0929687 0.150463 
0 0.216927 0.7 0.0479167 0.110185 
0 0.309766 0.746991 0.0429688 0.0773148 
0 0.792969 0.940972 0.0401042 0.0662037 
0 0.179557 0.907176 0.0299479 0.0958333 
0 0.813021 0.45787 0.0567708 0.0694444 
0 0.409115 0.783796 0.0453125 0.0990741 
0 0.234766 0.354398 0.0794271 0.169907 
0 0.560547 0.625926 0.0429688 0.062037 
0 0.573177 0.381944 0.0302083 0.109259 
0 0.364453 0.978704 0.0533854 0.0425926 
0 0.833073 0.784259 0.03125 0.087037 
0 0.688932 0.318056 0.0679687 0.0685185 
0 0.21888 0.821991 0.0580729 0.0726852 
