0 0.549349 0.381944 0.0606771 0.0824074 
0 0.251432 0.476157 0.0486979 0.0949074 
0 0.895964 0.259028 0.0554687 0.140278 
0 0.440234 0.320833 0.0346354 0.0851852 
0 0.186328 0.67662 0.0450521 0.10787 
0 0.526302 0.759028 0.0458333 0.1125 
0 0.619141 0.344676 0.0466146 0.0587963 
0 0.817318 0.547454 0.0497396 0.0875 
0 0.477344 0.289815 0.0255208 0.1 
0 0.690885 0.379861 0.0494792 0.0726852 
0 0.028125 0.911574 0.0333333 0.0805556 
0 0.976562 0.477778 0.0354167 0.0712963 
0 0.413281 0.355093 0.0729167 0.122222 
0 0.0355469 0.252315 0.0497396 0.0611111 
0 0.478776 0.408565 0.0382813 0.0902778 
0 0.527344 0.646759 0.053125 0.101852 
0 0.939453 0.401157 0.0575521 0.0726852 
0 0.439714 0.681944 0.0299479 0.0990741 
0 0.763672 0.806944 0.0320312 0.0675926 
0 0.657682 0.434259 0.0315104 0.116667 
0 0.589323 0.518981 0.059375 0.0601852 
0 0.294661 0.711111 0.0486979 0.0916667 
0 0.323047 0.430787 0.0309896 0.106019 
0 0.335677 0.596759 0.0552083 0.106481 
0 0.648828 0.862269 0.0445312 0.0578704 
0 0.844271 0.198843 0.03125 0.0800926 
0 0.592708 0.795602 0.0296875 0.0736111 
0 0.608984 0.56412 0.0419271 0.119907 
0 0.742188 0.938194 0.0432292 0.0782407 
0 0.506901 0.491204 0.0377604 0.143519 
0 0.0838542 0.733102 0.0473958 0.0791667 
0 0.960417 0.892361 0.0239583 0.0708333 
0 0.411849 0.873148 0.0528646 0.0805556 
0 0.646484 0.550463 0.0361979 0.0916667 
0 0.294271 0.769213 0.0416667 0.075463 
0 0.296094 0.0953704 0.0333333 0.0666667 
0 0.652344 0.771296 0.0416667 0.113889 
0 0.853516 0.322685 0.0721354 0.0583333 
0 0.204297 0.38125 0.0346354 0.0541667 
0 0.065625 0.65625 0.0364583 0.0689815 
0 0.0197917 0.539583 0.0395833 0.0782407 
0 0.445052 0.770139 0.0473958 0.0875 
0 0.205469 0.49838 0.04375 0.0828704 
0 0.661198 0.668056 0.0453125 0.05 
0 0.232682 0.731713 0.0513021 0.0652778 
0 0.0165365 0.36412 0.0304688 0.0569444 
0 0.779297 0.628009 0.0382813 0.0578704 
0 0.858333 0.657176 0.04375 0.0393519 
0 0.611328 0.661111 0.0372396 0.0583333 
0 0.108724 0.0761574 0.0492188 0.0763889 
0 0.733464 0.620139 0.0346354 0.0652778 
0 0.670443 0.464352 0.0486979 0.0962963 
