0 0.597266 0.4875 0.0455729 0.147222 
0 0.45013 0.179861 0.0617188 0.106019 
0 0.570312 0.440046 0.0359375 0.0884259 
0 0.533594 0.431944 0.0369792 0.0796296 
0 0.47513 0.274537 0.0544271 0.0712963 
0 0.520052 0.314583 0.03125 0.122685 
0 0.457031 0.0506944 0.0682292 0.0810185 
0 0.677344 0.374074 0.034375 0.118519 
0 0.869531 0.19375 0.0640625 0.0523148 
0 0.561979 0.299769 0.0364583 0.140278 
0 0.349089 0.505556 0.0356771 0.062037 
0 0.254167 0.0604167 0.0479167 0.0717593 
0 0.175651 0.6875 0.0299479 0.113889 
0 0.599089 0.96875 0.0622396 0.0625 
0 0.188411 0.762037 0.0502604 0.0546296 
0 0.238542 0.234259 0.0375 0.037963 
0 0.559115 0.787037 0.0369792 0.0935185 
0 0.646875 0.364815 0.0375 0.0472222 
0 0.685938 0.790046 0.0947917 0.0569444 
0 0.16224 0.263426 0.0463542 0.0416667 
0 0.545833 0.908796 0.0317708 0.075 
0 0.281901 0.403935 0.0382813 0.0476852 
0 0.390104 0.724306 0.046875 0.0550926 
0 0.524349 0.187269 0.0455729 0.101389 
0 0.280078 0.464352 0.0273438 0.0462963 
0 0.645573 0.690972 0.0661458 0.1125 
0 0.146875 0.316435 0.0401042 0.0421296 
0 0.943359 0.212731 0.0481771 0.0560185 
0 0.402865 0.400926 0.0375 0.0435185 
0 0.353516 0.669676 0.0398437 0.0662037 
0 0.580599 0.0912037 0.0554687 0.0546296 
0 0.546354 0.126852 0.0447917 0.062037 
0 0.589844 0.739583 0.0567708 0.0884259 
0 0.550781 0.619444 0.0229167 0.0694444 
0 0.310807 0.0969907 0.0388021 0.0365741 
0 0.167708 0.207639 0.0380208 0.0625 
0 0.729948 0.947917 0.0385417 0.0791667 
0 0.335547 0.212963 0.0492188 0.0759259 
0 0.257292 0.650231 0.0364583 0.074537 
0 0.416276 0.0199074 0.0309896 0.0388889 
0 0.071224 0.442593 0.0283854 0.0462963 
0 0.367969 0.563889 0.0364583 0.0472222 
0 0.147005 0.872917 0.0294271 0.0699074 
0 0.317448 0.677083 0.0291667 0.0810185 
0 0.143229 0.488194 0.0463542 0.0587963 
0 0.435807 0.323148 0.0466146 0.0611111 
0 0.319271 0.409722 0.0260417 0.0527778 
0 0.0385417 0.152315 0.0536458 0.0592593 
0 0.0157552 0.397917 0.0294271 0.0652778 
0 0.22513 0.649769 0.0367187 0.0837963 
