0 0.893099 0.446991 0.0742188 0.0773148 
0 0.204427 0.282639 0.040625 0.0828704 
0 0.791927 0.673611 0.0390625 0.0712963 
0 0.561458 0.344676 0.0557292 0.0967593 
0 0.0161458 0.378009 0.0307292 0.109722 
0 0.691406 0.414815 0.0328125 0.0703704 
0 0.832031 0.377778 0.0416667 0.0759259 
0 0.784115 0.325926 0.053125 0.0675926 
0 0.51263 0.404398 0.0330729 0.110648 
0 0.0263021 0.686574 0.0453125 0.0805556 
0 0.0858073 0.399074 0.0507812 0.0694444 
0 0.949219 0.137731 0.0333333 0.1375 
0 0.644922 0.349074 0.0419271 0.0731481 
0 0.357682 0.314583 0.0460938 0.0587963 
0 0.875 0.321528 0.0484375 0.0921296 
0 0.547917 0.758333 0.0364583 0.0814815 
0 0.353516 0.638426 0.0518229 0.0796296 
0 0.224219 0.5625 0.0453125 0.0722222 
0 0.483333 0.27662 0.0369792 0.0837963 
0 0.604427 0.966204 0.0458333 0.0611111 
0 0.145443 0.508796 0.0476562 0.0787037 
0 0.529297 0.623611 0.0330729 0.0768519 
0 0.683594 0.499074 0.021875 0.0824074 
0 0.176432 0.573611 0.0304688 0.0777778 
0 0.961849 0.743056 0.0372396 0.0657407 
0 0.777734 0.466667 0.0377604 0.0703704 
0 0.343229 0.509491 0.0348958 0.0847222 
0 0.616276 0.288889 0.0382813 0.102778 
0 0.136589 0.797917 0.0471354 0.0837963 
0 0.95612 0.631944 0.0315104 0.0703704 
0 0.785677 0.816435 0.0265625 0.074537 
