0 0.516146 0.0724537 0.0489583 0.140278 
0 0.551823 0.218287 0.0625 0.141204 
0 0.785156 0.276389 0.0390625 0.0907407 
0 0.469792 0.876157 0.118229 0.0782407 
0 0.367708 0.889815 0.065625 0.12037 
0 0.64362 0.384259 0.0460938 0.206481 
0 0.417318 0.154861 0.0513021 0.0828704 
0 0.725521 0.318056 0.0453125 0.087963 
0 0.372396 0.526852 0.0635417 0.062963 
0 0.638151 0.899306 0.0388021 0.147685 
0 0.662109 0.0939815 0.0403646 0.15463 
0 0.540495 0.144907 0.0690104 0.12963 
0 0.68125 0.350231 0.0307292 0.0652778 
0 0.315625 0.155556 0.0916667 0.0648148 
0 0.291536 0.60162 0.0627604 0.0634259 
0 0.219792 0.599537 0.05625 0.0972222 
0 0.216667 0.138657 0.0645833 0.0634259 
0 0.844661 0.0381944 0.0377604 0.0671296 
0 0.669401 0.463889 0.0335938 0.100926 
0 0.158984 0.609491 0.0606771 0.0606481 
0 0.289323 0.797685 0.0385417 0.123148 
0 0.0855469 0.273148 0.0549479 0.0509259 
0 0.39987 0.28588 0.0372396 0.118056 
0 0.0571615 0.956481 0.0419271 0.0805556 
0 0.109766 0.180787 0.0757812 0.0652778 
0 0.55612 0.0414352 0.0424479 0.0828704 
0 0.257031 0.88125 0.0572917 0.0680556 
0 0.520964 0.615509 0.0460938 0.0726852 
0 0.691406 0.255787 0.0734375 0.0949074 
0 0.563021 0.451852 0.0432292 0.116667 
0 0.109896 0.5125 0.046875 0.0972222 
0 0.340234 0.234028 0.0841146 0.0800926 
0 0.520052 0.461343 0.0807292 0.213426 
0 0.0527344 0.100231 0.0643229 0.0671296 
0 0.0479167 0.88287 0.0447917 0.0564815 
0 0.368229 0.428935 0.0463542 0.134722 
0 0.345703 0.80625 0.0388021 0.0902778 
0 0.867708 0.202546 0.040625 0.111574 
0 0.434896 0.807639 0.0708333 0.0662037 
0 0.315625 0.689583 0.0427083 0.118056 
0 0.648438 0.759954 0.046875 0.120833 
0 0.260547 0.744213 0.0388021 0.0634259 
0 0.841797 0.775 0.0346354 0.0703704 
0 0.109115 0.762037 0.0588542 0.143519 
0 0.713281 0.499537 0.0390625 0.0527778 
0 0.309896 0.967824 0.0328125 0.0569444 
0 0.142318 0.0717593 0.0523437 0.128704 
0 0.354297 0.668287 0.0320312 0.0643518 
0 0.0527344 0.0268519 0.0476562 0.0537037 
0 0.427083 0.232639 0.0697917 0.106019 
