0 0.903906 0.441204 0.0427083 0.100926 
0 0.945312 0.0928241 0.0395833 0.0550926 
0 0.287109 0.546759 0.0533854 0.0953704 
0 0.563021 0.924537 0.0390625 0.087037 
0 0.205729 0.449074 0.053125 0.0648148 
0 0.614193 0.324537 0.0674479 0.0638889 
0 0.90625 0.366204 0.0515625 0.101852 
0 0.742708 0.431019 0.0354167 0.105556 
0 0.0778646 0.518056 0.0270833 0.075 
0 0.544401 0.327778 0.0429688 0.0731481 
0 0.926302 0.762731 0.0432292 0.10787 
0 0.725651 0.565972 0.0638021 0.0791667 
0 0.577214 0.555093 0.0414063 0.075 
0 0.961458 0.471065 0.0369792 0.103241 
0 0.210677 0.545139 0.0354167 0.108796 
0 0.0716146 0.424074 0.0463542 0.0824074 
0 0.018099 0.508796 0.0320312 0.0546296 
0 0.459505 0.631019 0.0221354 0.0814815 
0 0.38138 0.395602 0.0721354 0.119907 
0 0.207292 0.659722 0.0322917 0.117593 
0 0.777344 0.330324 0.0213542 0.105093 
0 0.556641 0.684028 0.0393229 0.0810185 
0 0.66849 0.313426 0.0208333 0.101852 
0 0.321224 0.71875 0.0414063 0.0467593 
0 0.622005 0.456481 0.0367187 0.0527778 
0 0.852604 0.633333 0.0380208 0.109259 
0 0.473568 0.481713 0.0565104 0.0810185 
0 0.861328 0.510185 0.0351562 0.111111 
0 0.174349 0.617593 0.0570313 0.062963 
0 0.885677 0.828704 0.0291667 0.103704 
0 0.145573 0.490972 0.0505208 0.0671296 
0 0.396745 0.311343 0.0236979 0.0782407 
0 0.611328 0.738657 0.0580729 0.0689815 
0 0.121224 0.920833 0.0382813 0.0574074 
0 0.261589 0.480787 0.0585938 0.0736111 
0 0.190755 0.813426 0.0419271 0.101852 
0 0.401823 0.873148 0.0401042 0.0787037 
0 0.902344 0.527778 0.0223958 0.0796296 
0 0.661198 0.430093 0.0411458 0.0787037 
0 0.963411 0.380787 0.0695312 0.0606481 
0 0.544922 0.433102 0.0773437 0.0606481 
0 0.024349 0.647454 0.0455729 0.074537 
0 0.284896 0.806944 0.0375 0.0592593 
0 0.126042 0.730556 0.0541667 0.108333 
0 0.671875 0.880093 0.0317708 0.0574074 
0 0.686068 0.51088 0.0445312 0.111574 
0 0.110286 0.588426 0.0315104 0.132407 
0 0.299609 0.620139 0.0393229 0.0856481 
0 0.492188 0.686574 0.0442708 0.0648148 
0 0.834375 0.808102 0.0421875 0.0486111 
0 0.507812 0.361806 0.028125 0.075463 
0 0.395312 0.618981 0.0614583 0.0861111 
0 0.651432 0.580787 0.0414063 0.0615741 
0 0.461719 0.948843 0.0390625 0.0810185 
0 0.798828 0.893287 0.0513021 0.0865741 
0 0.436068 0.351852 0.0190104 0.0555556 
0 0.527865 0.958333 0.0479167 0.062037 
0 0.733854 0.853472 0.0463542 0.0791667 
0 0.761198 0.315741 0.0286458 0.0824074 
0 0.804167 0.57037 0.0473958 0.0518519 
0 0.636589 0.603241 0.0507812 0.0759259 
0 0.829557 0.879861 0.0486979 0.0884259 
0 0.838932 0.744907 0.0440104 0.0388889 
0 0.941016 0.92963 0.0471354 0.0518519 
