0 0.827083 0.908796 0.0333333 0.108333 
0 0.0325521 0.314583 0.0453125 0.106944 
0 0.412109 0.46875 0.0554687 0.118056 
0 0.631901 0.858565 0.0721354 0.0680556 
0 0.602995 0.800463 0.0429688 0.087963 
0 0.326432 0.826852 0.0622396 0.12037 
0 0.86862 0.779398 0.0377604 0.124537 
0 0.488021 0.626852 0.0364583 0.0759259 
0 0.484115 0.406019 0.046875 0.0842593 
0 0.0338542 0.837731 0.05 0.110648 
0 0.532682 0.437269 0.0304688 0.0662037 
0 0.688021 0.864352 0.0333333 0.0833333 
0 0.174219 0.94375 0.0302083 0.102315 
0 0.564453 0.875463 0.0492188 0.0814815 
