0 0.652865 0.514352 0.0432292 0.152778 
0 0.669401 0.050463 0.0601562 0.0898148 
0 0.503385 0.149769 0.0984375 0.108796 
0 0.253646 0.763889 0.127083 0.137963 
0 0.550781 0.312037 0.084375 0.0833333 
0 0.689974 0.289352 0.0346354 0.0592593 
0 0.31862 0.0875 0.0565104 0.0574074 
0 0.553646 0.77338 0.0984375 0.074537 
0 0.394531 0.694444 0.0760417 0.0648148 
0 0.337891 0.182407 0.0684896 0.117593 
0 0.186979 0.352083 0.0807292 0.0800926 
0 0.274609 0.461574 0.0445312 0.111111 
0 0.492708 0.0451389 0.0770833 0.0902778 
0 0.645964 0.946065 0.0492188 0.104167 
0 0.371354 0.523843 0.0385417 0.0550926 
0 0.378646 0.235648 0.0682292 0.0675926 
0 0.12487 0.12963 0.0554687 0.0833333 
0 0.51276 0.587269 0.0416667 0.181944 
0 0.0933594 0.284722 0.0335938 0.0518519 
0 0.401172 0.0863426 0.0559896 0.10787 
0 0.130208 0.902778 0.0484375 0.0796296 
0 0.0393229 0.96875 0.0390625 0.0569444 
0 0.419661 0.45625 0.0554687 0.109722 
0 0.0380208 0.4875 0.065625 0.0601852 
0 0.0841146 0.532176 0.0786458 0.0597222 
0 0.289323 0.905556 0.0432292 0.0777778 
0 0.655339 0.799537 0.0658854 0.183333 
0 0.302474 0.193287 0.0674479 0.164352 
0 0.480859 0.627083 0.0257812 0.0597222 
0 0.470964 0.429398 0.0320312 0.0717593 
0 0.573828 0.828009 0.0674479 0.0578704 
0 0.239583 0.1125 0.034375 0.134259 
0 0.0169271 0.682407 0.0322917 0.0601852 
0 0.123698 0.0513889 0.0333333 0.0935185 
0 0.0768229 0.647454 0.0552083 0.0662037 
0 0.305599 0.030787 0.0325521 0.0606481 
0 0.361589 0.436574 0.0513021 0.0814815 
0 0.45013 0.366898 0.0304688 0.127315 
0 0.228516 0.57338 0.0559896 0.0726852 
0 0.018099 0.0162037 0.0356771 0.0324074 
0 0.0876302 0.973148 0.0403646 0.0490741 
0 0.0251302 0.152315 0.0242187 0.0962963 
0 0.447266 0.238194 0.0773437 0.0662037 
0 0.54974 0.0210648 0.0515625 0.0421296 
0 0.394271 0.0358796 0.0385417 0.0717593 
