0 0.958594 0.625 0.0598958 0.12037 
0 0.119792 0.338426 0.0395833 0.108333 
0 0.0261719 0.54537 0.0523437 0.0796296 
0 0.955599 0.238426 0.0335938 0.0824074 
0 0.852474 0.0259259 0.0388021 0.0518519 
0 0.367448 0.437037 0.0369792 0.109259 
0 0.852083 0.275 0.0463542 0.0527778 
0 0.52487 0.65787 0.0513021 0.0425926 
0 0.0321615 0.18125 0.0320312 0.106019 
0 0.750521 0.17963 0.0619792 0.0731481 
0 0.655208 0.104398 0.0510417 0.118056 
0 0.271224 0.642361 0.0565104 0.0800926 
0 0.599609 0.248148 0.0549479 0.0824074 
0 0.244922 0.240509 0.0377604 0.0976852 
0 0.285417 0.490509 0.053125 0.099537 
0 0.76862 0.727546 0.0403646 0.147685 
0 0.808594 0.434028 0.0260417 0.119907 
0 0.426302 0.441898 0.075 0.106944 
0 0.919401 0.680093 0.0408854 0.062963 
0 0.818359 0.787269 0.0268229 0.099537 
0 0.610286 0.205556 0.0528646 0.0648148 
0 0.809115 0.206481 0.0557292 0.062037 
0 0.080599 0.137731 0.0804688 0.0837963 
0 0.217708 0.171528 0.03125 0.105093 
0 0.241797 0.563889 0.0518229 0.0740741 
0 0.770964 0.355787 0.0330729 0.118056 
0 0.985286 0.509028 0.0242187 0.105093 
0 0.321615 0.353935 0.0328125 0.0680556 
0 0.366667 0.0886574 0.075 0.0662037 
0 0.701172 0.118981 0.0341146 0.0703704 
0 0.5375 0.282639 0.0473958 0.0597222 
0 0.114323 0.794213 0.04375 0.0726852 
0 0.696224 0.243287 0.0335938 0.0680556 
0 0.0595052 0.740741 0.0393229 0.0805556 
0 0.176432 0.0273148 0.0830729 0.0546296 
0 0.610807 0.679167 0.0559896 0.0898148 
0 0.620052 0.0518519 0.0411458 0.0990741 
0 0.945312 0.0976852 0.0447917 0.0462963 
0 0.377995 0.276389 0.0242187 0.0712963 
0 0.232682 0.351389 0.0804688 0.0740741 
0 0.211198 0.77963 0.0354167 0.0888889 
0 0.176953 0.258796 0.0523437 0.0740741 
0 0.244792 0.0335648 0.0270833 0.0652778 
0 0.123828 0.239815 0.0486979 0.0509259 
0 0.739714 0.043287 0.0471354 0.0856481 
0 0.653906 0.930556 0.0447917 0.0592593 
0 0.711979 0.0631944 0.05 0.106019 
0 0.134115 0.631481 0.0395833 0.0537037 
0 0.313411 0.859259 0.0429688 0.0981481 
0 0.0139323 0.625694 0.0263021 0.0736111 
0 0.787109 0.0956018 0.0533854 0.100463 
0 0.88724 0.887037 0.0484375 0.0814815 
0 0.509375 0.760417 0.0645833 0.0625 
0 0.0427083 0.46713 0.0515625 0.0675926 
0 0.815365 0.706713 0.0536458 0.0921296 
0 0.563932 0.687037 0.0398437 0.125926 
0 0.0691406 0.0175926 0.0434896 0.0314815 
0 0.513151 0.537731 0.0481771 0.0634259 
0 0.558594 0.232639 0.0421875 0.181019 
0 0.973177 0.0599537 0.0510417 0.0912037 
0 0.324219 0.955787 0.0432292 0.0828704 
0 0.704036 0.716435 0.0424479 0.0782407 
0 0.298438 0.404861 0.034375 0.0717593 
0 0.490234 0.222454 0.0565104 0.114352 
0 0.58112 0.0935185 0.0299479 0.106481 
0 0.847656 0.876389 0.0385417 0.0555556 
0 0.212891 0.358565 0.0450521 0.0569444 
0 0.199609 0.686574 0.0434896 0.0814815 
