0 0.782292 0.901157 0.0484375 0.173611 
0 0.397526 0.806481 0.0518229 0.0574074 
0 0.651823 0.564815 0.0390625 0.153704 
0 0.183203 0.871296 0.0486979 0.167593 
0 0.0196615 0.697917 0.0325521 0.101389 
0 0.0278646 0.955556 0.0557292 0.0703704 
0 0.78763 0.74375 0.0679687 0.0828704 
0 0.604427 0.814352 0.0578125 0.136111 
0 0.669531 0.735648 0.0671875 0.0731481 
0 0.0492188 0.869444 0.0526042 0.0675926 
0 0.806641 0.967824 0.0367187 0.0625 
0 0.0309896 0.397454 0.034375 0.0467593 
0 0.711849 0.286111 0.0315104 0.138889 
0 0.753516 0.875694 0.0429688 0.119907 
0 0.191276 0.678704 0.0289063 0.0675926 
0 0.742708 0.318056 0.0510417 0.119444 
0 0.229687 0.568981 0.0432292 0.139815 
0 0.693359 0.885185 0.0393229 0.0416667 
0 0.583984 0.657176 0.0559896 0.0652778 
