0 0.324219 0.400926 0.0338542 0.0425926 
0 0.816927 0.26713 0.0802083 0.0851852 
0 0.747005 0.105787 0.0924479 0.111574 
0 0.357943 0.121296 0.0226563 0.0601852 
0 0.729036 0.67662 0.0471354 0.0912037 
0 0.48138 0.5375 0.0424479 0.0944444 
0 0.626953 0.327315 0.0476562 0.130556 
0 0.41237 0.32963 0.0513021 0.0555556 
0 0.438932 0.430787 0.0372396 0.0449074 
0 0.417708 0.134028 0.0302083 0.0532407 
0 0.6875 0.228935 0.0338542 0.158796 
0 0.129948 0.231019 0.0390625 0.0685185 
0 0.380599 0.54213 0.0346354 0.0666667 
0 0.759245 0.609259 0.0945313 0.128704 
0 0.311589 0.354398 0.0341146 0.0689815 
0 0.380729 0.444907 0.0302083 0.05 
0 0.563021 0.237037 0.0328125 0.101852 
0 0.161719 0.728704 0.0609375 0.0592593 
0 0.230339 0.634491 0.0502604 0.0847222 
0 0.416016 0.899306 0.0549479 0.0532407 
0 0.597266 0.491667 0.0528646 0.0694444 
0 0.523438 0.721759 0.0385417 0.0833333 
0 0.102734 0.318056 0.0434896 0.062037 
0 0.354427 0.33588 0.0328125 0.0671296 
0 0.732943 0.399769 0.0471354 0.0458333 
0 0.419141 0.223843 0.0289063 0.116204 
0 0.230208 0.30625 0.0291667 0.0449074 
0 0.302344 0.515972 0.0322917 0.0643518 
0 0.680599 0.350926 0.0341146 0.0694444 
0 0.257812 0.0708333 0.0536458 0.0444444 
0 0.365495 0.772917 0.0611979 0.0476852 
0 0.0651042 0.684491 0.0328125 0.0319444 
0 0.783203 0.943519 0.0627604 0.0685185 
0 0.73737 0.0217593 0.0601562 0.0435185 
0 0.580599 0.975463 0.0611979 0.0490741 
0 0.254167 0.469444 0.04375 0.0842593 
0 0.558073 0.541667 0.0364583 0.110185 
0 0.369661 0.202546 0.0559896 0.0458333 
0 0.364193 0.957407 0.0606771 0.0574074 
0 0.257682 0.9 0.0283854 0.0592593 
0 0.450651 0.613426 0.0252604 0.0898148 
0 0.689974 0.77037 0.0398437 0.14537 
0 0.117708 0.840741 0.0354167 0.0509259 
0 0.0182292 0.450231 0.0364583 0.0708333 
0 0.211979 0.0261574 0.0265625 0.050463 
0 0.473828 0.123148 0.0570313 0.110185 
0 0.634245 0.950463 0.0554687 0.0851852 
0 0.161979 0.9375 0.04375 0.0444444 
0 0.547786 0.0474537 0.0320312 0.050463 
0 0.653255 0.559722 0.0393229 0.0694444 
0 0.21224 0.90625 0.046875 0.0680556 
0 0.447526 0.258102 0.0429688 0.0819444 
0 0.602083 0.568519 0.0614583 0.0583333 
0 0.304948 0.284954 0.0260417 0.0800926 
0 0.260026 0.134028 0.0330729 0.0541667 
0 0.164193 0.652778 0.0320312 0.0657407 
0 0.397656 0.0576389 0.0401042 0.0375 
0 0.469661 0.878935 0.0341146 0.0921296 
0 0.536068 0.779398 0.0429688 0.0578704 
0 0.0592448 0.0185185 0.0481771 0.0324074 
