0 0.53125 0.511806 0.0578125 0.13287 
0 0.631771 0.830787 0.0770833 0.108796 
0 0.277734 0.644444 0.0361979 0.169444 
0 0.261458 0.422454 0.0609375 0.0884259 
0 0.473698 0.855324 0.0421875 0.0763889 
0 0.478255 0.599769 0.0513021 0.0800926 
0 0.543359 0.934028 0.0346354 0.121759 
0 0.0411458 0.761111 0.0604167 0.0740741 
0 0.951693 0.432176 0.0346354 0.114352 
0 0.25638 0.929861 0.0450521 0.1375 
0 0.916536 0.794444 0.0330729 0.106481 
0 0.220182 0.536806 0.0664062 0.099537 
0 0.0648438 0.620602 0.0510417 0.0800926 
0 0.203385 0.849306 0.0317708 0.0912037 
0 0.707552 0.9625 0.0697917 0.0703704 
0 0.165365 0.778704 0.0604167 0.0703704 
0 0.483984 0.9375 0.0554687 0.0953704 
0 0.634375 0.934722 0.0385417 0.0472222 
0 0.0259115 0.473611 0.0372396 0.0490741 
0 0.0277344 0.320833 0.0315104 0.062963 
0 0.352865 0.532639 0.0619792 0.0875 
0 0.0635417 0.849537 0.0338542 0.124074 
0 0.974609 0.83287 0.0440104 0.0916667 
0 0.367057 0.969676 0.0388021 0.0606481 
0 0.105859 0.605093 0.0528646 0.0583333 
0 0.207422 0.753009 0.0367187 0.104167 
0 0.676302 0.72662 0.025 0.135648 
0 0.593229 0.513426 0.0447917 0.0962963 
0 0.432161 0.71088 0.0403646 0.0643518 
0 0.338151 0.940046 0.0414063 0.0402778 
0 0.815495 0.578935 0.0674479 0.0773148 
0 0.442578 0.872917 0.0335938 0.0449074 
0 0.787109 0.779167 0.0664062 0.0703704 
0 0.498958 0.71713 0.0635417 0.0666667 
0 0.771484 0.614815 0.0648438 0.0564815 
0 0.0505208 0.166898 0.0411458 0.075463 
0 0.620573 0.528472 0.0395833 0.0375 
0 0.594141 0.731481 0.0434896 0.0962963 
0 0.414583 0.57963 0.046875 0.0435185 
0 0.729036 0.853009 0.0440104 0.0708333 
0 0.572266 0.593287 0.0351562 0.0736111 
0 0.364453 0.763194 0.0434896 0.0449074 
0 0.147526 0.953241 0.0533854 0.0824074 
0 0.376432 0.613194 0.0481771 0.127315 
0 0.0141927 0.728704 0.0278646 0.0611111 
