0 0.446354 0.0451389 0.0505208 0.0893519 
0 0.541016 0.118287 0.0367187 0.0912037 
0 0.76849 0.199537 0.0328125 0.134259 
0 0.730469 0.568056 0.0317708 0.116667 
0 0.688021 0.203704 0.0307292 0.0546296 
0 0.482031 0.182176 0.0588542 0.075463 
0 0.630859 0.464352 0.0559896 0.0666667 
0 0.632292 0.783102 0.0619792 0.106019 
0 0.308984 0.442824 0.0382813 0.0587963 
0 0.420443 0.434259 0.0414063 0.102778 
0 0.623047 0.152778 0.0476562 0.0925926 
0 0.413932 0.337269 0.0278646 0.0384259 
0 0.583984 0.112731 0.0356771 0.136574 
0 0.795964 0.577778 0.0710938 0.117593 
0 0.0407552 0.121991 0.0372396 0.0523148 
0 0.371094 0.35625 0.05625 0.050463 
0 0.442187 0.846065 0.053125 0.075463 
0 0.544531 0.836343 0.0552083 0.0708333 
0 0.709505 0.678935 0.0335938 0.074537 
0 0.567318 0.592824 0.0278646 0.0541667 
0 0.667969 0.600694 0.0697917 0.106944 
0 0.050651 0.803009 0.0341146 0.0476852 
0 0.088151 0.194444 0.0315104 0.0444444 
0 0.272396 0.169907 0.0380208 0.0944444 
0 0.194401 0.939352 0.0440104 0.0472222 
0 0.304948 0.126157 0.0458333 0.0560185 
0 0.357161 0.440278 0.0330729 0.0731481 
0 0.558594 0.358102 0.0578125 0.049537 
0 0.235547 0.468519 0.0257812 0.0416667 
0 0.261068 0.573843 0.0481771 0.0726852 
0 0.366016 0.823843 0.0601562 0.0763889 
0 0.608333 0.357176 0.0609375 0.1125 
0 0.241406 0.0233796 0.0505208 0.0467593 
0 0.17513 0.479167 0.0377604 0.0722222 
0 0.152344 0.838194 0.0625 0.050463 
0 0.381641 0.661111 0.0481771 0.0537037 
0 0.411068 0.518056 0.0570313 0.0425926 
0 0.504948 0.849074 0.0317708 0.110185 
0 0.14974 0.959954 0.0526042 0.0560185 
0 0.602995 0.865046 0.0377604 0.0569444 
0 0.429688 0.786343 0.0692708 0.0671296 
0 0.198047 0.212963 0.0388021 0.0527778 
0 0.123047 0.187037 0.0283854 0.0462963 
0 0.501953 0.4375 0.0372396 0.0638889 
0 0.689062 0.506944 0.025 0.0564815 
0 0.542448 0.756481 0.0354167 0.0722222 
0 0.383724 0.724769 0.0554687 0.0662037 
0 0.516536 0.024537 0.0606771 0.0490741 
0 0.460417 0.339583 0.0526042 0.0708333 
0 0.36875 0.290046 0.0416667 0.074537 
0 0.652344 0.378009 0.0994792 0.0643518 
0 0.668359 0.0240741 0.0388021 0.0481481 
0 0.682682 0.792824 0.0528646 0.0523148 
0 0.236849 0.949537 0.0460938 0.0907407 
0 0.141406 0.620139 0.0552083 0.0828704 
0 0.485807 0.254167 0.0283854 0.0842593 
0 0.378255 0.0625 0.0429688 0.0574074 
0 0.407552 0.250694 0.0333333 0.0458333 
0 0.628516 0.422917 0.0648438 0.0625 
0 0.344922 0.981019 0.0325521 0.037963 
0 0.01875 0.153935 0.0364583 0.0606481 
0 0.0385417 0.642824 0.0333333 0.0606481 
0 0.622526 0.0747685 0.0414063 0.0615741 
0 0.15612 0.21412 0.0341146 0.0847222 
0 0.0291667 0.924537 0.0458333 0.0407407 
0 0.11224 0.288889 0.03125 0.0314815 
0 0.259245 0.729167 0.0346354 0.0685185 
0 0.353255 0.121528 0.0289063 0.0569444 
0 0.175781 0.717361 0.040625 0.075463 
0 0.271745 0.471065 0.0304688 0.0384259 
0 0.238281 0.901157 0.0390625 0.0597222 
0 0.0854167 0.0652778 0.0375 0.0546296 
0 0.634766 0.537037 0.0361979 0.087037 
0 0.122526 0.221065 0.0263021 0.0365741 
0 0.2625 0.813657 0.0302083 0.0782407 
0 0.230599 0.362269 0.0278646 0.0467593 
0 0.461328 0.744444 0.0466146 0.0453704 
0 0.0122396 0.0574074 0.0244792 0.0564815 
0 0.876562 0.743056 0.0604167 0.0685185 
0 0.274219 0.350694 0.0317708 0.0902778 
0 0.0380208 0.593518 0.0322917 0.0564815 
0 0.69375 0.866435 0.0354167 0.0541667 
0 0.102995 0.382176 0.0414063 0.0550926 
0 0.607422 0.961806 0.0778646 0.0708333 
0 0.363281 0.934028 0.0802083 0.0421296 
0 0.022526 0.791204 0.0367187 0.0333333 
0 0.324479 0.334491 0.0276042 0.0634259 
0 0.145313 0.441898 0.0276042 0.0402778 
0 0.110937 0.452778 0.028125 0.0898148 
0 0.316406 0.852083 0.0302083 0.100463 
0 0.197786 0.0601852 0.0236979 0.0722222 
0 0.613802 0.130093 0.0338542 0.0685185 
0 0.744531 0.288194 0.0296875 0.0449074 
0 0.446875 0.49838 0.0291667 0.0523148 
