0 0.961979 0.242824 0.0421875 0.129167 
0 0.9375 0.401157 0.0432292 0.099537 
0 0.874609 0.292361 0.0382813 0.11713 
0 0.329557 0.48912 0.0580729 0.0689815 
0 0.0369792 0.525231 0.0567708 0.103241 
0 0.331771 0.418056 0.0572917 0.0583333 
0 0.408203 0.465278 0.0523437 0.109259 
0 0.553776 0.596296 0.0346354 0.0537037 
0 0.860286 0.0655093 0.0268229 0.0597222 
0 0.981771 0.487963 0.0364583 0.062963 
0 0.186589 0.318981 0.0502604 0.075 
0 0.35599 0.883333 0.0494792 0.0611111 
0 0.937891 0.708333 0.0450521 0.0648148 
0 0.836979 0.479167 0.0307292 0.0953704 
0 0.886328 0.938426 0.0481771 0.05 
0 0.0328125 0.398843 0.0401042 0.0689815 
0 0.822656 0.68588 0.040625 0.0634259 
0 0.634766 0.0888889 0.0247396 0.062037 
0 0.292448 0.372685 0.0484375 0.0898148 
0 0.244401 0.543981 0.0638021 0.0611111 
0 0.777344 0.206019 0.0432292 0.0675926 
0 0.977604 0.0287037 0.0338542 0.0509259 
0 0.70013 0.150463 0.0330729 0.0537037 
0 0.517057 0.287963 0.0455729 0.0685185 
0 0.73099 0.55162 0.0453125 0.0652778 
0 0.583984 0.8125 0.0382813 0.0953704 
0 0.600521 0.359259 0.0661458 0.0722222 
0 0.672786 0.240278 0.0486979 0.119444 
0 0.399089 0.224537 0.0299479 0.0601852 
0 0.600651 0.755556 0.0242187 0.0712963 
0 0.859375 0.353472 0.0244792 0.102315 
0 0.744531 0.438194 0.0630208 0.0634259 
0 0.934115 0.10625 0.0328125 0.0847222 
0 0.0345052 0.626389 0.0429688 0.0481481 
0 0.827083 0.788889 0.0432292 0.0657407 
0 0.541536 0.45787 0.0450521 0.110185 
0 0.195964 0.791204 0.0486979 0.0638889 
0 0.113151 0.544213 0.0611979 0.0884259 
0 0.384766 0.790278 0.0226563 0.0537037 
0 0.25625 0.784722 0.0354167 0.0592593 
0 0.487891 0.275926 0.0299479 0.0472222 
0 0.494792 0.575926 0.0375 0.0648148 
0 0.164323 0.594213 0.0354167 0.075463 
0 0.399479 0.574769 0.0401042 0.0717593 
