0 0.722135 0.681944 0.0614583 0.0916667 
0 0.630339 0.606019 0.0523437 0.0564815 
0 0.901432 0.422222 0.0382813 0.087963 
0 0.464844 0.451389 0.0567708 0.0935185 
0 0.670313 0.855093 0.0395833 0.0777778 
0 0.198177 0.746991 0.046875 0.0782407 
0 0.632812 0.340278 0.0541667 0.0731481 
0 0.783203 0.158565 0.0408854 0.0837963 
0 0.741146 0.506944 0.0390625 0.0694444 
0 0.561979 0.900926 0.053125 0.0694444 
0 0.804167 0.671759 0.0515625 0.0638889 
0 0.807552 0.369907 0.0395833 0.10463 
0 0.717708 0.814583 0.0510417 0.0791667 
0 0.961458 0.495139 0.0390625 0.115278 
0 0.448047 0.633565 0.0518229 0.0671296 
0 0.222005 0.938426 0.0674479 0.112963 
0 0.123958 0.824306 0.0390625 0.0541667 
