0 0.51224 0.543056 0.0348958 0.1 
0 0.585547 0.0861111 0.0460938 0.0648148 
0 0.176302 0.380093 0.040625 0.0731481 
0 0.018099 0.736574 0.0330729 0.0759259 
0 0.214844 0.468287 0.0411458 0.0763889 
0 0.440885 0.275 0.0526042 0.0768519 
0 0.839844 0.458102 0.0385417 0.0680556 
0 0.915625 0.826852 0.0390625 0.0685185 
0 0.743229 0.129167 0.0369792 0.121296 
0 0.449219 0.869676 0.0348958 0.0819444 
0 0.377214 0.334954 0.0309896 0.0921296 
0 0.0440104 0.202546 0.0411458 0.0523148 
0 0.835417 0.0490741 0.0302083 0.0953704 
0 0.44362 0.137731 0.0617188 0.075463 
0 0.263151 0.355093 0.0471354 0.0555556 
0 0.840885 0.343287 0.0395833 0.110648 
0 0.73138 0.61875 0.0471354 0.0634259 
0 0.137891 0.80162 0.0643229 0.0652778 
0 0.727995 0.0266204 0.0570313 0.0532407 
0 0.0647135 0.354398 0.0565104 0.0625 
0 0.875521 0.516435 0.0270833 0.0791667 
0 0.542578 0.141898 0.0247396 0.0847222 
0 0.79388 0.659028 0.0361979 0.128241 
0 0.208333 0.210185 0.0328125 0.101852 
0 0.790495 0.966204 0.0507812 0.0638889 
0 0.340365 0.0675926 0.0572917 0.0425926 
0 0.664062 0.648148 0.0317708 0.062963 
0 0.681641 0.168056 0.0466146 0.0972222 
0 0.327344 0.159259 0.040625 0.0777778 
0 0.153646 0.43912 0.0536458 0.0486111 
0 0.260938 0.967824 0.0552083 0.0606481 
0 0.362109 0.595833 0.0414063 0.0546296 
0 0.778776 0.774769 0.0393229 0.074537 
0 0.0372396 0.78912 0.0338542 0.0708333 
0 0.953125 0.815046 0.0401042 0.0634259 
0 0.216016 0.589815 0.0466146 0.0953704 
0 0.604036 0.575926 0.0585938 0.0787037 
0 0.926823 0.759028 0.0421875 0.0578704 
0 0.252474 0.662963 0.0440104 0.0435185 
0 0.336328 0.898611 0.0278646 0.0805556 
0 0.279036 0.587731 0.0398437 0.0912037 
0 0.778255 0.326157 0.0414063 0.0634259 
0 0.201693 0.980787 0.0533854 0.0384259 
0 0.902734 0.370139 0.0518229 0.074537 
