0 0.8375 0.166667 0.107813 0.147222 
0 0.45026 0.245602 0.0739583 0.140278 
0 0.561979 0.938426 0.0776042 0.062037 
0 0.671875 0.031713 0.0635417 0.0532407 
0 0.590755 0.643981 0.100781 0.0712963 
0 0.601953 0.796528 0.0898438 0.0643518 
0 0.803646 0.867361 0.0359375 0.0912037 
0 0.707422 0.378009 0.0841146 0.0615741 
0 0.221615 0.816435 0.0640625 0.0467593 
0 0.678776 0.256944 0.102344 0.165741 
0 0.456901 0.388657 0.0533854 0.099537 
0 0.505859 0.755556 0.0466146 0.141667 
0 0.595182 0.0787037 0.0419271 0.0953704 
0 0.753906 0.396759 0.0552083 0.0574074 
0 0.539974 0.181019 0.0450521 0.0657407 
0 0.056901 0.553472 0.0356771 0.0634259 
0 0.427214 0.0333333 0.0341146 0.0657407 
0 0.472005 0.567824 0.0497396 0.0662037 
0 0.638281 0.473148 0.0328125 0.0444444 
0 0.258073 0.562732 0.0484375 0.0939815 
0 0.315234 0.578935 0.0872396 0.049537 
0 0.102734 0.946991 0.0419271 0.0569444 
0 0.35026 0.64838 0.0416667 0.0467593 
0 0.712891 0.568981 0.0398437 0.0731481 
0 0.313542 0.464583 0.059375 0.0671296 
0 0.208464 0.0472222 0.0867188 0.0666667 
0 0.763151 0.024537 0.0513021 0.0490741 
0 0.267578 0.959954 0.0325521 0.0699074 
0 0.238802 0.611111 0.0348958 0.0722222 
0 0.11901 0.302546 0.046875 0.0587963 
0 0.386979 0.654398 0.0421875 0.0986111 
0 0.316406 0.153472 0.0520833 0.101389 
0 0.0726563 0.784722 0.0447917 0.0574074 
0 0.174219 0.889815 0.0682292 0.0842593 
0 0.0186198 0.0701389 0.0294271 0.0773148 
0 0.052474 0.971296 0.0471354 0.0509259 
0 0.540495 0.612037 0.0950521 0.0888889 
0 0.157813 0.0729167 0.0380208 0.099537 
0 0.17487 0.401389 0.0315104 0.0851852 
0 0.483594 0.102315 0.0447917 0.0953704 
0 0.449609 0.946065 0.0382813 0.0902778 
