0 0.755859 0.354167 0.0424479 0.106481 
0 0.546484 0.362037 0.0684896 0.0638889 
0 0.685547 0.21088 0.0330729 0.118056 
0 0.189453 0.30787 0.0533854 0.0685185 
0 0.354948 0.370602 0.0447917 0.0439815 
0 0.698177 0.530787 0.0614583 0.0634259 
0 0.18737 0.771528 0.0367187 0.0810185 
0 0.5 0.546991 0.0354167 0.111574 
0 0.864714 0.278704 0.0434896 0.105556 
0 0.350781 0.470139 0.0651042 0.0699074 
0 0.732422 0.603241 0.0361979 0.0685185 
0 0.861328 0.347222 0.0309896 0.0722222 
0 0.166276 0.862963 0.0408854 0.0759259 
0 0.233203 0.475 0.0648438 0.126852 
0 0.823828 0.810648 0.0393229 0.0444444 
0 0.291406 0.440972 0.0489583 0.0652778 
0 0.887109 0.817361 0.0414063 0.074537 
0 0.589323 0.753009 0.0416667 0.075463 
0 0.239453 0.248611 0.0299479 0.101852 
0 0.614193 0.34213 0.0341146 0.141667 
0 0.170312 0.685417 0.0458333 0.0578704 
0 0.679688 0.780324 0.0526042 0.0421296 
0 0.065625 0.57338 0.0276042 0.0958333 
0 0.221354 0.679167 0.0447917 0.0814815 
0 0.643099 0.514352 0.0294271 0.0731481 
0 0.497526 0.85162 0.0450521 0.0986111 
0 0.454688 0.730093 0.0489583 0.0944444 
0 0.70599 0.686343 0.040625 0.0513889 
0 0.272396 0.693056 0.0359375 0.125 
0 0.19388 0.492824 0.0341146 0.134722 
0 0.879948 0.497685 0.0447917 0.0583333 
0 0.140104 0.527778 0.0494792 0.0861111 
0 0.385286 0.406481 0.0273438 0.112037 
0 0.402214 0.669907 0.0330729 0.0601852 
