0 0.419792 0.825231 0.03125 0.0541667 
0 0.329557 0.773611 0.0382813 0.0462963 
0 0.471745 0.8625 0.0533854 0.0592593 
0 0.597135 0.81412 0.046875 0.0726852 
0 0.0776042 0.716204 0.0401042 0.05 
0 0.424089 0.289352 0.0403646 0.0574074 
0 0.0324219 0.212037 0.0492188 0.0555556 
0 0.310286 0.0604167 0.0382813 0.101389 
0 0.838411 0.922685 0.0518229 0.0990741 
0 0.679688 0.83125 0.040625 0.0856481 
0 0.450911 0.598611 0.0403646 0.112963 
0 0.317578 0.860185 0.0351562 0.0509259 
0 0.353125 0.895833 0.0484375 0.0787037 
0 0.1875 0.124074 0.0614583 0.0712963 
0 0.384766 0.205787 0.0309896 0.0958333 
0 0.189583 0.979398 0.0354167 0.0412037 
0 0.176432 0.309028 0.0424479 0.0689815 
0 0.482682 0.950463 0.0507812 0.0888889 
0 0.0204427 0.832407 0.0398437 0.0611111 
0 0.385807 0.409491 0.0497396 0.0486111 
