0 0.615234 0.271991 0.0674479 0.0587963 
0 0.614323 0.848148 0.0359375 0.0657407 
0 0.559635 0.505787 0.0333333 0.104167 
0 0.579167 0.628935 0.0317708 0.0856481 
0 0.569271 0.39537 0.071875 0.0675926 
0 0.219792 0.697917 0.04375 0.0708333 
0 0.796484 0.245602 0.0570313 0.156944 
0 0.720703 0.347222 0.0372396 0.0574074 
0 0.323698 0.504398 0.046875 0.0680556 
0 0.724219 0.940972 0.0348958 0.0791667 
0 0.875 0.593056 0.0661458 0.0768519 
0 0.0352865 0.590741 0.0554687 0.0740741 
0 0.602083 0.0958333 0.0348958 0.0657407 
0 0.742188 0.246065 0.0526042 0.0560185 
0 0.789062 0.669213 0.034375 0.0662037 
0 0.604036 0.75162 0.0533854 0.0773148 
0 0.54974 0.714815 0.0479167 0.0425926 
0 0.0384115 0.692824 0.0507812 0.074537 
0 0.66263 0.559722 0.0549479 0.0537037 
0 0.267318 0.670139 0.0533854 0.0828704 
0 0.34987 0.750463 0.0398437 0.0824074 
0 0.743229 0.556944 0.0453125 0.0824074 
0 0.442578 0.871759 0.0523437 0.0944444 
0 0.441146 0.963426 0.0432292 0.0601852 
0 0.148568 0.489583 0.0294271 0.0569444 
0 0.936458 0.587037 0.046875 0.0759259 
0 0.826693 0.918287 0.0549479 0.0819444 
0 0.851562 0.796759 0.078125 0.0787037 
0 0.516146 0.492361 0.040625 0.0828704 
0 0.729948 0.709259 0.0432292 0.0824074 
0 0.285156 0.361806 0.0546875 0.049537 
0 0.411328 0.466204 0.0429688 0.0657407 
0 0.485156 0.511574 0.0510417 0.0898148 
0 0.191536 0.649306 0.0356771 0.0726852 
