0 0.785677 0.790046 0.0484375 0.104167 
0 0.814453 0.737731 0.0528646 0.193981 
0 0.663151 0.108565 0.0486979 0.154167 
0 0.543359 0.22662 0.0320312 0.0689815 
0 0.80612 0.376389 0.120052 0.0824074 
0 0.330339 0.408333 0.0335938 0.0833333 
0 0.489974 0.577546 0.0330729 0.114352 
0 0.769531 0.932176 0.0515625 0.123611 
0 0.427083 0.484259 0.0536458 0.0861111 
0 0.828125 0.960185 0.0588542 0.0759259 
0 0.619141 0.642361 0.0377604 0.120833 
0 0.808594 0.259259 0.0333333 0.0898148 
0 0.119792 0.0319444 0.0364583 0.0638889 
0 0.115495 0.145833 0.0325521 0.0962963 
0 0.775911 0.118056 0.0539063 0.176852 
0 0.410156 0.70463 0.0296875 0.0407407 
0 0.435547 0.774074 0.0330729 0.0583333 
0 0.275651 0.647917 0.0382813 0.0439815 
0 0.263672 0.427546 0.0304688 0.0643518 
0 0.707031 0.27037 0.0682292 0.106481 
0 0.207292 0.89838 0.0317708 0.0967593 
0 0.707031 0.346528 0.0505208 0.0569444 
0 0.578516 0.459259 0.0429688 0.0527778 
0 0.657161 0.972917 0.0554687 0.0541667 
0 0.060026 0.760417 0.0481771 0.0671296 
0 0.333724 0.762963 0.0554687 0.0944444 
0 0.714844 0.637037 0.0515625 0.0731481 
0 0.400911 0.732639 0.0476562 0.0421296 
0 0.473177 0.646296 0.040625 0.0444444 
0 0.530859 0.321759 0.0330729 0.0712963 
0 0.663542 0.306019 0.0395833 0.0601852 
0 0.29987 0.266435 0.0591146 0.0680556 
0 0.63763 0.536111 0.0434896 0.0462963 
0 0.359115 0.795139 0.0645833 0.0782407 
0 0.547396 0.0983796 0.0364583 0.0569444 
0 0.305469 0.0474537 0.0536458 0.0402778 
0 0.291276 0.375926 0.0539063 0.0574074 
0 0.557552 0.609028 0.0354167 0.146759 
0 0.354036 0.293981 0.0455729 0.0546296 
0 0.172266 0.122685 0.0419271 0.109259 
0 0.475521 0.956481 0.0526042 0.0851852 
0 0.45013 0.118519 0.0424479 0.0527778 
0 0.442839 0.877315 0.0533854 0.0805556 
0 0.271094 0.780324 0.0359375 0.0921296 
0 0.0200521 0.173611 0.0401042 0.0416667 
0 0.238542 0.693981 0.059375 0.0444444 
0 0.511719 0.968056 0.053125 0.0601852 
0 0.301562 0.658796 0.0244792 0.0935185 
0 0.747656 0.969213 0.0463542 0.0615741 
0 0.897917 0.0780093 0.046875 0.0606481 
0 0.148177 0.0509259 0.0380208 0.0851852 
0 0.621094 0.0518519 0.0317708 0.05 
