0 0.598177 0.654167 0.0958333 0.127778 
0 0.687891 0.264583 0.0471354 0.125463 
0 0.419922 0.35463 0.0731771 0.0564815 
0 0.712891 0.212963 0.0330729 0.173148 
0 0.740234 0.777778 0.0664062 0.112963 
0 0.451172 0.0761574 0.0611979 0.0930556 
0 0.450651 0.933102 0.0690104 0.11713 
0 0.51901 0.433333 0.0723958 0.062037 
0 0.563021 0.213194 0.0447917 0.0717593 
0 0.303646 0.852546 0.0640625 0.0634259 
0 0.479297 0.37963 0.0252604 0.123148 
0 0.755339 0.0282407 0.0388021 0.0564815 
0 0.32526 0.423148 0.03125 0.0527778 
0 0.452865 0.57037 0.0526042 0.106481 
0 0.319141 0.147917 0.0679687 0.114352 
0 0.223958 0.489583 0.0380208 0.103241 
0 0.259505 0.244907 0.0372396 0.0685185 
0 0.40013 0.0761574 0.0330729 0.14213 
0 0.198177 0.940972 0.046875 0.099537 
0 0.509766 0.840741 0.0361979 0.0648148 
0 0.375911 0.738194 0.0450521 0.181944 
0 0.508203 0.13588 0.0549479 0.119907 
0 0.409505 0.251852 0.0440104 0.0555556 
0 0.196484 0.224074 0.0580729 0.0925926 
0 0.659245 0.190741 0.0320312 0.0555556 
0 0.554688 0.480787 0.0411458 0.0662037 
0 0.041276 0.594213 0.0601562 0.0763889 
0 0.644141 0.0805556 0.0221354 0.0842593 
0 0.202734 0.307176 0.0575521 0.0662037 
0 0.613281 0.425926 0.0953125 0.062037 
0 0.182812 0.756019 0.0765625 0.0666667 
0 0.134766 0.431481 0.0716146 0.062037 
0 0.636719 0.130093 0.0411458 0.0611111 
0 0.158203 0.354861 0.0455729 0.0606481 
0 0.701172 0.640972 0.0789063 0.0791667 
0 0.274089 0.508102 0.0289063 0.0800926 
0 0.308073 0.9375 0.046875 0.116667 
0 0.172786 0.490046 0.0372396 0.0467593 
0 0.0739583 0.961806 0.0786458 0.0726852 
0 0.0545573 0.0652778 0.0351562 0.0444444 
0 0.0201823 0.50625 0.0388021 0.0699074 
0 0.0134115 0.225 0.0257812 0.100926 
0 0.596224 0.0409722 0.0455729 0.0467593 
0 0.712891 0.075 0.0414063 0.0722222 
0 0.523958 0.0305556 0.028125 0.0611111 
0 0.0835937 0.901157 0.0552083 0.0958333 
0 0.434766 0.673611 0.0559896 0.0703704 
0 0.104948 0.739583 0.0442708 0.109722 
0 0.82526 0.025463 0.0348958 0.0509259 
0 0.606901 0.124306 0.0309896 0.0652778 
0 0.140885 0.155787 0.0401042 0.0782407 
