0 0.642578 0.709954 0.0492188 0.0680556 
0 0.902734 0.516204 0.0617188 0.114815 
0 0.807161 0.713889 0.0611979 0.0962963 
0 0.662109 0.559028 0.0518229 0.0671296 
0 0.379687 0.819444 0.0526042 0.0740741 
0 0.453776 0.735648 0.0481771 0.087963 
0 0.56888 0.536574 0.0533854 0.117593 
0 0.0380208 0.635417 0.0578125 0.0921296 
0 0.948177 0.711343 0.0614583 0.0615741 
0 0.576172 0.801389 0.0445312 0.1 
0 0.860807 0.753009 0.0596354 0.0976852 
0 0.726042 0.837731 0.0442708 0.1125 
0 0.915495 0.923611 0.0377604 0.10463 
0 0.937891 0.468287 0.0346354 0.102315 
0 0.96875 0.338657 0.0526042 0.0652778 
0 0.112891 0.61713 0.0554687 0.108333 
0 0.371615 0.932176 0.0505208 0.102315 
0 0.197656 0.884954 0.0484375 0.075463 
