0 0.738281 0.816204 0.0770833 0.137963 
0 0.232031 0.712963 0.0557292 0.114815 
0 0.282031 0.810185 0.0635417 0.0657407 
0 0.322526 0.947917 0.0794271 0.103241 
0 0.863281 0.0453704 0.0661458 0.0888889 
0 0.80625 0.294213 0.0348958 0.0523148 
0 0.897005 0.571528 0.0559896 0.0967593 
0 0.692839 0.934722 0.0419271 0.126852 
0 0.21875 0.515972 0.0359375 0.143056 
0 0.0729167 0.969676 0.0536458 0.0606481 
0 0.110417 0.398148 0.078125 0.0842593 
0 0.429167 0.98125 0.0786458 0.0375 
0 0.234896 0.626389 0.0359375 0.0759259 
0 0.650781 0.949537 0.0380208 0.0916667 
0 0.307292 0.583333 0.0338542 0.0472222 
0 0.0341146 0.712269 0.0296875 0.0625 
0 0.261719 0.96875 0.046875 0.0550926 
