0 0.843359 0.293056 0.104427 0.134259 
0 0.632812 0.0511574 0.0515625 0.102315 
0 0.83112 0.130093 0.173698 0.142593 
0 0.758724 0.515741 0.0565104 0.062037 
0 0.722656 0.679167 0.0390625 0.0814815 
0 0.597266 0.754398 0.0924479 0.0726852 
0 0.453906 0.345602 0.0625 0.141204 
0 0.210547 0.125 0.0914062 0.0740741 
0 0.510286 0.884491 0.0450521 0.129167 
0 0.545833 0.296991 0.0411458 0.0689815 
0 0.809635 0.96875 0.0307292 0.0569444 
0 0.645964 0.577083 0.0351562 0.049537 
0 0.434766 0.105093 0.0335938 0.137037 
0 0.608854 0.895833 0.0890625 0.062037 
0 0.480078 0.666667 0.0476562 0.0712963 
0 0.222917 0.894213 0.0609375 0.0486111 
0 0.49388 0.203935 0.0440104 0.106019 
0 0.549349 0.0902778 0.0372396 0.0972222 
0 0.602995 0.175231 0.0450521 0.0921296 
0 0.680208 0.132639 0.0661458 0.0569444 
0 0.711849 0.470139 0.0872396 0.0680556 
0 0.242188 0.425694 0.0354167 0.0949074 
0 0.46263 0.485417 0.0476562 0.0837963 
0 0.502344 0.0527778 0.0416667 0.0694444 
0 0.549349 0.222222 0.0268229 0.105556 
0 0.313281 0.660648 0.0901042 0.0601852 
0 0.352344 0.730787 0.0458333 0.0430556 
0 0.621615 0.299537 0.0234375 0.062037 
0 0.173568 0.464583 0.0268229 0.0865741 
0 0.282422 0.0717593 0.0716146 0.0592593 
0 0.238281 0.686111 0.0328125 0.0777778 
0 0.15599 0.147454 0.0307292 0.0902778 
0 0.698698 0.274537 0.0276042 0.0333333 
0 0.0617188 0.983102 0.0302083 0.0337963 
0 0.124089 0.0668981 0.0393229 0.0736111 
0 0.021875 0.128009 0.0338542 0.0791667 
0 0.0644531 0.846991 0.0518229 0.0550926 
0 0.65 0.196065 0.0322917 0.0652778 
0 0.257812 0.474537 0.0520833 0.05 
0 0.70612 0.366204 0.0669271 0.0842593 
0 0.314714 0.511343 0.0440104 0.0458333 
0 0.0427083 0.0393519 0.0614583 0.075 
0 0.635677 0.520833 0.0526042 0.0592593 
0 0.260156 0.637731 0.0479167 0.0893519 
0 0.0533854 0.44213 0.0364583 0.0324074 
0 0.316016 0.558565 0.0658854 0.0550926 
0 0.309115 0.212963 0.0322917 0.0851852 
0 0.151172 0.878935 0.0471354 0.0643518 
0 0.101302 0.886574 0.0598958 0.0583333 
0 0.0716146 0.78912 0.0520833 0.0773148 
0 0.390104 0.720139 0.0473958 0.0949074 
0 0.220573 0.208565 0.08125 0.0680556 
0 0.566406 0.57037 0.040625 0.0805556 
0 0.673828 0.409954 0.0914062 0.138426 
0 0.660677 0.427546 0.0598958 0.105093 
0 0.0384115 0.370139 0.0356771 0.0523148 
