0 0.86276 0.602546 0.0630208 0.0856481 
0 0.797786 0.795833 0.0481771 0.0694444 
0 0.512109 0.359491 0.0638021 0.0939815 
0 0.319271 0.774769 0.053125 0.0800926 
0 0.754297 0.100926 0.0627604 0.087963 
0 0.0257812 0.714352 0.0484375 0.0685185 
0 0.663021 0.348148 0.0583333 0.0787037 
0 0.645052 0.55162 0.0359375 0.0699074 
0 0.963281 0.280093 0.040625 0.103704 
0 0.611328 0.879398 0.0679687 0.074537 
0 0.530339 0.25 0.0429688 0.062963 
0 0.285547 0.596296 0.0361979 0.0666667 
0 0.718359 0.738194 0.0341146 0.115278 
0 0.988281 0.394907 0.0197917 0.0953704 
0 0.601562 0.960185 0.04375 0.0768519 
0 0.890625 0.840741 0.028125 0.0796296 
0 0.975 0.7625 0.0322917 0.0981481 
0 0.774479 0.697917 0.0526042 0.075463 
0 0.488021 0.797685 0.0234375 0.0962963 
0 0.445573 0.390972 0.0364583 0.0763889 
0 0.639063 0.782639 0.0552083 0.0625 
0 0.522917 0.878472 0.0244792 0.103241 
0 0.502474 0.953935 0.0320312 0.0865741 
0 0.632812 0.40787 0.0463542 0.0638889 
0 0.439193 0.863194 0.0591146 0.0847222 
0 0.614714 0.166898 0.0278646 0.0569444 
0 0.0398437 0.618519 0.0588542 0.0638889 
0 0.542969 0.460417 0.0661458 0.0634259 
0 0.0644531 0.961806 0.0367187 0.0708333 
0 0.191797 0.618056 0.0502604 0.075 
0 0.36862 0.672222 0.0419271 0.05 
0 0.134896 0.768287 0.0416667 0.0884259 
0 0.808594 0.158102 0.0390625 0.0439815 
0 0.578125 0.346759 0.0322917 0.111111 
0 0.158464 0.71875 0.0361979 0.0847222 
0 0.675781 0.503472 0.0291667 0.0986111 
0 0.986719 0.213657 0.0239583 0.0893519 
0 0.332031 0.630093 0.0302083 0.0787037 
0 0.90625 0.118519 0.0375 0.0462963 
0 0.672266 0.708565 0.0309896 0.103241 
0 0.832552 0.879398 0.04375 0.074537 
0 0.696224 0.896759 0.0382813 0.115741 
0 0.671354 0.45625 0.0385417 0.0569444 
