0 0.322917 0.0331019 0.0286458 0.0643518 
0 0.0239583 0.0310185 0.0463542 0.0601852 
0 0.673828 0.523148 0.0351562 0.0648148 
0 0.83737 0.0412037 0.0460938 0.0509259 
0 0.914062 0.0236111 0.028125 0.0472222 
0 0.981771 0.711806 0.0364583 0.0930556 
0 0.796484 0.0993056 0.0268229 0.0634259 
0 0.341276 0.175 0.0388021 0.0657407 
0 0.941927 0.350694 0.0427083 0.0643518 
0 0.795313 0.199074 0.0463542 0.0657407 
0 0.41237 0.581944 0.0283854 0.0546296 
0 0.568359 0.589352 0.0429688 0.0731481 
0 0.55026 0.147222 0.0395833 0.0574074 
0 0.0910156 0.21875 0.0309896 0.0569444 
0 0.482031 0.0483796 0.0473958 0.0902778 
0 0.135286 0.130093 0.0377604 0.0527778 
0 0.983594 0.0418981 0.0328125 0.074537 
0 0.372005 0.458333 0.0393229 0.0416667 
0 0.447266 0.119907 0.0424479 0.0611111 
0 0.476562 0.343519 0.0416667 0.0703704 
0 0.51276 0.634954 0.0479167 0.0837963 
0 0.902865 0.087037 0.0546875 0.0703704 
0 0.642187 0.254167 0.0401042 0.0481481 
0 0.681641 0.215972 0.0361979 0.0819444 
0 0.136589 0.0189815 0.0351562 0.037963 
0 0.511719 0.283333 0.0333333 0.0796296 
0 0.817839 0.263194 0.0398437 0.0550926 
