0 0.806641 0.819444 0.0710938 0.137963 
0 0.719661 0.900926 0.0315104 0.121296 
0 0.946745 0.174074 0.105469 0.121296 
0 0.631901 0.672222 0.0398437 0.0675926 
0 0.699219 0.180093 0.0817708 0.116667 
0 0.415755 0.831713 0.0330729 0.0643518 
0 0.449219 0.491204 0.0411458 0.0740741 
0 0.792057 0.0451389 0.0757812 0.0828704 
0 0.178906 0.17963 0.0380208 0.0574074 
0 0.732422 0.506019 0.0653646 0.110185 
0 0.392578 0.383565 0.0450521 0.0662037 
0 0.089974 0.450463 0.0424479 0.0527778 
0 0.411198 0.907176 0.040625 0.111574 
0 0.45013 0.709259 0.0684896 0.0731481 
0 0.824609 0.65463 0.0424479 0.113889 
0 0.0804688 0.298148 0.0375 0.0583333 
0 0.722656 0.0546296 0.0291667 0.109259 
0 0.75 0.641898 0.0901042 0.0689815 
0 0.373698 0.899306 0.0520833 0.0513889 
0 0.778906 0.114815 0.0359375 0.0666667 
0 0.46875 0.593518 0.0348958 0.0648148 
0 0.479036 0.381019 0.0513021 0.0546296 
0 0.395833 0.11088 0.0265625 0.0615741 
0 0.761719 0.977083 0.0390625 0.0458333 
0 0.286328 0.268056 0.0419271 0.0611111 
0 0.789974 0.595139 0.0372396 0.0671296 
0 0.670964 0.503009 0.0367187 0.141204 
0 0.73776 0.799769 0.0348958 0.16713 
0 0.603906 0.761574 0.05625 0.0953704 
0 0.0828125 0.687037 0.0302083 0.0509259 
0 0.186979 0.26412 0.0479167 0.0458333 
0 0.0888021 0.560417 0.0427083 0.0365741 
0 0.0447917 0.163194 0.0416667 0.0449074 
0 0.274609 0.349537 0.0445312 0.0407407 
0 0.292708 0.728241 0.0604167 0.0361111 
0 0.0420573 0.72037 0.0414063 0.0388889 
0 0.494661 0.810417 0.0664062 0.0541667 
0 0.542057 0.617361 0.0304688 0.0930556 
0 0.145573 0.928009 0.0536458 0.0587963 
0 0.308594 0.509491 0.034375 0.0541667 
0 0.36276 0.18912 0.0432292 0.0625 
0 0.294141 0.0666667 0.0367187 0.0944444 
0 0.504427 0.0849537 0.0421875 0.0597222 
0 0.376042 0.450926 0.0328125 0.0490741 
0 0.257943 0.0458333 0.0424479 0.075 
0 0.471354 0.323611 0.0651042 0.062963 
0 0.158203 0.418287 0.0341146 0.0587963 
0 0.577604 0.259491 0.0359375 0.0634259 
0 0.22474 0.336343 0.0552083 0.0541667 
0 0.110677 0.715972 0.0427083 0.0717593 
0 0.613281 0.620139 0.0411458 0.0541667 
0 0.386198 0.0493056 0.0239583 0.0930556 
0 0.144792 0.353935 0.0411458 0.0569444 
0 0.681641 0.0266204 0.0398437 0.0523148 
0 0.214974 0.936574 0.0606771 0.0648148 
0 0.138672 0.717361 0.0580729 0.0699074 
0 0.510286 0.940972 0.0263021 0.0726852 
0 0.791536 0.750926 0.0283854 0.0296296 
0 0.369661 0.802546 0.0507812 0.0967593 
0 0.364453 0.64537 0.0361979 0.0916667 
0 0.979557 0.766667 0.0382813 0.0583333 
0 0.117578 0.82338 0.0455729 0.0569444 
0 0.0132813 0.55162 0.0265625 0.0458333 
0 0.476432 0.450463 0.0242187 0.0851852 
0 0.603516 0.844213 0.0403646 0.0467593 
0 0.114974 0.502546 0.0481771 0.0467593 
0 0.585547 0.883333 0.0544271 0.0833333 
0 0.751953 0.0453704 0.0257812 0.087037 
0 0.207031 0.795602 0.0338542 0.0421296 
0 0.0578125 0.746991 0.0369792 0.0615741 
0 0.735286 0.221296 0.0799479 0.0842593 
0 0.372526 0.533565 0.0289063 0.11713 
0 0.544531 0.897454 0.04375 0.131944 
0 0.227865 0.46412 0.0359375 0.0356481 
0 0.835547 0.203241 0.0377604 0.10463 
0 0.0372396 0.301157 0.0385417 0.0615741 
0 0.445182 0.635417 0.0559896 0.0615741 
0 0.0190104 0.101389 0.034375 0.0768519 
0 0.427083 0.582407 0.03125 0.0592593 
0 0.803255 0.446065 0.0513021 0.104167 
0 0.533594 0.767361 0.0354167 0.0532407 
0 0.42526 0.0384259 0.0447917 0.0398148 
0 0.427474 0.446759 0.0299479 0.0685185 
