0 0.889193 0.83287 0.0747396 0.133333 
0 0.848177 0.948611 0.0380208 0.102778 
0 0.366146 0.545139 0.0333333 0.134722 
0 0.202734 0.758796 0.0315104 0.0685185 
0 0.368099 0.745833 0.0455729 0.115741 
0 0.433594 0.838194 0.0645833 0.0726852 
0 0.323177 0.577315 0.028125 0.0935185 
0 0.973177 0.4375 0.0536458 0.0453704 
0 0.963411 0.306713 0.0429688 0.0532407 
0 0.689453 0.750463 0.0346354 0.0787037 
0 0.160677 0.741435 0.0234375 0.0791667 
0 0.473698 0.961806 0.0791667 0.075463 
0 0.369401 0.654398 0.0382813 0.0763889 
0 0.421354 0.508796 0.0276042 0.0703704 
0 0.438021 0.608565 0.0317708 0.0486111 
