0 0.0428385 0.693056 0.0497396 0.249074 
0 0.539062 0.653704 0.0536458 0.162037 
0 0.911068 0.518981 0.0497396 0.150926 
0 0.569271 0.262269 0.0588542 0.1125 
0 0.770443 0.82037 0.0507812 0.0768519 
0 0.302344 0.774306 0.0895833 0.131944 
0 0.703646 0.853241 0.0890625 0.126852 
0 0.811068 0.641204 0.0403646 0.0731481 
0 0.744661 0.469213 0.0591146 0.130093 
0 0.764583 0.542824 0.096875 0.1125 
0 0.365234 0.632407 0.0565104 0.115741 
0 0.761198 0.656018 0.0651042 0.0648148 
0 0.491406 0.849074 0.0859375 0.15 
0 0.902344 0.743056 0.0802083 0.110185 
0 0.272005 0.690972 0.0471354 0.11713 
0 0.180469 0.815046 0.04375 0.175463 
0 0.358203 0.856713 0.0882813 0.100463 
0 0.408203 0.712269 0.0460938 0.0865741 
0 0.641146 0.88125 0.0703125 0.118981 
0 0.917969 0.822685 0.0515625 0.0759259 
0 0.553255 0.914815 0.0507812 0.114815 
0 0.29401 0.969676 0.0546875 0.0597222 
0 0.566406 0.574769 0.0541667 0.172685 
0 0.88138 0.930556 0.0544271 0.0740741 
