0 0.542057 0.963426 0.0554687 0.0731481 
0 0.240104 0.825926 0.0604167 0.0787037 
0 0.0335938 0.84537 0.0567708 0.0925926 
0 0.69388 0.644907 0.0513021 0.0638889 
0 0.803776 0.371296 0.0497396 0.12963 
0 0.938411 0.512731 0.0710938 0.0791667 
0 0.397526 0.740972 0.0429688 0.106019 
0 0.937891 0.322222 0.0695312 0.0675926 
0 0.64401 0.814815 0.0380208 0.0851852 
0 0.947266 0.607407 0.0606771 0.0833333 
0 0.563932 0.756481 0.0372396 0.0861111 
0 0.350521 0.583796 0.065625 0.122222 
0 0.730078 0.419213 0.0695312 0.129167 
0 0.106771 0.831713 0.0583333 0.0763889 
0 0.423307 0.844444 0.0658854 0.0962963 
0 0.864844 0.89838 0.0411458 0.074537 
