0 0.454818 0.0918982 0.0341146 0.0837963 
0 0.743229 0.934954 0.0458333 0.075463 
0 0.713932 0.899306 0.0492188 0.0587963 
0 0.54987 0.187963 0.0419271 0.118519 
0 0.21263 0.5 0.0403646 0.0731481 
0 0.70612 0.641898 0.0507812 0.126389 
0 0.414583 0.814583 0.0572917 0.111574 
0 0.680078 0.35463 0.0502604 0.0564815 
0 0.620573 0.655324 0.0322917 0.0671296 
0 0.386719 0.384028 0.0338542 0.0800926 
0 0.48099 0.391435 0.0338542 0.0958333 
0 0.0143229 0.954861 0.028125 0.0606481 
0 0.489323 0.461806 0.0375 0.0615741 
0 0.65625 0.176389 0.0661458 0.0592593 
0 0.383073 0.185648 0.0546875 0.0851852 
0 0.369922 0.310417 0.0283854 0.0671296 
0 0.64362 0.467824 0.0273438 0.0902778 
0 0.244922 0.777315 0.0429688 0.0425926 
0 0.752474 0.446296 0.0294271 0.105556 
0 0.579036 0.1 0.0476562 0.062037 
0 0.185547 0.268287 0.0460938 0.0560185 
0 0.601042 0.608102 0.0296875 0.0680556 
0 0.323958 0.408565 0.0291667 0.0513889 
0 0.563932 0.449769 0.0606771 0.0606481 
0 0.581641 0.340509 0.0367187 0.0569444 
0 0.365495 0.933102 0.0388021 0.0421296 
0 0.49388 0.871991 0.0408854 0.0782407 
0 0.263281 0.150694 0.0307292 0.050463 
0 0.523438 0.0233796 0.0505208 0.0467593 
0 0.257552 0.183796 0.0296875 0.037963 
0 0.63763 0.905324 0.0554687 0.0606481 
0 0.83737 0.304167 0.0226563 0.0388889 
0 0.171224 0.984028 0.0320312 0.0319444 
0 0.269271 0.903472 0.0369792 0.0726852 
0 0.857422 0.763889 0.0278646 0.0666667 
0 0.0903646 0.113889 0.0333333 0.0759259 
0 0.377865 0.242824 0.0427083 0.0393519 
0 0.339323 0.888889 0.0401042 0.0472222 
0 0.649479 0.983565 0.0692708 0.0328704 
0 0.0755208 0.686806 0.0432292 0.0467593 
0 0.330599 0.126389 0.0231771 0.0935185 
0 0.442839 0.503935 0.0315104 0.0708333 
0 0.0563802 0.14375 0.0299479 0.0523148 
