0 0.411849 0.6875 0.0497396 0.0583333 
0 0.655729 0.845139 0.053125 0.0708333 
0 0.305729 0.497222 0.0307292 0.0435185 
0 0.572786 0.749074 0.0294271 0.0462963 
0 0.764583 0.287269 0.0567708 0.0662037 
0 0.743229 0.0203704 0.0385417 0.0398148 
0 0.18125 0.227083 0.0416667 0.0662037 
0 0.61862 0.871065 0.0377604 0.0662037 
0 0.200521 0.857176 0.0395833 0.050463 
0 0.527344 0.235648 0.0348958 0.0425926 
0 0.661068 0.306481 0.0377604 0.0592593 
0 0.302995 0.242824 0.0341146 0.0625 
0 0.358333 0.234722 0.0364583 0.0398148 
0 0.526823 0.328009 0.046875 0.0763889 
0 0.485156 0.215278 0.0348958 0.0490741 
0 0.361589 0.841204 0.0382813 0.0435185 
0 0.693359 0.552778 0.0247396 0.0601852 
0 0.475391 0.530324 0.0236979 0.0837963 
0 0.502865 0.598148 0.040625 0.0462963 
0 0.266536 0.964352 0.0440104 0.0398148 
0 0.632292 0.203704 0.0286458 0.1 
0 0.684505 0.178935 0.0476562 0.0486111 
0 0.452604 0.884491 0.0302083 0.0606481 
0 0.526953 0.103009 0.0367187 0.0810185 
0 0.732031 0.496528 0.0651042 0.0523148 
0 0.113672 0.109491 0.0403646 0.0356481 
0 0.678125 0.267824 0.0411458 0.101389 
0 0.114714 0.221991 0.0382813 0.0476852 
0 0.428646 0.765972 0.0447917 0.0625 
0 0.191927 0.778704 0.0453125 0.0453704 
0 0.23112 0.407176 0.0330729 0.0587963 
0 0.745573 0.79213 0.03125 0.0898148 
0 0.607422 0.0215278 0.0283854 0.0430556 
0 0.880339 0.112037 0.0252604 0.0472222 
0 0.115495 0.837269 0.0393229 0.0625 
0 0.636719 0.0268519 0.0307292 0.0537037 
0 0.667969 0.502083 0.0421875 0.0393519 
0 0.539062 0.477546 0.0234375 0.0726852 
0 0.347396 0.69838 0.0328125 0.0430556 
0 0.652344 0.380093 0.0229167 0.0814815 
0 0.388281 0.0604167 0.0291667 0.0541667 
0 0.433073 0.603241 0.0286458 0.0601852 
0 0.96237 0.855556 0.0492188 0.062963 
0 0.527865 0.72662 0.0328125 0.074537 
0 0.392578 0.444907 0.0507812 0.0407407 
0 0.604036 0.948843 0.0226563 0.0819444 
0 0.145182 0.902778 0.0403646 0.0518519 
0 0.269271 0.744907 0.0244792 0.0703704 
0 0.301302 0.352546 0.0322917 0.0458333 
0 0.141146 0.0662037 0.0390625 0.0481481 
0 0.415495 0.186343 0.0377604 0.0402778 
0 0.094401 0.162731 0.0471354 0.0412037 
0 0.657682 0.580787 0.0445312 0.075463 
0 0.460026 0.46088 0.0393229 0.0449074 
0 0.499349 0.153704 0.0289063 0.0583333 
0 0.122135 0.285648 0.03125 0.0462963 
0 0.33112 0.374074 0.0695312 0.0425926 
0 0.534766 0.776389 0.0294271 0.0462963 
0 0.185807 0.373843 0.0341146 0.0384259 
0 0.252604 0.043287 0.0510417 0.0541667 
0 0.716797 0.552083 0.0257812 0.0532407 
0 0.698177 0.143981 0.0348958 0.0824074 
0 0.427474 0.978935 0.0502604 0.0421296 
