0 0.920443 0.883565 0.0570313 0.1125 
0 0.613281 0.206713 0.0515625 0.14213 
0 0.0669271 0.338426 0.0427083 0.087037 
0 0.165104 0.956713 0.059375 0.0819444 
0 0.807682 0.518287 0.0841146 0.0791667 
0 0.542057 0.25 0.0606771 0.0648148 
0 0.686979 0.804398 0.0604167 0.121759 
0 0.108333 0.843287 0.0458333 0.105093 
0 0.0463542 0.210417 0.0796875 0.154167 
0 0.126693 0.103009 0.0481771 0.074537 
0 0.854036 0.138426 0.0398437 0.0731481 
0 0.955078 0.516898 0.0455729 0.0986111 
0 0.58112 0.678472 0.0710938 0.0791667 
0 0.748568 0.880556 0.0580729 0.107407 
0 0.0446615 0.525926 0.0549479 0.105556 
0 0.638151 0.788657 0.0289063 0.0736111 
0 0.0533854 0.074537 0.0552083 0.132407 
0 0.121745 0.935648 0.0361979 0.05 
