0 0.328385 0.0581019 0.0546875 0.106019 
0 0.0789063 0.236806 0.034375 0.118981 
0 0.766146 0.517593 0.06875 0.1 
0 0.911719 0.363426 0.0911458 0.110185 
0 0.935026 0.0967593 0.0434896 0.102778 
0 0.497917 0.0453704 0.078125 0.0759259 
0 0.755859 0.640741 0.0721354 0.149074 
0 0.0768229 0.30787 0.0645833 0.0703704 
0 0.680208 0.17338 0.0864583 0.099537 
0 0.573177 0.245139 0.0458333 0.0967593 
0 0.693359 0.0548611 0.0429688 0.10787 
0 0.507292 0.840741 0.05 0.0916667 
0 0.800781 0.0340278 0.0661458 0.0680556 
0 0.144792 0.0465278 0.0322917 0.0884259 
0 0.20026 0.52037 0.0447917 0.0990741 
0 0.195312 0.868519 0.0427083 0.136111 
0 0.0979167 0.0467593 0.0541667 0.0694444 
0 0.584375 0.953935 0.0385417 0.0912037 
0 0.648958 0.0453704 0.0645833 0.0722222 
0 0.0916667 0.530324 0.05625 0.0800926 
0 0.805599 0.22963 0.114844 0.0833333 
0 0.0111979 0.113426 0.0192708 0.160185 
0 0.344271 0.557639 0.0307292 0.135648 
0 0.179297 0.151852 0.0611979 0.0851852 
0 0.407682 0.691898 0.0372396 0.148611 
0 0.274479 0.229861 0.0953125 0.0782407 
0 0.765625 0.253009 0.0427083 0.0986111 
0 0.0348958 0.577315 0.0567708 0.0916667 
0 0.246615 0.0594907 0.0458333 0.0930556 
0 0.314974 0.520833 0.0502604 0.0638889 
0 0.180729 0.657639 0.0479167 0.0736111 
0 0.972656 0.287269 0.0515625 0.166204 
0 0.616146 0.762963 0.0541667 0.0574074 
0 0.359375 0.863657 0.0494792 0.10787 
0 0.265625 0.78125 0.0411458 0.131019 
0 0.674349 0.411806 0.0773437 0.0717593 
0 0.290495 0.750926 0.0513021 0.139815 
