0 0.245964 0.737731 0.0361979 0.143981 
0 0.60013 0.791204 0.0513021 0.128704 
0 0.34401 0.900926 0.0510417 0.132407 
0 0.132552 0.459722 0.0729167 0.0722222 
0 0.31276 0.766898 0.0333333 0.0828704 
0 0.345182 0.53912 0.0705729 0.0569444 
0 0.865755 0.565278 0.0888021 0.0759259 
0 0.962891 0.946991 0.0591146 0.100463 
0 0.160547 0.124537 0.0403646 0.118519 
0 0.972656 0.853241 0.0364583 0.115741 
0 0.95599 0.709954 0.059375 0.0893519 
0 0.0710938 0.764583 0.0833333 0.101389 
0 0.590365 0.50787 0.0348958 0.0888889 
0 0.433984 0.865046 0.0674479 0.102315 
0 0.505859 0.733565 0.0763021 0.0597222 
0 0.553255 0.927083 0.0575521 0.0717593 
0 0.0875 0.877315 0.0359375 0.122222 
0 0.195964 0.78912 0.0486979 0.128241 
0 0.785156 0.972222 0.0375 0.0555556 
0 0.10599 0.807639 0.071875 0.0736111 
0 0.770573 0.84375 0.034375 0.075463 
0 0.765625 0.408565 0.0526042 0.0625 
0 0.586849 0.965278 0.0513021 0.0648148 
