0 0.477604 0.221065 0.0453125 0.118981 
0 0.0973958 0.477778 0.0848958 0.122222 
0 0.587891 0.156019 0.0825521 0.150926 
0 0.789062 0.269213 0.0375 0.194907 
0 0.607943 0.246991 0.10599 0.0958333 
0 0.0244792 0.513889 0.0447917 0.205556 
0 0.796875 0.509259 0.0708333 0.12037 
0 0.932031 0.250231 0.03125 0.0606481 
0 0.138802 0.360648 0.0572917 0.10463 
0 0.535156 0.72338 0.0307292 0.151389 
0 0.260807 0.661574 0.0658854 0.12037 
0 0.551693 0.440046 0.0799479 0.11713 
0 0.207161 0.3375 0.0643229 0.103704 
0 0.588411 0.804167 0.0502604 0.105556 
0 0.829557 0.591667 0.0591146 0.102778 
0 0.0957031 0.207639 0.0513021 0.0476852 
0 0.857422 0.39375 0.0794271 0.0800926 
0 0.191276 0.416435 0.0950521 0.0810185 
0 0.1875 0.569444 0.0973958 0.0953704 
0 0.521484 0.566898 0.0815104 0.120833 
0 0.110677 0.105787 0.0432292 0.0467593 
0 0.0449219 0.882639 0.0742188 0.0810185 
0 0.976302 0.364352 0.0473958 0.0583333 
0 0.236328 0.490972 0.0877604 0.0902778 
0 0.704167 0.403241 0.0421875 0.087963 
0 0.395703 0.306944 0.0513021 0.296296 
0 0.426693 0.667361 0.0419271 0.113426 
0 0.926823 0.161806 0.0598958 0.0578704 
0 0.815365 0.758333 0.0546875 0.101852 
0 0.129688 0.87662 0.0864583 0.0689815 
0 0.16237 0.725231 0.0533854 0.0763889 
0 0.913151 0.748148 0.0507812 0.112037 
0 0.640234 0.56412 0.0528646 0.106944 
0 0.0372396 0.0479167 0.0322917 0.0634259 
0 0.086849 0.762037 0.0388021 0.12037 
0 0.771484 0.704861 0.0596354 0.0865741 
0 0.862891 0.307176 0.0877604 0.0782407 
0 0.910156 0.612963 0.04375 0.124074 
0 0.645573 0.902083 0.0364583 0.0791667 
0 0.307031 0.250694 0.0536458 0.049537 
0 0.907812 0.419213 0.0291667 0.147685 
0 0.535156 0.173148 0.0442708 0.185185 
0 0.578646 0.403472 0.0296875 0.0606481 
0 0.730469 0.786574 0.0630208 0.0851852 
0 0.404557 0.416667 0.0403646 0.107407 
0 0.239063 0.923611 0.0375 0.139815 
0 0.965885 0.681019 0.0588542 0.114815 
0 0.494661 0.949537 0.0544271 0.0601852 
0 0.835417 0.909028 0.0541667 0.110648 
0 0.336719 0.823843 0.0484375 0.100463 
0 0.11888 0.971991 0.0653646 0.0560185 
0 0.300781 0.928009 0.0817708 0.131944 
