0 0.804688 0.93125 0.183854 0.120833 
0 0.595703 0.61713 0.0919271 0.15463 
0 0.805729 0.211111 0.0421875 0.0916667 
0 0.383594 0.52338 0.0395833 0.104167 
0 0.472656 0.596528 0.0411458 0.109722 
0 0.0957031 0.483565 0.0335938 0.075463 
0 0.744141 0.429167 0.111198 0.116667 
0 0.566927 0.0912037 0.0338542 0.175 
0 0.49362 0.869213 0.0356771 0.183796 
0 0.436328 0.819907 0.0419271 0.103704 
0 0.274479 0.630093 0.0552083 0.0805556 
0 0.398438 0.385648 0.0401042 0.0759259 
0 0.21849 0.0645833 0.0385417 0.0532407 
0 0.669922 0.940046 0.0778646 0.0986111 
0 0.308333 0.353935 0.0369792 0.0773148 
0 0.264062 0.299306 0.05 0.075463 
0 0.607031 0.136111 0.0427083 0.205556 
0 0.267057 0.885417 0.0580729 0.0513889 
0 0.513672 0.604167 0.0346354 0.161111 
0 0.403646 0.622222 0.0364583 0.15463 
0 0.643099 0.619676 0.0658854 0.0412037 
0 0.259766 0.0243056 0.0367187 0.0476852 
0 0.426562 0.962731 0.0604167 0.0717593 
0 0.529818 0.712731 0.0445312 0.0708333 
0 0.085026 0.236574 0.0565104 0.0611111 
0 0.134115 0.454861 0.0578125 0.049537 
0 0.228385 0.164583 0.065625 0.0662037 
0 0.040625 0.675463 0.0651042 0.0814815 
0 0.329036 0.0891204 0.0606771 0.0550926 
0 0.407031 0.816204 0.0546875 0.162037 
0 0.47526 0.331481 0.05 0.0675926 
0 0.190234 0.454861 0.0273438 0.102315 
0 0.334766 0.259954 0.0846354 0.0476852 
0 0.176823 0.352083 0.0317708 0.0893519 
0 0.1625 0.508796 0.0692708 0.0648148 
0 0.484766 0.145833 0.0309896 0.0611111 
0 0.0648438 0.158796 0.0640625 0.0462963 
0 0.170182 0.164583 0.0424479 0.0430556 
0 0.658724 0.773843 0.0330729 0.0560185 
0 0.169792 0.225 0.0625 0.0666667 
0 0.638281 0.0548611 0.0588542 0.100463 
0 0.184505 0.761806 0.0403646 0.0921296 
