0 0.548828 0.625463 0.0289063 0.0925926 
0 0.192057 0.697222 0.0471354 0.0703704 
0 0.686068 0.352546 0.0372396 0.0634259 
0 0.52487 0.490046 0.0341146 0.118981 
0 0.580599 0.272917 0.0684896 0.0625 
0 0.476172 0.49838 0.0419271 0.101389 
0 0.291927 0.494907 0.0463542 0.0722222 
0 0.690885 0.705787 0.0505208 0.0958333 
0 0.58737 0.841204 0.0414063 0.0805556 
0 0.635156 0.434722 0.0369792 0.0861111 
0 0.791406 0.915972 0.0557292 0.0736111 
0 0.901432 0.580556 0.0492188 0.0814815 
0 0.217708 0.489583 0.0578125 0.128241 
0 0.820312 0.796065 0.0755208 0.0763889 
0 0.417188 0.883565 0.0473958 0.106019 
0 0.53125 0.395833 0.0697917 0.062963 
0 0.694271 0.934722 0.0359375 0.0712963 
0 0.495703 0.576852 0.0460938 0.0898148 
0 0.24375 0.660648 0.0484375 0.0722222 
0 0.856901 0.90625 0.0460938 0.0819444 
