0 0.579687 0.785185 0.0359375 0.0675926 
0 0.707031 0.495602 0.0359375 0.0587963 
0 0.148958 0.211806 0.040625 0.0569444 
0 0.82526 0.760417 0.0567708 0.0652778 
0 0.76224 0.037037 0.0442708 0.0740741 
0 0.546354 0.369907 0.0536458 0.0824074 
0 0.258333 0.423611 0.0239583 0.0777778 
0 0.673828 0.127315 0.0695312 0.0740741 
0 0.769531 0.577315 0.0364583 0.0796296 
0 0.736849 0.174306 0.0320312 0.0486111 
0 0.112109 0.099537 0.0341146 0.114815 
0 0.650911 0.220139 0.0294271 0.0597222 
0 0.458073 0.328935 0.0260417 0.119907 
0 0.592318 0.195139 0.0601562 0.0671296 
0 0.554688 0.0284722 0.0421875 0.0523148 
0 0.113411 0.39537 0.0658854 0.0546296 
0 0.982422 0.121296 0.0341146 0.0731481 
0 0.769141 0.0949074 0.0346354 0.107407 
0 0.115365 0.286111 0.0515625 0.1 
0 0.380078 0.666204 0.0309896 0.062037 
0 0.721745 0.827315 0.0325521 0.0842593 
0 0.807031 0.403241 0.0385417 0.0898148 
0 0.653776 0.168519 0.0429688 0.0472222 
0 0.315885 0.244907 0.0286458 0.100926 
0 0.466406 0.720602 0.0296875 0.0782407 
0 0.731901 0.470833 0.0278646 0.0796296 
0 0.0424479 0.324074 0.0411458 0.0731481 
0 0.414974 0.871065 0.0335938 0.0541667 
0 0.666016 0.59838 0.0221354 0.0837963 
0 0.583984 0.693287 0.0242187 0.0606481 
0 0.971224 0.338194 0.0367187 0.0532407 
0 0.307031 0.344444 0.0536458 0.0805556 
0 0.795833 0.62662 0.0401042 0.0671296 
0 0.835938 0.0685185 0.0239583 0.0796296 
0 0.333984 0.690972 0.0382813 0.0763889 
0 0.0467448 0.407639 0.0325521 0.0689815 
0 0.126693 0.48125 0.0377604 0.0800926 
0 0.570312 0.891435 0.0260417 0.0643518 
0 0.721224 0.359722 0.0330729 0.062037 
0 0.794531 0.0986111 0.0395833 0.10463 
0 0.222396 0.25162 0.0411458 0.0634259 
0 0.634766 0.741204 0.0315104 0.0675926 
0 0.223177 0.45625 0.0609375 0.0606481 
0 0.516536 0.240046 0.0299479 0.0671296 
0 0.495182 0.355093 0.0346354 0.122222 
0 0.25638 0.0453704 0.0408854 0.0777778 
0 0.583073 0.326389 0.0302083 0.0990741 
0 0.977995 0.896528 0.0283854 0.0587963 
0 0.614323 0.878935 0.0515625 0.0513889 
0 0.704167 0.956481 0.0375 0.0805556 
0 0.907292 0.0645833 0.0328125 0.0958333 
0 0.528255 0.696528 0.0278646 0.0930556 
0 0.611328 0.0372685 0.0549479 0.0449074 
0 0.59375 0.257639 0.046875 0.0458333 
0 0.119271 0.875926 0.0401042 0.0490741 
0 0.607422 0.462731 0.0539063 0.0467593 
0 0.697786 0.603009 0.0330729 0.0569444 
0 0.679167 0.741204 0.0302083 0.062963 
0 0.269531 0.745139 0.0427083 0.0615741 
0 0.70599 0.708333 0.0359375 0.062963 
0 0.771484 0.373148 0.0403646 0.0472222 
0 0.192448 0.592824 0.0255208 0.104167 
0 0.0920573 0.484491 0.0325521 0.0837963 
0 0.528776 0.897685 0.0372396 0.062037 
0 0.0393229 0.696065 0.0348958 0.0902778 
0 0.730469 0.767593 0.040625 0.0805556 
0 0.358203 0.934722 0.0403646 0.0518519 
0 0.11862 0.585185 0.0325521 0.0685185 
0 0.230208 0.671528 0.0333333 0.0791667 
0 0.767187 0.224769 0.05625 0.0634259 
0 0.602474 0.587731 0.0445312 0.0902778 
0 0.524349 0.418519 0.0382813 0.0592593 
