0 0.10013 0.51088 0.0544271 0.10787 
0 0.221875 0.908796 0.0645833 0.118519 
0 0.571224 0.916667 0.0486979 0.0611111 
0 0.422266 0.942593 0.0434896 0.10463 
0 0.771484 0.963426 0.0669271 0.0666667 
0 0.662109 0.299306 0.0747396 0.099537 
0 0.0391927 0.519907 0.0361979 0.132407 
0 0.0864583 0.267593 0.0510417 0.0666667 
0 0.194271 0.736111 0.0328125 0.121296 
0 0.363542 0.703009 0.0505208 0.0773148 
0 0.86276 0.93588 0.0427083 0.0837963 
0 0.627474 0.637269 0.107031 0.074537 
0 0.92526 0.96412 0.0567708 0.0717593 
0 0.263672 0.711806 0.0690104 0.0550926 
0 0.640625 0.494676 0.0338542 0.0967593 
