0 0.54987 0.200694 0.0544271 0.104167 
0 0.601042 0.171065 0.0614583 0.102315 
0 0.803255 0.404861 0.0419271 0.0449074 
0 0.542969 0.652778 0.0630208 0.087037 
0 0.340365 0.356713 0.0380208 0.0449074 
0 0.0220052 0.624537 0.0341146 0.0675926 
0 0.654818 0.630787 0.0408854 0.0699074 
0 0.432682 0.738657 0.0377604 0.0569444 
0 0.651823 0.366898 0.0427083 0.0486111 
0 0.255599 0.59375 0.0429688 0.0532407 
0 0.491667 0.878472 0.034375 0.108796 
0 0.670443 0.163194 0.0434896 0.0708333 
0 0.474349 0.324306 0.0513021 0.0699074 
0 0.182943 0.0675926 0.0726563 0.0657407 
0 0.0292969 0.0483796 0.0419271 0.0523148 
0 0.69974 0.214352 0.053125 0.0574074 
0 0.725521 0.78588 0.0442708 0.0513889 
0 0.370833 0.374769 0.034375 0.0810185 
0 0.423047 0.289815 0.0367187 0.0518519 
0 0.51263 0.514815 0.0289063 0.105556 
0 0.738802 0.0386574 0.0307292 0.0402778 
0 0.48737 0.647222 0.0507812 0.111111 
0 0.346615 0.788657 0.0390625 0.0810185 
0 0.607943 0.538426 0.0539063 0.062037 
0 0.416016 0.609954 0.0466146 0.0856481 
0 0.217057 0.494444 0.0528646 0.0453704 
0 0.310937 0.386806 0.0395833 0.0513889 
0 0.260547 0.800231 0.0408854 0.0587963 
0 0.582552 0.280787 0.084375 0.0541667 
0 0.0985677 0.456944 0.0315104 0.0805556 
0 0.194141 0.794213 0.0580729 0.0800926 
0 0.361068 0.855093 0.0325521 0.125 
0 0.0833333 0.6875 0.0369792 0.0444444 
0 0.33099 0.880093 0.0260417 0.0453704 
0 0.716276 0.0636574 0.0403646 0.0421296 
0 0.138411 0.781713 0.0341146 0.0828704 
0 0.211068 0.648843 0.0315104 0.0439815 
0 0.0339844 0.489583 0.0294271 0.0902778 
0 0.528776 0.771065 0.0434896 0.0773148 
0 0.101432 0.97963 0.0408854 0.0407407 
0 0.0648438 0.269444 0.0463542 0.0490741 
0 0.571745 0.975694 0.0460938 0.0476852 
0 0.160807 0.638426 0.0643229 0.037037 
0 0.75 0.977546 0.0375 0.0449074 
0 0.392839 0.77037 0.0710938 0.0509259 
0 0.0647135 0.897454 0.0263021 0.0541667 
0 0.0177083 0.978472 0.0354167 0.0402778 
0 0.790625 0.757407 0.111979 0.130556 
0 0.083724 0.925463 0.0388021 0.0583333 
0 0.743229 0.406481 0.0338542 0.137963 
0 0.400781 0.268519 0.0213542 0.0962963 
0 0.115755 0.675463 0.0231771 0.0509259 
0 0.929688 0.675926 0.0369792 0.0574074 
0 0.628906 0.515509 0.0473958 0.0578704 
0 0.67487 0.285185 0.0351562 0.142593 
0 0.238672 0.736111 0.0335938 0.0453704 
0 0.00989583 0.0923611 0.0182292 0.0958333 
0 0.105339 0.153472 0.0356771 0.0782407 
0 0.085026 0.144907 0.0523437 0.087963 
