0 0.0326823 0.423148 0.0408854 0.0916667 
0 0.717708 0.068287 0.0505208 0.118981 
0 0.670443 0.0391204 0.0424479 0.0773148 
0 0.878906 0.4 0.04375 0.134259 
0 0.98138 0.222685 0.0341146 0.0851852 
0 0.916016 0.167361 0.0752604 0.0967593 
0 0.845703 0.455787 0.0768229 0.108796 
0 0.209115 0.511111 0.0338542 0.0777778 
0 0.802344 0.29537 0.0557292 0.0731481 
0 0.566927 0.601852 0.034375 0.0722222 
0 0.0356771 0.236806 0.0348958 0.124537 
0 0.46875 0.343981 0.0317708 0.087963 
0 0.957031 0.428935 0.034375 0.0819444 
0 0.175911 0.561806 0.0388021 0.0791667 
0 0.664062 0.651852 0.0421875 0.115741 
0 0.0641927 0.578935 0.0356771 0.0763889 
0 0.984375 0.77037 0.0286458 0.0907407 
0 0.584896 0.518981 0.040625 0.0805556 
0 0.527865 0.0615741 0.0791667 0.0648148 
0 0.0951823 0.454398 0.0341146 0.118981 
0 0.496615 0.452083 0.0588542 0.0560185 
0 0.739323 0.684028 0.0494792 0.10787 
0 0.0983073 0.60162 0.0414063 0.0837963 
0 0.971094 0.335417 0.0572917 0.0847222 
0 0.551302 0.418287 0.0307292 0.0587963 
0 0.979036 0.697454 0.0403646 0.050463 
0 0.399479 0.518287 0.0557292 0.0578704 
0 0.311719 0.197685 0.0885417 0.087037 
0 0.416536 0.226157 0.0502604 0.0569444 
0 0.846745 0.264352 0.0356771 0.0861111 
0 0.642187 0.519213 0.0567708 0.0680556 
0 0.0273438 0.513889 0.05 0.0537037 
0 0.585026 0.778241 0.0408854 0.103704 
0 0.183724 0.1625 0.0903646 0.0611111 
0 0.869141 0.598611 0.0351562 0.0796296 
0 0.872526 0.0263889 0.0601562 0.0527778 
0 0.339974 0.478241 0.0539063 0.0851852 
0 0.403255 0.384259 0.0450521 0.0648148 
0 0.458464 0.674537 0.0591146 0.062963 
0 0.919922 0.855787 0.0408854 0.0652778 
0 0.0575521 0.479167 0.0364583 0.0907407 
0 0.519531 0.157639 0.0328125 0.0986111 
0 0.263411 0.45625 0.0351562 0.0578704 
0 0.829167 0.840509 0.0348958 0.100463 
0 0.324219 0.374306 0.053125 0.0587963 
0 0.151432 0.430093 0.0283854 0.0768519 
0 0.759375 0.130093 0.0651042 0.0583333 
0 0.296615 0.704398 0.0364583 0.103241 
0 0.335156 0.304398 0.0427083 0.105093 
0 0.0967448 0.0960648 0.0533854 0.0902778 
0 0.797786 0.19537 0.0299479 0.114815 
0 0.189193 0.629398 0.0200521 0.0634259 
0 0.417969 0.85463 0.0348958 0.0444444 
0 0.310156 0.815278 0.0411458 0.0694444 
0 0.182552 0.243287 0.0458333 0.114352 
0 0.923828 0.546991 0.0513021 0.130093 
0 0.715365 0.187037 0.0552083 0.0583333 
0 0.98737 0.125463 0.0221354 0.0777778 
0 0.948698 0.491204 0.0427083 0.0574074 
0 0.791536 0.924537 0.0257812 0.0916667 
0 0.497396 0.85787 0.0432292 0.0648148 
0 0.767969 0.371759 0.046875 0.0490741 
0 0.388672 0.136343 0.0679687 0.0736111 
0 0.215885 0.726157 0.034375 0.104167 
0 0.555208 0.155093 0.028125 0.125926 
0 0.835938 0.0912037 0.0484375 0.0657407 
0 0.82474 0.568519 0.0583333 0.0574074 
0 0.740234 0.396759 0.0257812 0.0648148 
0 0.0397135 0.080787 0.0367187 0.0726852 
0 0.709505 0.73912 0.0367187 0.0662037 
0 0.974609 0.634028 0.0497396 0.0800926 
0 0.599609 0.372917 0.0585938 0.0726852 
0 0.390885 0.750463 0.0479167 0.103704 
0 0.30612 0.618519 0.0424479 0.0805556 
0 0.548828 0.871759 0.0330729 0.0916667 
0 0.796875 0.462269 0.0385417 0.0643518 
0 0.101693 0.968056 0.0460938 0.0601852 
0 0.439714 0.548611 0.0320312 0.108333 
0 0.595182 0.271065 0.0299479 0.108796 
0 0.595703 0.921065 0.0445312 0.0763889 
0 0.208464 0.584954 0.0315104 0.0560185 
