0 0.646484 0.349306 0.0481771 0.133796 
0 0.295182 0.854861 0.0341146 0.0828704 
0 0.520052 0.625694 0.0453125 0.0773148 
0 0.61224 0.955787 0.0322917 0.0689815 
0 0.376693 0.650231 0.0585938 0.0578704 
0 0.606901 0.25463 0.0575521 0.106481 
0 0.690495 0.831713 0.0518229 0.0569444 
0 0.396615 0.899306 0.0510417 0.0569444 
0 0.431901 0.318981 0.0434896 0.0416667 
0 0.325911 0.158796 0.0367187 0.112037 
0 0.359375 0.0960648 0.0364583 0.0467593 
0 0.686068 0.0513889 0.0455729 0.0675926 
0 0.63724 0.678241 0.0317708 0.0407407 
0 0.452474 0.684028 0.0382813 0.129167 
0 0.181901 0.16875 0.0549479 0.0634259 
0 0.723698 0.3625 0.028125 0.135185 
0 0.278906 0.337731 0.0635417 0.0458333 
0 0.614323 0.622454 0.0473958 0.0967593 
0 0.443359 0.546296 0.0539063 0.0583333 
0 0.536589 0.115046 0.0388021 0.0763889 
0 0.495313 0.471759 0.0520833 0.062963 
0 0.716406 0.612963 0.0354167 0.0453704 
0 0.2375 0.763426 0.0463542 0.0518519 
0 0.300391 0.025 0.0585938 0.05 
0 0.630859 0.778472 0.0278646 0.0393519 
0 0.585938 0.856944 0.0328125 0.127778 
0 0.230729 0.152778 0.0385417 0.0574074 
0 0.573828 0.395833 0.0554687 0.0685185 
0 0.553776 0.622685 0.0330729 0.0444444 
0 0.645052 0.450463 0.0520833 0.0574074 
0 0.132943 0.42963 0.0414063 0.0444444 
0 0.392578 0.0261574 0.0403646 0.0523148 
0 0.240885 0.887963 0.0640625 0.0435185 
0 0.614193 0.0837963 0.0377604 0.161111 
0 0.260286 0.113426 0.0325521 0.0925926 
0 0.384766 0.244213 0.0481771 0.0597222 
0 0.715755 0.922917 0.0523437 0.102315 
0 0.347396 0.056713 0.0296875 0.0467593 
0 0.278776 0.516898 0.0450521 0.0671296 
0 0.733333 0.0831019 0.0421875 0.0986111 
0 0.557161 0.899306 0.0434896 0.0486111 
0 0.142057 0.898611 0.0419271 0.0601852 
0 0.199219 0.0782407 0.0421875 0.0425926 
0 0.558594 0.0347222 0.034375 0.0694444 
0 0.498958 0.251389 0.0380208 0.0657407 
0 0.43151 0.862731 0.0234375 0.0865741 
0 0.241667 0.982639 0.075 0.0347222 
0 0.698307 0.979861 0.0768229 0.0402778 
0 0.148177 0.612037 0.0354167 0.0407407 
0 0.426432 0.634954 0.0231771 0.0560185 
0 0.349609 0.584954 0.0367187 0.0560185 
0 0.557552 0.967824 0.0447917 0.0476852 
0 0.167187 0.569444 0.0369792 0.0546296 
0 0.483203 0.0328704 0.0591146 0.0638889 
0 0.151042 0.0344907 0.034375 0.0587963 
0 0.405339 0.0944444 0.0643229 0.0527778 
0 0.101042 0.729167 0.0479167 0.0435185 
