0 0.333724 0.707407 0.0903646 0.102778 
0 0.341146 0.799306 0.0427083 0.11713 
0 0.960026 0.683796 0.0367187 0.111111 
0 0.31276 0.260185 0.0348958 0.118519 
0 0.842318 0.462269 0.0658854 0.101389 
0 0.80625 0.953241 0.0614583 0.0648148 
0 0.14987 0.940972 0.0664062 0.074537 
0 0.717839 0.821991 0.0367187 0.0513889 
0 0.859896 0.847222 0.0395833 0.0981481 
0 0.380599 0.793981 0.0341146 0.162037 
0 0.6875 0.684028 0.03125 0.0671296 
0 0.666016 0.798611 0.0325521 0.0972222 
0 0.222396 0.961806 0.078125 0.075463 
0 0.279557 0.896759 0.0643229 0.0805556 
0 0.856901 0.950694 0.0554687 0.0652778 
0 0.249609 0.290741 0.0315104 0.0935185 
0 0.0852865 0.886343 0.0429688 0.118981 
0 0.551172 0.887731 0.0507812 0.176389 
0 0.970182 0.50787 0.0419271 0.103704 
0 0.23138 0.718056 0.0955729 0.0675926 
0 0.168359 0.875 0.0320312 0.107407 
0 0.705599 0.980787 0.0455729 0.0384259 
0 0.0817708 0.70625 0.0682292 0.0791667 
0 0.799349 0.694907 0.0325521 0.0722222 
