0 0.64987 0.279167 0.0486979 0.112037 
0 0.838932 0.807407 0.0445312 0.075 
0 0.742188 0.404861 0.0604167 0.0847222 
0 0.957422 0.139352 0.0518229 0.132407 
0 0.864323 0.341898 0.0348958 0.0810185 
0 0.917969 0.375463 0.0333333 0.118519 
0 0.410156 0.133333 0.0442708 0.0685185 
0 0.488281 0.292824 0.0390625 0.111574 
0 0.0575521 0.552546 0.0588542 0.114352 
0 0.0516927 0.185185 0.0705729 0.105556 
0 0.815885 0.567361 0.0427083 0.0550926 
0 0.746615 0.51875 0.0354167 0.0717593 
0 0.809115 0.35463 0.04375 0.0611111 
0 0.315885 0.724769 0.0364583 0.0662037 
0 0.822656 0.483565 0.0744792 0.0625 
0 0.359635 0.339815 0.0578125 0.0592593 
0 0.746094 0.621991 0.0479167 0.0986111 
0 0.366276 0.416204 0.0315104 0.0675926 
0 0.53125 0.461806 0.0395833 0.123611 
0 0.25 0.401852 0.0567708 0.0490741 
0 0.708464 0.490741 0.0393229 0.0935185 
0 0.132292 0.403009 0.0552083 0.0708333 
0 0.471745 0.74375 0.0460938 0.0736111 
0 0.620573 0.734491 0.0369792 0.0736111 
0 0.401563 0.632407 0.0338542 0.110185 
0 0.244531 0.325694 0.0322917 0.0930556 
0 0.696224 0.597222 0.0382813 0.0824074 
0 0.640104 0.439815 0.0291667 0.087037 
0 0.369792 0.287037 0.0515625 0.0490741 
0 0.445833 0.515278 0.0427083 0.0740741 
