0 0.24388 0.813426 0.0429688 0.101852 
0 0.0747396 0.317593 0.028125 0.0666667 
0 0.0641927 0.256481 0.0736979 0.0759259 
0 0.367969 0.684028 0.0291667 0.130093 
0 0.233854 0.368287 0.0307292 0.128241 
0 0.361328 0.789583 0.0518229 0.0800926 
0 0.391146 0.95787 0.053125 0.0842593 
0 0.219922 0.104861 0.0570313 0.106944 
0 0.586458 0.887963 0.0421875 0.131481 
0 0.813932 0.52037 0.0320312 0.0675926 
0 0.688932 0.356713 0.0523437 0.11713 
0 0.866276 0.0884259 0.0638021 0.0814815 
0 0.31862 0.899306 0.0414063 0.0939815 
0 0.0398437 0.426852 0.0234375 0.0527778 
0 0.85651 0.249074 0.0453125 0.0953704 
0 0.301823 0.0939815 0.0286458 0.0805556 
0 0.654297 0.955556 0.0341146 0.0861111 
0 0.303125 0.820833 0.0567708 0.126852 
0 0.75 0.353009 0.0838542 0.0689815 
0 0.0480469 0.691435 0.0351562 0.0773148 
0 0.13776 0.305787 0.0385417 0.11713 
0 0.605469 0.401852 0.059375 0.0916667 
0 0.274349 0.352546 0.0382813 0.111574 
0 0.688021 0.810417 0.0927083 0.0856481 
0 0.885807 0.44375 0.0789063 0.0643518 
0 0.306641 0.279167 0.0440104 0.110185 
0 0.651823 0.087037 0.0291667 0.10463 
0 0.815495 0.941898 0.0507812 0.108796 
0 0.623568 0.678472 0.0356771 0.140278 
0 0.307682 0.50463 0.0700521 0.0601852 
0 0.61862 0.0423611 0.0346354 0.0847222 
0 0.771484 0.845833 0.0544271 0.12037 
0 0.780339 0.57037 0.0408854 0.0814815 
0 0.679297 0.673611 0.0664062 0.0546296 
0 0.944271 0.702315 0.0401042 0.0694444 
0 0.590885 0.461806 0.0614583 0.0587963 
0 0.0625 0.859259 0.0390625 0.113889 
0 0.598698 0.777315 0.0375 0.107407 
0 0.18099 0.173148 0.0416667 0.0944444 
0 0.835026 0.838426 0.0320312 0.0777778 
0 0.104427 0.728009 0.0223958 0.0856481 
0 0.426562 0.563194 0.0666667 0.0662037 
0 0.729557 0.934954 0.0466146 0.116204 
0 0.471224 0.640046 0.0434896 0.0578704 
0 0.0115885 0.165509 0.0195312 0.13287 
0 0.54388 0.674537 0.0263021 0.121296 
0 0.680208 0.748148 0.0479167 0.0518519 
0 0.373828 0.214583 0.0210938 0.0689815 
0 0.0997396 0.495833 0.0583333 0.0824074 
0 0.949219 0.784722 0.0302083 0.087037 
0 0.197526 0.265972 0.0268229 0.0680556 
0 0.868229 0.0168981 0.05625 0.0337963 
