0 0.330859 0.340509 0.0335938 0.0662037 
0 0.335286 0.0456019 0.0294271 0.0763889 
0 0.926823 0.131944 0.0421875 0.0777778 
0 0.860807 0.0703704 0.0330729 0.0574074 
0 0.454427 0.0618056 0.0411458 0.0430556 
0 0.802344 0.211574 0.0432292 0.0518519 
0 0.722656 0.237269 0.05 0.0625 
0 0.265365 0.0770833 0.0354167 0.0439815 
0 0.982292 0.4625 0.0354167 0.0490741 
0 0.277734 0.129398 0.0382813 0.0532407 
0 0.938542 0.900231 0.040625 0.0865741 
0 0.780339 0.343519 0.0382813 0.0833333 
0 0.0476562 0.207176 0.0369792 0.0671296 
0 0.466797 0.171528 0.0445312 0.0828704 
