0 0.66263 0.453935 0.0481771 0.0652778 
0 0.682552 0.968518 0.034375 0.062963 
0 0.715234 0.0821759 0.0882813 0.154167 
0 0.58151 0.0715278 0.0333333 0.143056 
0 0.749609 0.129861 0.0414063 0.113426 
0 0.878906 0.10463 0.134896 0.0740741 
0 0.713411 0.206019 0.0804688 0.0611111 
0 0.822786 0.674074 0.0419271 0.0555556 
0 0.615755 0.903704 0.0388021 0.0592593 
0 0.545443 0.740046 0.0700521 0.0486111 
0 0.402865 0.087963 0.0473958 0.0546296 
0 0.158854 0.559491 0.0458333 0.0671296 
0 0.838802 0.25463 0.0375 0.0796296 
0 0.632812 0.370139 0.0677083 0.0949074 
0 0.844792 0.069213 0.113542 0.0736111 
0 0.573307 0.486574 0.0580729 0.0509259 
0 0.417448 0.857639 0.115625 0.0773148 
0 0.120312 0.66713 0.0369792 0.0712963 
0 0.539062 0.126389 0.0421875 0.0824074 
0 0.511328 0.578472 0.0377604 0.0967593 
0 0.659635 0.0326389 0.0416667 0.0634259 
0 0.177995 0.434028 0.0539063 0.0662037 
0 0.436068 0.449306 0.0257812 0.0726852 
0 0.441406 0.341435 0.0348958 0.0569444 
0 0.786589 0.131019 0.0575521 0.0592593 
0 0.187109 0.290972 0.0559896 0.0439815 
0 0.134375 0.278472 0.0270833 0.0560185 
0 0.408724 0.497454 0.0622396 0.0606481 
0 0.933594 0.0310185 0.0869792 0.062037 
0 0.175651 0.04375 0.0320312 0.0736111 
0 0.127083 0.922685 0.0385417 0.0583333 
0 0.238021 0.54375 0.0510417 0.0587963 
0 0.61862 0.763889 0.0335938 0.0638889 
0 0.107682 0.217361 0.0325521 0.0569444 
0 0.617188 0.294907 0.078125 0.0666667 
0 0.0869792 0.296528 0.0276042 0.0449074 
0 0.3125 0.850694 0.0380208 0.0421296 
0 0.626953 0.214352 0.0585938 0.0768519 
0 0.509245 0.37963 0.0486979 0.062037 
0 0.138802 0.411111 0.0557292 0.0768519 
0 0.021224 0.283796 0.0356771 0.0527778 
0 0.65625 0.825231 0.0515625 0.161574 
0 0.151042 0.814352 0.05625 0.062037 
0 0.491927 0.924306 0.0302083 0.118981 
0 0.604036 0.693981 0.0653646 0.0648148 
0 0.408854 0.146296 0.0625 0.062037 
0 0.261979 0.817824 0.0453125 0.0662037 
0 0.299609 0.36713 0.0752604 0.0564815 
0 0.658594 0.125 0.0458333 0.1 
0 0.800781 0.961806 0.034375 0.0625 
0 0.457031 0.117824 0.0302083 0.0782407 
0 0.528255 0.20787 0.0716146 0.0740741 
0 0.0255208 0.0391204 0.0401042 0.0782407 
0 0.760286 0.965278 0.0653646 0.0675926 
0 0.214583 0.0509259 0.0192708 0.0638889 
0 0.0557292 0.325926 0.0239583 0.0648148 
0 0.075651 0.359028 0.0309896 0.0652778 
0 0.247005 0.620602 0.0549479 0.050463 
0 0.355729 0.811574 0.0416667 0.0796296 
0 0.695312 0.0351852 0.034375 0.0703704 
0 0.783724 0.396528 0.0872396 0.050463 
0 0.10612 0.73912 0.0434896 0.0513889 
0 0.576693 0.941898 0.0356771 0.0513889 
0 0.245443 0.169907 0.0684896 0.0398148 
0 0.0190104 0.541667 0.0255208 0.0388889 
0 0.370182 0.494213 0.0424479 0.0800926 
0 0.33737 0.729167 0.0388021 0.0842593 
0 0.175521 0.49213 0.0458333 0.0407407 
0 0.746094 0.558565 0.0296875 0.0467593 
0 0.914974 0.959259 0.0429688 0.0555556 
0 0.0902344 0.428704 0.0257812 0.0675926 
0 0.0739583 0.48912 0.0369792 0.0587963 
0 0.517578 0.271065 0.0294271 0.0486111 
0 0.255859 0.0592593 0.0440104 0.0648148 
0 0.271224 0.480093 0.0481771 0.0546296 
0 0.560026 0.448843 0.0388021 0.0476852 
0 0.198177 0.18125 0.0234375 0.0837963 
0 0.0127604 0.450694 0.0234375 0.0819444 
