0 0.709505 0.325926 0.0533854 0.127778 
0 0.682552 0.790509 0.0302083 0.113426 
0 0.525911 0.178241 0.0434896 0.113889 
0 0.0697917 0.0381944 0.0458333 0.0699074 
0 0.386979 0.717593 0.0354167 0.0527778 
0 0.409635 0.631019 0.0458333 0.0555556 
0 0.813411 0.651157 0.0591146 0.0902778 
0 0.415495 0.53125 0.0294271 0.100463 
0 0.623568 0.0425926 0.0351562 0.0851852 
0 0.736719 0.793056 0.0484375 0.0657407 
0 0.353125 0.730093 0.040625 0.0981481 
0 0.73776 0.438889 0.0791667 0.062037 
0 0.234245 0.912269 0.0523437 0.0893519 
0 0.630859 0.577315 0.0257812 0.0583333 
0 0.386458 0.828241 0.0505208 0.062963 
0 0.627474 0.955556 0.0736979 0.0759259 
0 0.229036 0.1875 0.0398437 0.0518519 
0 0.309896 0.0393519 0.0411458 0.0787037 
0 0.79974 0.124306 0.0463542 0.139352 
0 0.60013 0.313194 0.0382813 0.0847222 
0 0.597656 0.848843 0.0510417 0.0847222 
0 0.447917 0.579398 0.0421875 0.0847222 
0 0.405208 0.24537 0.0453125 0.0611111 
0 0.427214 0.123148 0.0669271 0.0703704 
0 0.24388 0.256713 0.0591146 0.0782407 
0 0.714844 0.0631944 0.0864583 0.0791667 
0 0.196094 0.901157 0.0484375 0.0467593 
0 0.477865 0.859259 0.0479167 0.1 
0 0.363021 0.40162 0.0359375 0.0615741 
0 0.482422 0.48912 0.0424479 0.0726852 
0 0.735286 0.479861 0.0268229 0.0671296 
0 0.432682 0.719213 0.0486979 0.0634259 
0 0.742188 0.545139 0.096875 0.118981 
0 0.624479 0.680093 0.0427083 0.0981481 
0 0.606901 0.15162 0.0377604 0.102315 
0 0.647917 0.0719907 0.0390625 0.104167 
0 0.732422 0.923611 0.0398437 0.125 
0 0.259375 0.825926 0.0635417 0.0518519 
0 0.295964 0.815509 0.0403646 0.0847222 
0 0.422917 0.449769 0.0395833 0.0662037 
0 0.683073 0.649306 0.0421875 0.124537 
0 0.560547 0.584491 0.0408854 0.1125 
0 0.66263 0.315046 0.0346354 0.0986111 
0 0.256641 0.439815 0.0398437 0.0546296 
0 0.258594 0.353704 0.0536458 0.0425926 
0 0.141406 0.488657 0.0520833 0.0652778 
0 0.352734 0.616204 0.0367187 0.0916667 
0 0.396484 0.0231481 0.0466146 0.0462963 
0 0.341016 0.15162 0.0533854 0.0449074 
0 0.563021 0.925463 0.034375 0.128704 
