0 0.158594 0.221296 0.028125 0.124074 
0 0.882292 0.308796 0.0557292 0.0564815 
0 0.179427 0.0414352 0.0390625 0.0532407 
0 0.411849 0.544676 0.0466146 0.0708333 
0 0.0582031 0.242824 0.0445312 0.0689815 
0 0.276042 0.0273148 0.040625 0.0546296 
0 0.679167 0.113657 0.0822917 0.0689815 
0 0.751042 0.0347222 0.0614583 0.0638889 
0 0.913021 0.267824 0.0765625 0.0560185 
0 0.283464 0.291898 0.0450521 0.0763889 
0 0.10013 0.049537 0.0372396 0.0731481 
0 0.19388 0.153241 0.0330729 0.103704 
0 0.127734 0.235648 0.0263021 0.0888889 
0 0.660677 0.0365741 0.0791667 0.0694444 
0 0.79974 0.81875 0.0567708 0.0828704 
0 0.113932 0.516898 0.0341146 0.105093 
0 0.417969 0.172685 0.0458333 0.0842593 
0 0.776432 0.676157 0.0450521 0.0513889 
0 0.762109 0.232639 0.0346354 0.0625 
0 0.122005 0.607407 0.0554687 0.0694444 
0 0.928255 0.717361 0.0434896 0.0819444 
0 0.501432 0.516435 0.0351562 0.0763889 
0 0.361719 0.732639 0.0333333 0.074537 
0 0.275391 0.175926 0.0632813 0.0555556 
0 0.328125 0.105787 0.0307292 0.122685 
0 0.0109375 0.208102 0.0192708 0.106944 
0 0.959505 0.0824074 0.0408854 0.0518519 
0 0.425391 0.44213 0.0497396 0.0638889 
0 0.866667 0.65 0.0333333 0.0833333 
0 0.551302 0.611574 0.05 0.0657407 
0 0.861849 0.0314815 0.0539063 0.0583333 
0 0.979948 0.644444 0.0401042 0.0546296 
0 0.120964 0.187963 0.0445312 0.0740741 
0 0.935547 0.922685 0.0414063 0.0851852 
0 0.767578 0.870139 0.0341146 0.0856481 
0 0.355208 0.447454 0.0453125 0.0949074 
0 0.265234 0.463889 0.0429688 0.0435185 
0 0.567839 0.724769 0.0539063 0.0726852 
0 0.655729 0.604167 0.0276042 0.0685185 
