0 0.659766 0.428935 0.0638021 0.131944 
0 0.534115 0.262963 0.0302083 0.12037 
0 0.63138 0.580324 0.0356771 0.0828704 
0 0.41263 0.25162 0.0372396 0.0578704 
0 0.645964 0.164815 0.0580729 0.0592593 
0 0.704557 0.213657 0.0388021 0.131944 
0 0.152344 0.855556 0.0411458 0.0527778 
0 0.426953 0.50463 0.0299479 0.0759259 
0 0.21276 0.765278 0.046875 0.0509259 
0 0.498307 0.28912 0.0450521 0.0449074 
0 0.514193 0.413426 0.0434896 0.0490741 
0 0.650391 0.803472 0.0434896 0.0513889 
0 0.434115 0.187269 0.0338542 0.0652778 
0 0.57526 0.783796 0.04375 0.0861111 
0 0.356771 0.310185 0.0276042 0.0731481 
0 0.557682 0.644907 0.0523437 0.112037 
0 0.707422 0.451852 0.0320312 0.0509259 
0 0.696224 0.138194 0.0424479 0.0717593 
0 0.271875 0.621991 0.0536458 0.0800926 
0 0.373958 0.207407 0.0317708 0.0416667 
0 0.630859 0.0784722 0.0382813 0.0652778 
0 0.472266 0.0488426 0.0346354 0.0634259 
0 0.692839 0.520833 0.0283854 0.0537037 
0 0.613672 0.322454 0.0471354 0.105093 
0 0.411198 0.734954 0.0447917 0.109722 
0 0.415755 0.883796 0.0419271 0.101852 
0 0.595703 0.568519 0.0247396 0.0851852 
0 0.664062 0.488657 0.0348958 0.127315 
0 0.463932 0.319444 0.0393229 0.0888889 
0 0.161589 0.0726852 0.0309896 0.0509259 
0 0.424089 0.103704 0.0513021 0.103704 
0 0.0979167 0.406713 0.0348958 0.0412037 
0 0.858854 0.591667 0.0390625 0.0527778 
0 0.439453 0.56412 0.0419271 0.0902778 
0 0.228255 0.971528 0.0398437 0.0569444 
0 0.0934896 0.281944 0.0286458 0.05 
0 0.217187 0.674074 0.034375 0.0638889 
0 0.611849 0.185185 0.0367187 0.12963 
0 0.138672 0.483565 0.0513021 0.0625 
0 0.388672 0.850231 0.0335938 0.0912037 
0 0.336068 0.0564815 0.0497396 0.0601852 
0 0.525911 0.957407 0.0408854 0.0703704 
0 0.569922 0.53125 0.0388021 0.0421296 
0 0.329297 0.981019 0.0648438 0.037963 
0 0.258594 0.489815 0.0515625 0.05 
0 0.152344 0.610185 0.0265625 0.0333333 
0 0.214323 0.867593 0.0557292 0.0712963 
0 0.192448 0.49838 0.0302083 0.0449074 
0 0.100391 0.688657 0.0445312 0.0828704 
0 0.126302 0.0592593 0.0276042 0.0444444 
0 0.216927 0.337731 0.0296875 0.0634259 
