0 0.86224 0.642361 0.122396 0.0856481 
0 0.621094 0.796528 0.0557292 0.0689815 
0 0.786068 0.288194 0.107031 0.0699074 
0 0.964323 0.0888889 0.0401042 0.0648148 
0 0.735417 0.511343 0.0567708 0.0717593 
0 0.491406 0.723843 0.0864583 0.0662037 
0 0.30638 0.05 0.0361979 0.0861111 
0 0.775911 0.799537 0.0315104 0.0388889 
0 0.419661 0.307407 0.0653646 0.105556 
0 0.607943 0.486574 0.0341146 0.10463 
0 0.756771 0.946296 0.0354167 0.0518519 
0 0.0567708 0.670139 0.0432292 0.0587963 
0 0.317708 0.838426 0.0604167 0.0574074 
0 0.710547 0.371065 0.0726563 0.0819444 
0 0.258333 0.422917 0.084375 0.0578704 
0 0.410807 0.0898148 0.0736979 0.0731481 
0 0.0675781 0.510417 0.0309896 0.050463 
0 0.559635 0.282176 0.0338542 0.146759 
0 0.177474 0.365278 0.0445312 0.135185 
0 0.479427 0.211111 0.0432292 0.0648148 
0 0.455078 0.356713 0.0606771 0.0513889 
0 0.257552 0.241898 0.0671875 0.0643518 
0 0.51862 0.800231 0.0361979 0.183796 
0 0.165885 0.921065 0.0447917 0.143981 
0 0.416536 0.233565 0.0476562 0.0412037 
0 0.638672 0.258102 0.120052 0.128241 
0 0.0949219 0.155324 0.0351562 0.0662037 
0 0.135286 0.115278 0.0289063 0.0759259 
0 0.630859 0.427778 0.0294271 0.0657407 
0 0.66901 0.940278 0.0895833 0.102778 
0 0.501432 0.0298611 0.0486979 0.0587963 
0 0.571745 0.871065 0.0507812 0.0430556 
0 0.271354 0.133102 0.0729167 0.0578704 
0 0.214844 0.809954 0.0494792 0.074537 
0 0.813021 0.141898 0.0369792 0.0717593 
0 0.0170573 0.541204 0.0341146 0.0444444 
0 0.0916667 0.973148 0.0520833 0.0537037 
0 0.703125 0.881481 0.0411458 0.087037 
0 0.510286 0.325231 0.0481771 0.0587963 
0 0.51862 0.577315 0.0882813 0.142593 
0 0.117448 0.525463 0.0197917 0.0805556 
0 0.438542 0.646759 0.0442708 0.0648148 
0 0.347396 0.741204 0.0395833 0.062037 
0 0.436719 0.0599537 0.0276042 0.0643518 
0 0.0364583 0.608565 0.0432292 0.0393519 
0 0.165495 0.213426 0.0382813 0.087037 
0 0.636198 0.962037 0.0364583 0.0759259 
0 0.185026 0.56713 0.0523437 0.075 
0 0.250781 0.89838 0.0463542 0.0671296 
0 0.138281 0.839815 0.0723958 0.0555556 
0 0.555729 0.0944444 0.0348958 0.0583333 
0 0.582031 0.0738426 0.0333333 0.140278 
0 0.952214 0.568519 0.0377604 0.0564815 
0 0.407943 0.769444 0.0335938 0.0740741 
0 0.434505 0.797685 0.0216146 0.0814815 
0 0.366797 0.158796 0.0309896 0.0407407 
0 0.73724 0.427083 0.0317708 0.050463 
0 0.500521 0.479861 0.0791667 0.0625 
0 0.286458 0.538657 0.0291667 0.113426 
0 0.306901 0.177778 0.0356771 0.0842593 
0 0.26862 0.84375 0.0309896 0.0634259 
0 0.330729 0.143056 0.0364583 0.0453704 
0 0.221745 0.271528 0.0440104 0.0643518 
0 0.131771 0.421528 0.0322917 0.106944 
