0 0.240104 0.271759 0.0505208 0.062963 
0 0.608464 0.481713 0.0252604 0.0763889 
0 0.746615 0.173843 0.0817708 0.0875 
0 0.759766 0.547454 0.0476562 0.074537 
0 0.193359 0.277778 0.0367187 0.136111 
0 0.138672 0.315278 0.0268229 0.0731481 
0 0.656771 0.677546 0.0536458 0.104167 
0 0.333854 0.802546 0.0567708 0.0708333 
0 0.632812 0.325231 0.0416667 0.0708333 
0 0.301953 0.563889 0.0559896 0.0861111 
0 0.694792 0.35162 0.0557292 0.0893519 
0 0.53763 0.901852 0.0445312 0.0972222 
0 0.767578 0.369444 0.0434896 0.125926 
0 0.385286 0.591204 0.0382813 0.0601852 
0 0.0222656 0.449074 0.0414063 0.108333 
0 0.33151 0.350231 0.0484375 0.0949074 
0 0.971745 0.25787 0.0523437 0.106481 
0 0.138542 0.486111 0.0473958 0.0611111 
0 0.838932 0.573611 0.0294271 0.0648148 
0 0.833984 0.187037 0.0632813 0.0898148 
0 0.290495 0.459722 0.0398437 0.0787037 
0 0.220182 0.568056 0.0289063 0.0574074 
0 0.466797 0.51875 0.0471354 0.074537 
0 0.0324219 0.53912 0.0580729 0.0449074 
0 0.117969 0.441204 0.0286458 0.087963 
0 0.493099 0.881481 0.0393229 0.0777778 
0 0.395182 0.488657 0.0570313 0.050463 
0 0.0815104 0.729167 0.0567708 0.0861111 
0 0.251693 0.458796 0.0455729 0.0537037 
0 0.432682 0.690509 0.0361979 0.0930556 
