0 0.45013 0.629167 0.0408854 0.134259 
0 0.828646 0.826389 0.0510417 0.0824074 
0 0.614193 0.830787 0.0690104 0.0828704 
0 0.883203 0.424769 0.0507812 0.178241 
0 0.835938 0.953935 0.0604167 0.0921296 
0 0.183854 0.747917 0.0583333 0.0625 
0 0.697656 0.38912 0.0401042 0.114352 
0 0.63724 0.496528 0.0598958 0.0550926 
0 0.943359 0.808333 0.0684896 0.0685185 
0 0.329036 0.795602 0.0585938 0.0791667 
0 0.916927 0.622454 0.0276042 0.0699074 
0 0.826563 0.424074 0.0328125 0.0777778 
0 0.95651 0.477546 0.0505208 0.0726852 
0 0.438932 0.93588 0.0591146 0.0828704 
0 0.933073 0.403241 0.0458333 0.0703704 
0 0.85638 0.631944 0.0356771 0.0425926 
0 0.316927 0.981481 0.0614583 0.037037 
0 0.703646 0.57037 0.0359375 0.0768519 
0 0.099349 0.631944 0.0341146 0.0611111 
0 0.286849 0.737037 0.0617188 0.0518519 
0 0.378906 0.973843 0.0401042 0.0523148 
0 0.557161 0.500694 0.0289063 0.0439815 
0 0.256641 0.96088 0.0335938 0.0365741 
