0 0.804688 0.751852 0.0380208 0.10463 
0 0.864193 0.547917 0.0856771 0.101389 
0 0.723568 0.506944 0.0533854 0.0787037 
0 0.21224 0.9375 0.0416667 0.0611111 
0 0.785677 0.678704 0.0276042 0.111111 
0 0.896484 0.797917 0.0403646 0.0615741 
0 0.0269531 0.83125 0.0481771 0.0560185 
0 0.759766 0.765278 0.0476562 0.0833333 
0 0.673828 0.662037 0.0440104 0.0925926 
0 0.265885 0.805556 0.0505208 0.0675926 
0 0.522005 0.809491 0.0528646 0.0893519 
0 0.0447917 0.920833 0.0322917 0.0638889 
0 0.440234 0.928935 0.0674479 0.104167 
0 0.152083 0.883796 0.0786458 0.0768519 
0 0.809635 0.477546 0.0770833 0.0782407 
0 0.76849 0.850694 0.0307292 0.1125 
0 0.919922 0.671296 0.0372396 0.112037 
0 0.201302 0.151157 0.0635417 0.0717593 
0 0.218359 0.575926 0.0554687 0.0814815 
0 0.976042 0.785648 0.0473958 0.0574074 
0 0.977083 0.871991 0.0401042 0.0550926 
0 0.302474 0.459259 0.0268229 0.0435185 
0 0.214974 0.709259 0.0497396 0.0555556 
0 0.526953 0.681713 0.0382813 0.119907 
0 0.841797 0.380787 0.0341146 0.11713 
0 0.597266 0.923611 0.0554687 0.0675926 
0 0.309505 0.699769 0.0325521 0.0782407 
0 0.30013 0.64838 0.0518229 0.0513889 
0 0.769531 0.574306 0.028125 0.0671296 
0 0.849609 0.485648 0.0466146 0.0796296 
0 0.0875 0.96875 0.040625 0.050463 
0 0.717318 0.605787 0.0596354 0.0606481 
0 0.670313 0.550231 0.0494792 0.0606481 
0 0.354297 0.515046 0.0315104 0.111574 
