0 0.658594 0.15625 0.0390625 0.13287 
0 0.66263 0.461806 0.0695312 0.170833 
0 0.282813 0.524306 0.0661458 0.120833 
0 0.555599 0.0326389 0.0851562 0.0634259 
0 0.375 0.127778 0.0395833 0.0777778 
0 0.486328 0.35162 0.0320312 0.0689815 
0 0.563021 0.485185 0.104167 0.0833333 
0 0.656771 0.580324 0.0552083 0.15787 
0 0.379297 0.808796 0.0513021 0.0555556 
0 0.694792 0.0356481 0.0411458 0.0703704 
0 0.208724 0.8 0.0643229 0.0694444 
0 0.201302 0.405787 0.0322917 0.0652778 
0 0.291536 0.704398 0.0429688 0.0699074 
0 0.36888 0.19838 0.0731771 0.0939815 
0 0.384505 0.921991 0.0679687 0.0717593 
0 0.271224 0.368519 0.0367187 0.100926 
0 0.526953 0.274074 0.0544271 0.146296 
0 0.398047 0.454398 0.0773437 0.0680556 
0 0.577214 0.562037 0.0643229 0.0675926 
0 0.442839 0.694444 0.0513021 0.114815 
0 0.129036 0.71088 0.0434896 0.0726852 
0 0.434505 0.849769 0.0382813 0.136574 
0 0.196745 0.143981 0.0664062 0.075 
0 0.619141 0.691435 0.0419271 0.0550926 
0 0.95599 0.105324 0.0526042 0.0782407 
0 0.0592448 0.153009 0.0450521 0.0643518 
0 0.244271 0.900231 0.0526042 0.0865741 
0 0.0785156 0.32037 0.0596354 0.0583333 
0 0.0955729 0.0865741 0.0348958 0.0546296 
0 0.423828 0.209722 0.0570313 0.130556 
0 0.105729 0.776852 0.0364583 0.0611111 
0 0.22513 0.622917 0.0455729 0.0569444 
0 0.37526 0.281713 0.0348958 0.0634259 
0 0.279297 0.255093 0.0486979 0.0990741 
0 0.470703 0.0189815 0.0643229 0.037963 
0 0.286458 0.438426 0.0760417 0.0694444 
0 0.211719 0.327083 0.0302083 0.0652778 
