0 0.751432 0.127778 0.0304688 0.101852 
0 0.731901 0.192361 0.0372396 0.0486111 
0 0.596224 0.180324 0.0273438 0.0393519 
0 0.35638 0.968056 0.0330729 0.0564815 
0 0.675391 0.34838 0.0513021 0.0458333 
0 0.373437 0.187731 0.0328125 0.0606481 
0 0.428646 0.72338 0.03125 0.0634259 
0 0.870573 0.240972 0.0265625 0.0467593 
0 0.525911 0.0222222 0.0263021 0.0444444 
0 0.621615 0.365972 0.0276042 0.0939815 
0 0.291536 0.362731 0.0372396 0.0634259 
0 0.704557 0.143981 0.0559896 0.0518519 
0 0.347005 0.354861 0.0398437 0.0421296 
0 0.405078 0.81412 0.0486979 0.0541667 
0 0.292969 0.492593 0.040625 0.0472222 
0 0.18138 0.0351852 0.0419271 0.0518519 
0 0.51862 0.48125 0.0408854 0.0587963 
0 0.61276 0.713426 0.0546875 0.062963 
0 0.647396 0.542824 0.0322917 0.0939815 
0 0.495182 0.729861 0.0408854 0.0541667 
0 0.609375 0.955787 0.0390625 0.0856481 
0 0.381641 0.739815 0.0351562 0.0648148 
0 0.1875 0.884722 0.0473958 0.0509259 
0 0.744141 0.947917 0.0257812 0.0736111 
0 0.219922 0.521296 0.0367187 0.0583333 
0 0.338151 0.815972 0.0320312 0.0476852 
0 0.38151 0.567824 0.0390625 0.050463 
0 0.525911 0.859259 0.0403646 0.0777778 
0 0.435937 0.111343 0.0463542 0.0476852 
0 0.563411 0.0719907 0.0377604 0.0587963 
0 0.466016 0.65787 0.0242187 0.0731481 
0 0.722656 0.0606481 0.0270833 0.0787037 
0 0.691406 0.968056 0.0239583 0.0592593 
0 0.684505 0.774769 0.0393229 0.0717593 
0 0.510156 0.237037 0.0234375 0.0685185 
0 0.749089 0.453241 0.0414063 0.0518519 
0 0.488802 0.121759 0.0307292 0.0851852 
0 0.295833 0.132176 0.0427083 0.0513889 
0 0.522005 0.535185 0.0325521 0.0398148 
0 0.0197917 0.019213 0.0291667 0.0384259 
0 0.711458 0.660185 0.0338542 0.0462963 
0 0.662109 0.421991 0.0268229 0.0587963 
0 0.33125 0.50787 0.0416667 0.0342593 
0 0.686068 0.294444 0.0325521 0.0842593 
0 0.650391 0.463889 0.0361979 0.0574074 
0 0.529297 0.910648 0.0289063 0.05 
0 0.628385 0.88588 0.0505208 0.050463 
0 0.386198 0.386574 0.0432292 0.05 
0 0.49349 0.0196759 0.028125 0.0393519 
0 0.461198 0.861111 0.0302083 0.037037 
0 0.895443 0.218287 0.0278646 0.0439815 
0 0.517057 0.385417 0.0372396 0.0578704 
0 0.102734 0.323611 0.0372396 0.0361111 
0 0.399609 0.451852 0.0414063 0.0435185 
0 0.744141 0.678935 0.0377604 0.0402778 
0 0.623047 0.179861 0.0273438 0.1125 
0 0.0270833 0.476852 0.0359375 0.0398148 
0 0.420443 0.899306 0.0341146 0.0689815 
0 0.484375 0.579861 0.0322917 0.0486111 
0 0.558594 0.639583 0.0359375 0.0402778 
0 0.142448 0.0886574 0.0401042 0.0736111 
0 0.634766 0.98125 0.0393229 0.0375 
