0 0.179557 0.482176 0.0497396 0.129167 
0 0.941797 0.525694 0.0658854 0.102315 
0 0.0513021 0.325 0.06875 0.109259 
0 0.0809896 0.213657 0.0494792 0.0791667 
0 0.973698 0.634954 0.0354167 0.113426 
0 0.907812 0.236574 0.065625 0.0861111 
0 0.276693 0.721759 0.0408854 0.0722222 
0 0.183594 0.0456019 0.0520833 0.0912037 
0 0.78125 0.653704 0.04375 0.0814815 
0 0.796875 0.221296 0.0416667 0.15463 
0 0.22487 0.490509 0.0393229 0.0643518 
0 0.384766 0.1875 0.0554687 0.134259 
0 0.851042 0.289815 0.0427083 0.0916667 
0 0.445052 0.140972 0.0411458 0.176389 
0 0.382292 0.52338 0.0395833 0.10787 
0 0.199479 0.287963 0.0713542 0.062963 
0 0.449219 0.724537 0.0432292 0.128704 
0 0.600521 0.272685 0.0510417 0.135185 
0 0.921354 0.565972 0.0421875 0.0708333 
0 0.3875 0.661806 0.0229167 0.0884259 
0 0.259505 0.235185 0.0361979 0.0675926 
0 0.621615 0.57037 0.0421875 0.0861111 
0 0.394141 0.350231 0.0393229 0.114352 
0 0.931641 0.841898 0.0309896 0.10787 
0 0.701693 0.961806 0.0627604 0.075463 
0 0.0259115 0.361806 0.0476562 0.0541667 
0 0.45612 0.518981 0.0408854 0.10463 
0 0.748047 0.254167 0.0351562 0.0861111 
0 0.120443 0.17662 0.0429688 0.0782407 
0 0.851562 0.892361 0.0328125 0.0523148 
0 0.475781 0.836343 0.0479167 0.0717593 
0 0.602995 0.919213 0.0565104 0.0884259 
0 0.931641 0.0231481 0.0554687 0.0462963 
0 0.348047 0.760417 0.0320312 0.0606481 
0 0.647005 0.117593 0.0752604 0.0592593 
0 0.335807 0.708796 0.0523437 0.0490741 
0 0.751432 0.325694 0.0523437 0.0939815 
0 0.417708 0.172454 0.0609375 0.114352 
0 0.96237 0.875 0.0382813 0.118519 
0 0.120573 0.65625 0.0453125 0.0875 
0 0.417448 0.880093 0.0385417 0.0851852 
0 0.14974 0.818981 0.0369792 0.0814815 
0 0.833464 0.711343 0.0450521 0.0856481 
0 0.279557 0.295833 0.0471354 0.0490741 
0 0.832031 0.486111 0.0385417 0.0601852 
0 0.783203 0.0435185 0.0445312 0.0861111 
0 0.196484 0.783796 0.0367187 0.103704 
0 0.666016 0.382407 0.0356771 0.118519 
0 0.209115 0.711343 0.03125 0.0810185 
0 0.34375 0.396991 0.0333333 0.0717593 
0 0.0277344 0.862963 0.0486979 0.0944444 
0 0.898047 0.738426 0.0315104 0.0925926 
0 0.570312 0.563889 0.0317708 0.101852 
0 0.465365 0.303472 0.0791667 0.0828704 
0 0.0800781 0.689815 0.0523437 0.0675926 
0 0.988281 0.308333 0.0213542 0.122222 
