0 0.51224 0.155787 0.0479167 0.104167 
0 0.91849 0.0960648 0.05625 0.0763889 
0 0.72513 0.308333 0.0710938 0.128704 
0 0.636719 0.246528 0.034375 0.0625 
0 0.820833 0.0791667 0.040625 0.0925926 
0 0.24987 0.344676 0.0335938 0.0810185 
0 0.867708 0.0960648 0.0578125 0.0763889 
0 0.297526 0.390509 0.0507812 0.0828704 
0 0.385286 0.42338 0.0549479 0.0921296 
0 0.860417 0.657639 0.0270833 0.0884259 
0 0.606901 0.0782407 0.0377604 0.0481481 
0 0.651302 0.34375 0.0364583 0.050463 
0 0.923437 0.377315 0.0682292 0.0787037 
0 0.828125 0.72338 0.0473958 0.0939815 
0 0.355339 0.323611 0.0346354 0.110185 
0 0.680208 0.262037 0.059375 0.0675926 
0 0.13138 0.602083 0.0460938 0.075463 
0 0.890104 0.281944 0.0421875 0.123148 
0 0.44987 0.969676 0.0596354 0.0597222 
0 0.415755 0.858565 0.0315104 0.0643518 
0 0.432943 0.292593 0.0320312 0.0805556 
0 0.107682 0.49375 0.0388021 0.0634259 
0 0.66888 0.666204 0.0252604 0.0916667 
0 0.21901 0.859028 0.0385417 0.0680556 
0 0.695312 0.146065 0.0489583 0.0560185 
0 0.342578 0.57338 0.0497396 0.075463 
0 0.395052 0.529398 0.0322917 0.149537 
0 0.0354167 0.834954 0.034375 0.0615741 
0 0.160026 0.45787 0.0361979 0.062963 
0 0.55026 0.454861 0.0333333 0.0671296 
0 0.564974 0.800463 0.0455729 0.0583333 
0 0.774479 0.558565 0.0515625 0.0643518 
0 0.450911 0.429861 0.0377604 0.050463 
0 0.460417 0.215741 0.0354167 0.0611111 
0 0.757812 0.964352 0.0546875 0.0694444 
0 0.96875 0.700463 0.040625 0.0537037 
