0 0.617708 0.142824 0.0546875 0.110648 
0 0.582552 0.703009 0.0557292 0.0875 
0 0.252865 0.523843 0.0494792 0.099537 
0 0.136719 0.049537 0.0776042 0.0694444 
0 0.707552 0.211806 0.059375 0.0717593 
0 0.914583 0.27037 0.034375 0.0814815 
0 0.196615 0.37963 0.0916667 0.0759259 
0 0.936979 0.0921296 0.05625 0.087963 
0 0.085026 0.369444 0.0398437 0.105556 
0 0.181901 0.202546 0.0335938 0.104167 
0 0.333333 0.127315 0.0848958 0.0712963 
0 0.564844 0.280324 0.0583333 0.0828704 
0 0.390104 0.466898 0.0708333 0.114352 
0 0.214193 0.591435 0.0559896 0.0708333 
0 0.45 0.249537 0.0541667 0.117593 
0 0.290365 0.885417 0.0473958 0.106944 
0 0.805729 0.0449074 0.0473958 0.0898148 
0 0.92526 0.406944 0.0859375 0.0694444 
0 0.73776 0.756481 0.034375 0.134259 
0 0.334635 0.462731 0.0375 0.115278 
0 0.766536 0.238426 0.0523437 0.0611111 
0 0.979427 0.573843 0.040625 0.0726852 
0 0.912109 0.134954 0.0523437 0.0486111 
0 0.0451823 0.17662 0.0710938 0.0828704 
0 0.95013 0.535417 0.0356771 0.100463 
0 0.383854 0.763889 0.0348958 0.147222 
0 0.969792 0.824769 0.0354167 0.0699074 
0 0.583984 0.0791667 0.0377604 0.105556 
0 0.202344 0.275694 0.0447917 0.099537 
0 0.103776 0.659722 0.0393229 0.0574074 
0 0.734375 0.384722 0.034375 0.116667 
0 0.479948 0.785648 0.071875 0.0675926 
0 0.743099 0.141435 0.0440104 0.0773148 
0 0.502865 0.15 0.0484375 0.0925926 
0 0.541016 0.132176 0.0346354 0.120833 
0 0.96237 0.374074 0.0460938 0.0574074 
0 0.808594 0.456944 0.03125 0.0425926 
0 0.823307 0.908796 0.0476562 0.075 
0 0.258594 0.4375 0.0375 0.0685185 
0 0.671354 0.296528 0.0567708 0.108796 
0 0.0195312 0.490046 0.0375 0.075463 
0 0.927214 0.644907 0.0554687 0.115741 
0 0.0535156 0.0280093 0.0726563 0.0560185 
0 0.142839 0.292593 0.0518229 0.0638889 
0 0.647005 0.692593 0.0606771 0.101852 
0 0.492057 0.56088 0.0497396 0.0671296 
0 0.198698 0.168981 0.0270833 0.0583333 
0 0.582943 0.241435 0.0575521 0.0587963 
0 0.0248698 0.805556 0.0486979 0.14537 
0 0.489974 0.968518 0.0726563 0.062963 
0 0.66263 0.15162 0.0351562 0.0634259 
