0 0.831641 0.633796 0.0596354 0.0851852 
0 0.76901 0.822685 0.046875 0.0648148 
0 0.612891 0.581944 0.0341146 0.0703704 
0 0.738281 0.4875 0.0364583 0.0601852 
0 0.974089 0.722222 0.0466146 0.0861111 
0 0.470703 0.397454 0.0768229 0.0884259 
0 0.688542 0.763426 0.0244792 0.111111 
0 0.253125 0.621065 0.040625 0.0708333 
0 0.292188 0.800463 0.0541667 0.0787037 
0 0.718229 0.152315 0.0598958 0.0861111 
0 0.489714 0.293056 0.0424479 0.0546296 
0 0.638151 0.731481 0.0315104 0.105556 
0 0.664062 0.622454 0.0411458 0.0875 
0 0.703125 0.680324 0.0385417 0.0800926 
0 0.532292 0.671065 0.0385417 0.0875 
0 0.927214 0.31412 0.0403646 0.114352 
0 0.574219 0.887731 0.0708333 0.0912037 
0 0.604557 0.813426 0.0611979 0.0648148 
0 0.967318 0.0453704 0.0346354 0.0703704 
0 0.962891 0.440972 0.0283854 0.074537 
0 0.738281 0.730556 0.0567708 0.0703704 
0 0.145573 0.506944 0.0260417 0.0777778 
0 0.738672 0.428241 0.0513021 0.0388889 
0 0.977995 0.868981 0.0367187 0.0981481 
0 0.736328 0.959259 0.0476562 0.075 
0 0.169271 0.531713 0.0302083 0.0912037 
0 0.979948 0.955787 0.0401042 0.0800926 
0 0.671875 0.816898 0.0369792 0.050463 
0 0.40625 0.432176 0.0385417 0.074537 
0 0.454557 0.503472 0.0273438 0.075463 
0 0.946354 0.782639 0.0255208 0.0717593 
0 0.969792 0.266667 0.0552083 0.0981481 
0 0.397135 0.880093 0.0552083 0.0824074 
0 0.50638 0.49537 0.0492188 0.0611111 
0 0.619141 0.387037 0.0716146 0.0814815 
0 0.0722656 0.902778 0.0315104 0.0759259 
0 0.66263 0.91412 0.0346354 0.109722 
0 0.245312 0.71713 0.0234375 0.101852 
0 0.736328 0.77037 0.0523437 0.0574074 
0 0.0417969 0.96875 0.0388021 0.0578704 
0 0.920964 0.72963 0.0403646 0.0833333 
0 0.945833 0.499074 0.0463542 0.0759259 
0 0.310026 0.892361 0.0299479 0.0763889 
0 0.0959635 0.825463 0.0419271 0.0583333 
