0 0.935547 0.197685 0.0622396 0.111111 
0 0.842839 0.652315 0.0382813 0.108333 
0 0.307552 0.491898 0.0390625 0.0921296 
0 0.509245 0.0983796 0.0408854 0.1125 
0 0.219661 0.216667 0.0403646 0.062963 
0 0.932552 0.564352 0.0255208 0.0861111 
0 0.777344 0.405556 0.046875 0.0731481 
0 0.128516 0.0918982 0.0398437 0.0763889 
0 0.164193 0.264583 0.0361979 0.0958333 
0 0.588802 0.647685 0.0338542 0.0861111 
0 0.161458 0.536806 0.0494792 0.0578704 
0 0.677734 0.559028 0.0450521 0.0726852 
0 0.855469 0.211343 0.0505208 0.0837963 
0 0.850521 0.371991 0.0385417 0.0634259 
0 0.491276 0.310185 0.0481771 0.0611111 
0 0.780208 0.910648 0.0479167 0.0462963 
0 0.852083 0.0847222 0.0411458 0.0703704 
0 0.276693 0.0821759 0.0434896 0.0902778 
0 0.720182 0.807639 0.0372396 0.0615741 
0 0.608854 0.316435 0.03125 0.0949074 
0 0.948177 0.354167 0.0385417 0.123148 
0 0.616276 0.437037 0.0231771 0.0601852 
0 0.161198 0.205556 0.0651042 0.05 
0 0.548828 0.0282407 0.0330729 0.0564815 
0 0.544401 0.295139 0.0476562 0.0560185 
0 0.142578 0.39537 0.0445312 0.0462963 
0 0.0427083 0.533796 0.0385417 0.0851852 
0 0.523438 0.577315 0.053125 0.0675926 
0 0.979948 0.96875 0.0401042 0.0560185 
0 0.395312 0.0664352 0.0369792 0.0569444 
0 0.761198 0.228704 0.0385417 0.0648148 
0 0.580078 0.593982 0.0299479 0.0648148 
0 0.394792 0.684028 0.0421875 0.0662037 
0 0.21263 0.517824 0.0309896 0.0810185 
0 0.922396 0.80463 0.0494792 0.0611111 
0 0.401432 0.305787 0.0309896 0.10787 
0 0.609896 0.236111 0.0390625 0.0842593 
0 0.970703 0.805093 0.0408854 0.062037 
0 0.753385 0.0453704 0.0510417 0.0824074 
0 0.283464 0.814583 0.0393229 0.0615741 
0 0.459766 0.655093 0.0320312 0.0611111 
0 0.0455729 0.288194 0.0479167 0.0532407 
0 0.917448 0.697917 0.0489583 0.0615741 
0 0.103646 0.509491 0.0302083 0.104167 
0 0.79987 0.453935 0.0289063 0.0587963 
0 0.776823 0.787731 0.0286458 0.0625 
0 0.33151 0.219907 0.0447917 0.0768519 
0 0.164453 0.156944 0.0372396 0.0416667 
0 0.723177 0.218056 0.0411458 0.0712963 
0 0.827214 0.786111 0.0460938 0.0685185 
0 0.331771 0.593982 0.0260417 0.0574074 
0 0.204036 0.315046 0.0575521 0.0615741 
0 0.679297 0.856019 0.0398437 0.0833333 
0 0.66849 0.237963 0.0583333 0.0675926 
