0 0.247135 0.407639 0.0416667 0.099537 
0 0.307943 0.256944 0.0638021 0.0898148 
0 0.545443 0.325694 0.0471354 0.0532407 
0 0.464844 0.512037 0.0223958 0.0592593 
0 0.348437 0.291667 0.0510417 0.0601852 
0 0.695833 0.613657 0.053125 0.131019 
0 0.181771 0.577778 0.053125 0.0851852 
0 0.944792 0.838194 0.0442708 0.0689815 
0 0.527865 0.778704 0.0401042 0.0805556 
0 0.399349 0.506481 0.0252604 0.0833333 
0 0.798828 0.425 0.0278646 0.0898148 
0 0.977083 0.55463 0.0317708 0.1 
0 0.888281 0.42037 0.0572917 0.0768519 
0 0.85599 0.619213 0.0307292 0.10787 
0 0.653255 0.459722 0.0492188 0.0592593 
0 0.0710938 0.57037 0.0458333 0.0731481 
0 0.611328 0.85 0.0747396 0.114815 
0 0.756771 0.685417 0.0432292 0.0810185 
0 0.975651 0.434954 0.0440104 0.0912037 
0 0.705599 0.26713 0.0481771 0.0518519 
0 0.844792 0.855093 0.0578125 0.0694444 
0 0.372526 0.328704 0.0309896 0.087037 
0 0.538542 0.233565 0.0473958 0.0699074 
0 0.930729 0.243056 0.0364583 0.1 
0 0.0558594 0.259028 0.0460938 0.0986111 
0 0.326172 0.568519 0.0471354 0.0842593 
0 0.460547 0.315509 0.0559896 0.0606481 
0 0.222396 0.82037 0.0583333 0.075 
0 0.877865 0.538194 0.0291667 0.0708333 
0 0.326693 0.492593 0.0450521 0.0601852 
0 0.984375 0.963657 0.0307292 0.0726852 
0 0.658203 0.302778 0.0388021 0.062037 
0 0.209896 0.405556 0.0359375 0.0759259 
0 0.292969 0.387731 0.034375 0.0976852 
0 0.261849 0.519213 0.0424479 0.0430556 
0 0.163542 0.777315 0.0375 0.0611111 
0 0.809635 0.938194 0.0588542 0.0930556 
0 0.220964 0.524769 0.0450521 0.0652778 
0 0.985417 0.845139 0.0260417 0.0652778 
0 0.559635 0.638889 0.0390625 0.0833333 
0 0.18112 0.453704 0.0289063 0.0925926 
0 0.711458 0.902778 0.0401042 0.112963 
0 0.410286 0.870139 0.0388021 0.0912037 
0 0.658203 0.253009 0.0257812 0.0837963 
0 0.239453 0.628009 0.0471354 0.0791667 
0 0.714844 0.147454 0.0291667 0.0486111 
0 0.913672 0.201157 0.0403646 0.0560185 
0 0.507422 0.652778 0.0533854 0.0657407 
0 0.0673177 0.397454 0.0460938 0.0587963 
0 0.21276 0.9625 0.0291667 0.0675926 
0 0.440625 0.407176 0.1 0.075463 
