0 0.908203 0.22338 0.0471354 0.129167 
0 0.691016 0.849074 0.0398437 0.101852 
0 0.584505 0.852315 0.0450521 0.133333 
0 0.155469 0.737037 0.0380208 0.087963 
0 0.177083 0.674537 0.0520833 0.0546296 
0 0.882812 0.612037 0.0479167 0.0574074 
0 0.230599 0.524306 0.0596354 0.0421296 
0 0.260026 0.77662 0.0367187 0.105093 
0 0.31862 0.619676 0.0289063 0.0560185 
0 0.676172 0.703935 0.0403646 0.0560185 
0 0.316146 0.396296 0.0442708 0.0518519 
0 0.369922 0.96088 0.0403646 0.0689815 
0 0.821354 0.25 0.0375 0.0916667 
0 0.901823 0.693519 0.0453125 0.0731481 
0 0.864844 0.703472 0.05625 0.0736111 
0 0.28737 0.800694 0.0346354 0.0912037 
0 0.372266 0.39838 0.0315104 0.0486111 
0 0.786068 0.96875 0.0335938 0.0578704 
0 0.177865 0.879398 0.0421875 0.0800926 
0 0.984375 0.7375 0.0296875 0.0916667 
0 0.952604 0.797454 0.0765625 0.120833 
