0 0.811068 0.87662 0.0601562 0.109722 
0 0.712891 0.641898 0.0664062 0.160648 
0 0.148568 0.833333 0.0424479 0.062037 
0 0.663021 0.144213 0.0692708 0.118056 
0 0.434635 0.346296 0.0755208 0.0675926 
0 0.666016 0.757407 0.0445312 0.0694444 
0 0.528906 0.78912 0.03125 0.110648 
0 0.744141 0.820833 0.0393229 0.0666667 
0 0.663021 0.663657 0.0333333 0.0763889 
0 0.897005 0.909722 0.107031 0.105556 
0 0.70026 0.22338 0.0442708 0.0791667 
0 0.88138 0.734491 0.0523437 0.0513889 
0 0.883724 0.434722 0.0502604 0.0518519 
0 0.814974 0.811806 0.0440104 0.0865741 
0 0.682161 0.428241 0.0434896 0.0416667 
0 0.657161 0.509028 0.0585938 0.0662037 
0 0.315365 0.313889 0.0713542 0.0564815 
0 0.707943 0.921991 0.0497396 0.140278 
0 0.454036 0.425926 0.0273438 0.0953704 
0 0.65 0.0479167 0.090625 0.0587963 
0 0.200391 0.394676 0.0507812 0.075463 
0 0.233984 0.894907 0.0408854 0.111111 
0 0.154557 0.246528 0.0309896 0.0606481 
0 0.52487 0.412269 0.0414063 0.0819444 
0 0.658724 0.899306 0.0440104 0.181944 
0 0.290625 0.440972 0.0520833 0.0699074 
0 0.823177 0.965278 0.0692708 0.0675926 
0 0.755339 0.357639 0.0539063 0.103241 
0 0.170182 0.765278 0.0361979 0.0611111 
0 0.483203 0.35625 0.0393229 0.0430556 
0 0.259766 0.515741 0.0445312 0.062963 
0 0.0329427 0.476852 0.0330729 0.0648148 
0 0.386458 0.397222 0.0364583 0.0842593 
0 0.557161 0.940046 0.0632813 0.0717593 
0 0.441016 0.591667 0.0424479 0.0796296 
0 0.0816406 0.651389 0.0294271 0.0555556 
0 0.13099 0.715972 0.0536458 0.0643518 
0 0.382812 0.795602 0.0369792 0.0763889 
0 0.533594 0.258565 0.0416667 0.0560185 
0 0.419922 0.723843 0.0726563 0.0717593 
0 0.138932 0.952083 0.0356771 0.0597222 
0 0.096875 0.377315 0.0307292 0.0703704 
0 0.0792969 0.875 0.0679687 0.0509259 
0 0.603516 0.302546 0.0565104 0.0615741 
0 0.44974 0.0763889 0.0458333 0.037963 
0 0.716276 0.764583 0.0460938 0.0532407 
0 0.034375 0.691898 0.0473958 0.050463 
0 0.851172 0.154398 0.0981771 0.0699074 
0 0.954167 0.283102 0.0302083 0.0532407 
