0 0.291016 0.431944 0.0533854 0.0444444 
0 0.388021 0.544213 0.0421875 0.0976852 
0 0.676172 0.469213 0.0424479 0.074537 
0 0.705078 0.25162 0.0434896 0.074537 
0 0.614714 0.0715278 0.0466146 0.0458333 
0 0.4875 0.913889 0.0390625 0.0675926 
0 0.531771 0.875 0.0286458 0.0861111 
0 0.790495 0.277778 0.0591146 0.0685185 
0 0.676302 0.790509 0.0421875 0.103241 
0 0.816406 0.214815 0.0744792 0.0777778 
0 0.382031 0.686574 0.0442708 0.0777778 
0 0.402604 0.652315 0.0385417 0.087037 
0 0.185807 0.246528 0.0382813 0.049537 
0 0.429167 0.869444 0.0322917 0.1 
0 0.208333 0.17963 0.0463542 0.0638889 
0 0.34375 0.42963 0.0385417 0.108333 
0 0.729427 0.24213 0.0296875 0.0694444 
0 0.598177 0.571991 0.0375 0.0634259 
0 0.0770833 0.0414352 0.0578125 0.0763889 
0 0.564974 0.128009 0.0507812 0.110648 
0 0.400911 0.972222 0.0315104 0.0527778 
0 0.517969 0.100231 0.0322917 0.109722 
0 0.611328 0.690278 0.0700521 0.0675926 
0 0.616146 0.86412 0.0494792 0.0541667 
0 0.660156 0.73125 0.0359375 0.0856481 
0 0.488021 0.371065 0.0255208 0.0967593 
0 0.580078 0.882407 0.0492188 0.102778 
0 0.426432 0.972222 0.0382813 0.0537037 
0 0.191797 0.705787 0.0278646 0.0615741 
0 0.584896 0.393981 0.025 0.0675926 
0 0.0532552 0.28287 0.0486979 0.0574074 
0 0.728906 0.408333 0.0453125 0.0796296 
0 0.647005 0.973148 0.0502604 0.0509259 
0 0.31875 0.577083 0.0401042 0.0800926 
0 0.702604 0.161111 0.034375 0.0564815 
0 0.491406 0.162037 0.0307292 0.0722222 
0 0.234375 0.875926 0.0572917 0.062963 
0 0.0989583 0.288657 0.0380208 0.0523148 
0 0.180339 0.523843 0.0377604 0.0513889 
0 0.660156 0.242361 0.040625 0.169907 
0 0.626953 0.268287 0.0195312 0.0847222 
0 0.334245 0.725231 0.0351562 0.0726852 
0 0.0688802 0.109259 0.0398437 0.0611111 
0 0.55026 0.921065 0.0541667 0.0578704 
