0 0.666016 0.171296 0.0690104 0.117593 
0 0.808073 0.90625 0.0630208 0.100463 
0 0.65625 0.90625 0.0473958 0.181944 
0 0.743229 0.838426 0.0380208 0.0648148 
0 0.894922 0.939352 0.103906 0.0990741 
0 0.883333 0.456713 0.05 0.049537 
0 0.529297 0.796991 0.0299479 0.116204 
0 0.6625 0.675 0.034375 0.0703704 
0 0.150391 0.83588 0.0424479 0.0625 
0 0.38776 0.413426 0.0348958 0.0814815 
0 0.705078 0.253241 0.0414063 0.0768519 
0 0.877995 0.759491 0.0518229 0.0532407 
0 0.282161 0.129398 0.0809896 0.0717593 
0 0.647005 0.074537 0.0919271 0.062037 
0 0.671875 0.765278 0.0520833 0.0759259 
0 0.204557 0.396528 0.0565104 0.0828704 
0 0.655208 0.527083 0.0625 0.0680556 
0 0.435807 0.361111 0.0731771 0.062963 
0 0.819271 0.82037 0.0505208 0.0944444 
0 0.45612 0.433565 0.0289063 0.106019 
0 0.16901 0.764352 0.0369792 0.0583333 
0 0.666016 0.0206019 0.0544271 0.0412037 
0 0.292318 0.449306 0.0513021 0.0634259 
0 0.589844 0.298843 0.040625 0.0449074 
0 0.714453 0.70162 0.0523437 0.0856481 
0 0.380599 0.15162 0.0257812 0.0884259 
0 0.849089 0.183565 0.101823 0.0652778 
0 0.742708 0.108796 0.0572917 0.0768519 
0 0.681641 0.43588 0.0460938 0.0449074 
0 0.558203 0.950463 0.0716146 0.0666667 
0 0.753906 0.375926 0.0479167 0.108333 
0 0.157161 0.253935 0.0315104 0.0699074 
0 0.302995 0.315278 0.0460938 0.0537037 
0 0.745573 0.0291667 0.0291667 0.0583333 
0 0.500521 0.62662 0.0479167 0.0606481 
0 0.176172 0.539815 0.0471354 0.0648148 
0 0.0979167 0.376157 0.0276042 0.0671296 
0 0.954036 0.289815 0.0325521 0.0527778 
0 0.699609 0.628472 0.0419271 0.109722 
0 0.713802 0.784259 0.04375 0.0518519 
0 0.396745 0.859722 0.0299479 0.0444444 
0 0.621615 0.123843 0.0322917 0.0773148 
0 0.345703 0.931481 0.0278646 0.0972222 
0 0.269271 0.671759 0.0411458 0.0722222 
0 0.530859 0.418287 0.0372396 0.0736111 
0 0.0345052 0.475694 0.0320312 0.0569444 
0 0.444401 0.603241 0.0429688 0.0925926 
0 0.0773437 0.335648 0.0203125 0.0796296 
0 0.207552 0.478472 0.053125 0.0412037 
0 0.38099 0.633565 0.0463542 0.049537 
0 0.599609 0.334954 0.0544271 0.050463 
0 0.38112 0.788194 0.0356771 0.0819444 
0 0.566406 0.257176 0.0369792 0.0476852 
