0 0.76224 0.119213 0.0979167 0.195833 
0 0.440234 0.59537 0.0726563 0.12963 
0 0.37474 0.5875 0.0697917 0.0981481 
0 0.492708 0.167824 0.0369792 0.074537 
0 0.352214 0.737963 0.0710938 0.0657407 
0 0.682682 0.624074 0.0611979 0.122222 
0 0.572266 0.580787 0.0252604 0.0458333 
0 0.572656 0.321296 0.0463542 0.0981481 
0 0.482161 0.283565 0.0367187 0.0625 
0 0.378646 0.366898 0.0359375 0.135648 
0 0.444141 0.146296 0.0721354 0.15 
0 0.609896 0.325 0.0354167 0.213889 
0 0.333984 0.674537 0.0533854 0.0537037 
0 0.530208 0.767361 0.0364583 0.1875 
0 0.32487 0.231481 0.0559896 0.0888889 
0 0.503906 0.375926 0.0276042 0.146296 
0 0.264714 0.407407 0.0747396 0.0694444 
0 0.626042 0.536111 0.0494792 0.1 
0 0.261979 0.489583 0.0598958 0.0671296 
0 0.55026 0.406944 0.0609375 0.062037 
0 0.491536 0.761574 0.0429688 0.05 
0 0.213411 0.044213 0.0742188 0.0652778 
0 0.370573 0.963426 0.0447917 0.0694444 
0 0.629948 0.770833 0.0338542 0.17037 
0 0.276432 0.0548611 0.0611979 0.0930556 
0 0.381901 0.0375 0.0445312 0.075 
0 0.0861979 0.369676 0.0479167 0.0782407 
0 0.760286 0.521759 0.0273438 0.0481481 
0 0.287109 0.56412 0.0289063 0.0791667 
0 0.332552 0.499769 0.03125 0.1125 
0 0.557161 0.697917 0.0341146 0.0912037 
0 0.698698 0.553704 0.0197917 0.0462963 
0 0.126042 0.556944 0.0645833 0.0916667 
0 0.17474 0.206019 0.0395833 0.107407 
0 0.357161 0.115509 0.0382813 0.15787 
0 0.542057 0.0983796 0.114844 0.0773148 
0 0.436328 0.290972 0.0424479 0.100463 
0 0.494141 0.675 0.0570313 0.0453704 
0 0.294922 0.333565 0.0372396 0.108796 
0 0.722135 0.0810185 0.0390625 0.137963 
0 0.144661 0.824537 0.0377604 0.101852 
0 0.188151 0.593056 0.0382813 0.0611111 
0 0.598177 0.89838 0.0489583 0.174537 
0 0.442187 0.430787 0.0385417 0.0356481 
0 0.0776042 0.754398 0.0692708 0.0634259 
0 0.120964 0.398843 0.0273438 0.0958333 
0 0.356901 0.499074 0.0460938 0.112963 
0 0.529818 0.498148 0.0492188 0.05 
0 0.49349 0.470602 0.0494792 0.115278 
0 0.45013 0.879398 0.0882813 0.109722 
0 0.0976562 0.485648 0.0416667 0.0805556 
0 0.0882813 0.671296 0.0567708 0.0611111 
0 0.944271 0.488657 0.028125 0.0476852 
0 0.736849 0.22037 0.0335938 0.0453704 
0 0.250521 0.783796 0.0302083 0.0509259 
0 0.302734 0.637269 0.0455729 0.0643518 
