0 0.876432 0.431019 0.0351562 0.112963 
0 0.848698 0.318981 0.0619792 0.0916667 
0 0.785677 0.533333 0.0427083 0.0981481 
0 0.340234 0.653704 0.0414063 0.0787037 
0 0.134505 0.57338 0.0674479 0.0967593 
0 0.585417 0.881019 0.0411458 0.0814815 
0 0.429688 0.922685 0.046875 0.0851852 
0 0.771484 0.257407 0.0341146 0.0833333 
0 0.90625 0.301157 0.0505208 0.0634259 
0 0.440755 0.53125 0.0445312 0.0560185 
0 0.497786 0.56412 0.0325521 0.0634259 
0 0.28125 0.928704 0.0375 0.0898148 
0 0.291667 0.684491 0.0354167 0.111574 
0 0.482943 0.357176 0.0388021 0.0865741 
0 0.211328 0.680093 0.0351562 0.0962963 
0 0.408984 0.577546 0.0429688 0.0523148 
0 0.916406 0.542593 0.0302083 0.0638889 
0 0.16263 0.772685 0.0315104 0.0675926 
0 0.75 0.737037 0.0395833 0.0712963 
0 0.26276 0.736574 0.0369792 0.0740741 
0 0.40026 0.4 0.0333333 0.0944444 
0 0.957031 0.603472 0.040625 0.0689815 
0 0.311589 0.476389 0.0309896 0.0944444 
0 0.333203 0.794213 0.0533854 0.0643518 
0 0.916016 0.705324 0.0356771 0.0949074 
0 0.716276 0.0453704 0.0408854 0.0787037 
0 0.268229 0.547454 0.0442708 0.0643518 
0 0.864844 0.584722 0.0354167 0.0925926 
0 0.186589 0.150694 0.0382813 0.0986111 
0 0.582031 0.642824 0.0463542 0.0625 
0 0.460677 0.581019 0.0375 0.0675926 
0 0.776823 0.682407 0.0328125 0.0546296 
0 0.685547 0.588194 0.0393229 0.0541667 
0 0.525391 0.84213 0.0471354 0.0574074 
0 0.67526 0.412037 0.0739583 0.0990741 
0 0.216797 0.54537 0.0492188 0.0611111 
