0 0.0385417 0.280093 0.046875 0.139815 
0 0.525 0.3875 0.0703125 0.0592593 
0 0.747526 0.660185 0.0497396 0.113889 
0 0.901432 0.676157 0.0585938 0.102315 
0 0.10013 0.309954 0.0450521 0.15787 
0 0.235286 0.76412 0.0455729 0.0902778 
0 0.714323 0.421991 0.0385417 0.0884259 
0 0.278255 0.300926 0.0372396 0.1 
0 0.9375 0.518287 0.0557292 0.0819444 
0 0.782292 0.392593 0.0541667 0.0824074 
0 0.466016 0.455093 0.0601562 0.0759259 
0 0.903385 0.828009 0.0458333 0.050463 
0 0.140234 0.6125 0.0559896 0.0601852 
0 0.511719 0.310417 0.0432292 0.0856481 
0 0.114844 0.901157 0.046875 0.0597222 
0 0.310286 0.459722 0.0361979 0.0712963 
0 0.741667 0.552546 0.0645833 0.0939815 
0 0.958984 0.628472 0.0585938 0.0763889 
0 0.589844 0.428472 0.0604167 0.100463 
0 0.238021 0.535185 0.0338542 0.100926 
0 0.36224 0.38912 0.0442708 0.0773148 
0 0.176432 0.460417 0.0252604 0.103241 
0 0.664062 0.539583 0.0369792 0.0643518 
0 0.465885 0.931481 0.03125 0.0768519 
0 0.68125 0.908796 0.0359375 0.0518519 
0 0.631901 0.783796 0.0309896 0.0722222 
0 0.656771 0.692361 0.0385417 0.0643518 
