0 0.496484 0.115509 0.0664062 0.119907 
0 0.897917 0.645139 0.059375 0.118981 
0 0.372135 0.379398 0.0505208 0.0976852 
0 0.829167 0.316667 0.0536458 0.143519 
0 0.84375 0.563889 0.0302083 0.0638889 
0 0.408984 0.600231 0.0408854 0.121759 
0 0.809635 0.498843 0.0390625 0.145833 
0 0.86862 0.16875 0.0486979 0.141204 
0 0.128776 0.633333 0.0674479 0.0657407 
0 0.354557 0.756481 0.0377604 0.0777778 
0 0.933073 0.724306 0.059375 0.0652778 
0 0.25 0.703009 0.0609375 0.0699074 
0 0.570833 0.374537 0.04375 0.0555556 
0 0.457552 0.576389 0.0567708 0.0666667 
0 0.69388 0.843056 0.0523437 0.108333 
0 0.118099 0.545833 0.0789063 0.0694444 
0 0.0761719 0.838426 0.0424479 0.112037 
0 0.222786 0.343056 0.0434896 0.0787037 
0 0.538542 0.384259 0.0364583 0.0824074 
0 0.889193 0.443056 0.0361979 0.0601852 
0 0.640625 0.319444 0.059375 0.0935185 
0 0.0397135 0.252778 0.0710938 0.107407 
0 0.549349 0.105093 0.0591146 0.087037 
0 0.973828 0.122685 0.0523437 0.0722222 
0 0.320573 0.413194 0.0322917 0.0939815 
0 0.752995 0.87338 0.0867188 0.0847222 
0 0.470964 0.812963 0.0591146 0.138889 
0 0.337109 0.226389 0.0679687 0.0703704 
0 0.708984 0.109491 0.0721354 0.200463 
0 0.175651 0.29838 0.0632813 0.114352 
0 0.532161 0.957407 0.0455729 0.0796296 
0 0.36276 0.913194 0.0572917 0.0828704 
0 0.203646 0.451852 0.0390625 0.0722222 
0 0.264453 0.964352 0.0617188 0.0703704 
0 0.70026 0.73125 0.0484375 0.105093 
0 0.014974 0.413194 0.0299479 0.0541667 
0 0.204688 0.831481 0.0588542 0.0888889 
0 0.267448 0.27338 0.0515625 0.0513889 
0 0.0502604 0.389815 0.0369792 0.12037 
0 0.134766 0.378472 0.0606771 0.0726852 
0 0.314193 0.551157 0.0382813 0.145833 
0 0.67526 0.968287 0.0588542 0.0634259 
0 0.734375 0.78588 0.0635417 0.0726852 
0 0.528385 0.577083 0.0541667 0.0578704 
0 0.148177 0.703009 0.0421875 0.0634259 
0 0.633724 0.61412 0.0830729 0.114352 
0 0.917448 0.515972 0.0307292 0.0810185 
0 0.707422 0.432639 0.0424479 0.0967593 
0 0.752344 0.428704 0.0296875 0.0638889 
0 0.950651 0.905324 0.0190104 0.0893519 
0 0.638281 0.80162 0.0489583 0.0958333 
