0 0.429688 0.409722 0.0640625 0.123148 
0 0.835026 0.559722 0.0434896 0.116667 
0 0.96237 0.114583 0.0632813 0.0856481 
0 0.505469 0.184259 0.0364583 0.112037 
0 0.834505 0.281481 0.0398437 0.141667 
0 0.494661 0.2625 0.0825521 0.0740741 
0 0.419141 0.324074 0.0351562 0.131481 
0 0.104818 0.607176 0.0549479 0.106019 
0 0.912109 0.401852 0.0502604 0.0935185 
0 0.892969 0.510185 0.0708333 0.0888889 
0 0.460417 0.846759 0.0447917 0.148148 
0 0.566406 0.331713 0.0458333 0.10787 
0 0.053125 0.527778 0.0723958 0.0916667 
0 0.367969 0.563889 0.0661458 0.152778 
0 0.895573 0.0300926 0.103646 0.0583333 
0 0.10638 0.738426 0.0424479 0.062037 
0 0.54974 0.965278 0.040625 0.0666667 
0 0.575651 0.234259 0.0419271 0.116667 
0 0.939453 0.510417 0.0481771 0.0939815 
0 0.82474 0.414815 0.0463542 0.0805556 
0 0.0696615 0.333102 0.0466146 0.138426 
0 0.744141 0.0203704 0.0471354 0.0407407 
0 0.251953 0.234954 0.0299479 0.0541667 
0 0.652344 0.0340278 0.0708333 0.0662037 
0 0.761719 0.131481 0.0557292 0.119444 
0 0.0714844 0.855093 0.0638021 0.0601852 
