0 0.976562 0.0865741 0.0463542 0.173148 
0 0.280859 0.515046 0.0565104 0.102315 
0 0.618099 0.0615741 0.0976562 0.0722222 
0 0.602474 0.155787 0.0356771 0.1125 
0 0.346224 0.821296 0.0315104 0.0925926 
0 0.683984 0.118056 0.0648438 0.0722222 
0 0.747656 0.422685 0.105729 0.137963 
0 0.0854167 0.72662 0.0755208 0.1125 
0 0.619141 0.71875 0.0471354 0.104167 
0 0.60638 0.459722 0.0747396 0.14537 
0 0.597266 0.603704 0.0986979 0.0796296 
0 0.813932 0.283102 0.0861979 0.124537 
0 0.308333 0.829861 0.0505208 0.10787 
0 0.5625 0.178472 0.0375 0.108796 
0 0.716797 0.795602 0.0627604 0.104167 
0 0.0356771 0.294444 0.0447917 0.101852 
0 0.323438 0.723148 0.0942708 0.0638889 
0 0.157031 0.753009 0.046875 0.0680556 
0 0.3125 0.933102 0.0463542 0.126389 
0 0.877865 0.534028 0.0536458 0.0912037 
0 0.207813 0.878935 0.0802083 0.0791667 
0 0.046224 0.416898 0.0559896 0.0569444 
0 0.127995 0.849537 0.0414063 0.0685185 
0 0.75 0.533102 0.0567708 0.0662037 
0 0.676823 0.391204 0.10625 0.0759259 
0 0.239714 0.540741 0.0325521 0.112963 
0 0.907812 0.225463 0.0546875 0.0888889 
0 0.791016 0.957407 0.0377604 0.0777778 
0 0.879427 0.806019 0.0828125 0.138889 
0 0.690365 0.940972 0.0432292 0.0532407 
0 0.0209635 0.510417 0.0361979 0.169907 
0 0.411458 0.704167 0.0713542 0.0777778 
0 0.742188 0.601852 0.0880208 0.0601852 
