0 0.98099 0.075463 0.034375 0.137037 
0 0.84375 0.0585648 0.0354167 0.109722 
0 0.565365 0.030787 0.0588542 0.0606481 
0 0.703125 0.406944 0.0359375 0.138889 
0 0.644141 0.425 0.0476562 0.111111 
0 0.5625 0.287269 0.0375 0.099537 
0 0.417188 0.187963 0.0651042 0.0861111 
0 0.547786 0.559722 0.0372396 0.110185 
0 0.146745 0.540278 0.0507812 0.122222 
0 0.979948 0.26875 0.0380208 0.0949074 
0 0.54401 0.107176 0.0395833 0.0569444 
0 0.759766 0.435417 0.0450521 0.0810185 
0 0.735286 0.0476852 0.0367187 0.0472222 
0 0.283854 0.0736111 0.0484375 0.0675926 
0 0.510807 0.443519 0.0585938 0.0907407 
0 0.973177 0.558565 0.0479167 0.0810185 
0 0.442708 0.424074 0.0567708 0.0759259 
0 0.31263 0.119444 0.0424479 0.0518519 
0 0.0557292 0.240278 0.0489583 0.0601852 
0 0.732943 0.262269 0.0346354 0.0773148 
0 0.814453 0.371296 0.0382813 0.075 
0 0.269141 0.744213 0.0419271 0.0791667 
0 0.855469 0.167824 0.053125 0.0763889 
0 0.582031 0.557176 0.0260417 0.123611 
0 0.971615 0.788194 0.0458333 0.0634259 
0 0.464063 0.268981 0.0447917 0.0694444 
0 0.248958 0.182407 0.0505208 0.0814815 
0 0.661589 0.146296 0.0403646 0.0777778 
0 0.229818 0.0344907 0.0513021 0.0652778 
0 0.313672 0.412269 0.0367187 0.0652778 
0 0.921875 0.406019 0.0588542 0.0916667 
0 0.0286458 0.0236111 0.0572917 0.0472222 
0 0.0851562 0.361111 0.05625 0.0638889 
0 0.969792 0.418519 0.0526042 0.0777778 
0 0.016276 0.399074 0.0304688 0.0805556 
0 0.694401 0.202778 0.0434896 0.0787037 
0 0.962891 0.695833 0.0507812 0.0574074 
0 0.330078 0.16088 0.0367187 0.0560185 
0 0.102734 0.65625 0.0440104 0.0671296 
0 0.551693 0.184028 0.0528646 0.050463 
0 0.807552 0.752546 0.0484375 0.0597222 
0 0.240885 0.264583 0.0427083 0.0689815 
0 0.339063 0.542361 0.0244792 0.104167 
0 0.833984 0.577315 0.0507812 0.0768519 
0 0.660677 0.340972 0.0526042 0.0902778 
0 0.970182 0.634028 0.0575521 0.0828704 
0 0.578125 0.396528 0.0630208 0.0662037 
