0 0.662109 0.149537 0.0585938 0.122222 
0 0.70651 0.568981 0.0786458 0.0935185 
0 0.811589 0.480556 0.107031 0.131481 
0 0.947656 0.682176 0.102083 0.0810185 
0 0.728906 0.0300926 0.0651042 0.0601852 
0 0.775391 0.0712963 0.0684896 0.0685185 
0 0.78763 0.16875 0.0325521 0.0800926 
0 0.760677 0.430093 0.0333333 0.12037 
0 0.289062 0.496528 0.0453125 0.0532407 
0 0.474349 0.0615741 0.0361979 0.0453704 
0 0.355208 0.453935 0.0286458 0.0439815 
0 0.727083 0.437731 0.0338542 0.13287 
0 0.733464 0.908796 0.0638021 0.137037 
0 0.578125 0.567593 0.034375 0.0564815 
0 0.597135 0.268287 0.05625 0.195833 
0 0.0859375 0.651852 0.046875 0.0481481 
0 0.590365 0.902083 0.0348958 0.0652778 
0 0.970703 0.25 0.0492188 0.075 
0 0.398698 0.571528 0.046875 0.0513889 
0 0.48138 0.719676 0.0554687 0.0726852 
0 0.0513021 0.369213 0.0322917 0.0597222 
0 0.183594 0.484491 0.0541667 0.0430556 
0 0.634245 0.0590278 0.0539063 0.0847222 
0 0.280859 0.259954 0.0299479 0.0550926 
0 0.222396 0.669213 0.0401042 0.0412037 
0 0.615755 0.934954 0.0460938 0.0634259 
0 0.447396 0.818981 0.0598958 0.0907407 
0 0.151172 0.0469907 0.0382813 0.0615741 
0 0.541536 0.930556 0.0351562 0.121296 
0 0.672786 0.889815 0.0372396 0.155556 
0 0.25651 0.174537 0.0520833 0.0574074 
0 0.429688 0.735417 0.0427083 0.0699074 
0 0.552214 0.268287 0.0299479 0.0476852 
0 0.802344 0.318056 0.05625 0.0861111 
0 0.136719 0.446528 0.0213542 0.0717593 
0 0.573177 0.610185 0.0234375 0.0694444 
0 0.170573 0.385648 0.0348958 0.0388889 
0 0.109115 0.0717593 0.0432292 0.0518519 
0 0.4375 0.917361 0.0541667 0.0643518 
0 0.378385 0.691898 0.0375 0.0699074 
0 0.630859 0.979861 0.0372396 0.0402778 
0 0.428646 0.290972 0.046875 0.0421296 
0 0.0233073 0.127546 0.0309896 0.0773148 
0 0.332292 0.695833 0.0302083 0.0657407 
0 0.138672 0.909722 0.108073 0.0768519 
0 0.540104 0.129861 0.0447917 0.0532407 
0 0.385286 0.331481 0.0210938 0.0796296 
0 0.542448 0.0539352 0.0380208 0.0782407 
0 0.204818 0.283333 0.0398437 0.0398148 
0 0.398177 0.490741 0.0395833 0.0546296 
0 0.343229 0.121296 0.0614583 0.037037 
0 0.470964 0.653935 0.0679687 0.0652778 
0 0.303776 0.0671296 0.0518229 0.0648148 
0 0.676302 0.322454 0.0203125 0.0782407 
0 0.0253906 0.0972222 0.0361979 0.0833333 
