0 0.583464 0.0344907 0.0221354 0.0689815 
0 0.526302 0.850694 0.0369792 0.0791667 
0 0.61276 0.803935 0.0354167 0.0736111 
0 0.565885 0.304167 0.0359375 0.0407407 
0 0.45 0.926157 0.0401042 0.0421296 
0 0.614844 0.0527778 0.0260417 0.062037 
0 0.496615 0.0615741 0.0338542 0.0416667 
0 0.460677 0.260648 0.0354167 0.0564815 
0 0.567318 0.480787 0.0377604 0.0421296 
0 0.602604 0.194213 0.0244792 0.0708333 
0 0.592318 0.971296 0.0492188 0.0555556 
0 0.600651 0.282176 0.0523437 0.0393519 
0 0.619661 0.675694 0.0309896 0.0486111 
0 0.496615 0.972222 0.0348958 0.0537037 
0 0.336198 0.647222 0.0322917 0.0574074 
0 0.396094 0.578935 0.028125 0.0486111 
0 0.561589 0.191204 0.0268229 0.0722222 
0 0.351562 0.0921296 0.0427083 0.0490741 
0 0.299609 0.0921296 0.0372396 0.0601852 
0 0.47513 0.40463 0.0492188 0.0444444 
0 0.662109 0.273843 0.0638021 0.0523148 
0 0.584505 0.575 0.0471354 0.062963 
0 0.286589 0.261574 0.0440104 0.0425926 
0 0.052474 0.248843 0.0367187 0.0421296 
0 0.526823 0.069213 0.0265625 0.0856481 
0 0.375781 0.043287 0.0447917 0.0365741 
0 0.695312 0.0925926 0.0536458 0.0472222 
0 0.411458 0.427083 0.0291667 0.0541667 
0 0.591797 0.478704 0.0377604 0.0537037 
0 0.212109 0.462269 0.0330729 0.0643518 
0 0.866276 0.330093 0.0523437 0.0768519 
0 0.522917 0.621991 0.0213542 0.0884259 
0 0.367188 0.240741 0.0255208 0.062037 
0 0.384245 0.505093 0.0434896 0.0601852 
0 0.619661 0.329167 0.0388021 0.0490741 
0 0.171615 0.844444 0.0375 0.0435185 
0 0.302734 0.518287 0.0403646 0.0402778 
0 0.553776 0.349306 0.0455729 0.0439815 
0 0.615755 0.109259 0.0492188 0.0564815 
0 0.233724 0.495833 0.0320312 0.0472222 
0 0.390365 0.323611 0.0302083 0.0305556 
0 0.505339 0.278704 0.0294271 0.0685185 
0 0.253906 0.0344907 0.034375 0.0689815 
