0 0.259896 0.0358796 0.0348958 0.0643518 
0 0.45013 0.12662 0.0356771 0.0578704 
0 0.357943 0.0368056 0.0341146 0.0615741 
0 0.541927 0.0539352 0.0401042 0.0912037 
0 0.209375 0.14213 0.04375 0.062963 
0 0.0635417 0.810417 0.078125 0.109722 
0 0.84375 0.0768519 0.0546875 0.0638889 
0 0.699219 0.825 0.0479167 0.0740741 
0 0.750911 0.101852 0.0257812 0.0935185 
0 0.429167 0.17037 0.034375 0.0564815 
0 0.923307 0.138194 0.0408854 0.0597222 
0 0.638672 0.316204 0.0299479 0.0768519 
0 0.201172 0.0861111 0.0367187 0.0407407 
0 0.805599 0.438194 0.0398437 0.075463 
0 0.641016 0.482176 0.0184896 0.0662037 
0 0.986849 0.370139 0.0226563 0.0967593 
0 0.354948 0.378935 0.0489583 0.0680556 
0 0.511719 0.141667 0.0270833 0.0509259 
0 0.435286 0.291898 0.0544271 0.0625 
