0 0.104427 0.820602 0.0708333 0.126389 
0 0.408854 0.893287 0.0645833 0.123611 
0 0.726562 0.865509 0.0463542 0.10787 
0 0.744141 0.786574 0.0356771 0.0990741 
0 0.896484 0.965278 0.0434896 0.0685185 
0 0.473177 0.594213 0.0302083 0.0615741 
0 0.861328 0.958333 0.0356771 0.0731481 
0 0.210807 0.590278 0.0408854 0.111111 
0 0.898438 0.786806 0.0333333 0.116204 
0 0.132031 0.652083 0.0458333 0.101389 
0 0.807552 0.757407 0.040625 0.0657407 
0 0.786068 0.522917 0.0492188 0.1125 
0 0.644531 0.378009 0.0265625 0.0597222 
0 0.800781 0.631019 0.0651042 0.0833333 
0 0.58099 0.702315 0.0494792 0.075 
0 0.480208 0.380787 0.0317708 0.0875 
0 0.734766 0.53912 0.0346354 0.158796 
0 0.820833 0.446528 0.0390625 0.102315 
0 0.530208 0.893287 0.0390625 0.0458333 
0 0.23776 0.710417 0.0713542 0.0587963 
0 0.294271 0.969676 0.0421875 0.0606481 
0 0.602604 0.0240741 0.0484375 0.0481481 
0 0.377214 0.474074 0.0528646 0.131481 
0 0.270443 0.772454 0.0492188 0.0800926 
0 0.108464 0.958333 0.0471354 0.0805556 
0 0.689844 0.516435 0.040625 0.0597222 
0 0.51901 0.314352 0.0296875 0.0527778 
0 0.48099 0.773611 0.0276042 0.110185 
0 0.603516 0.763889 0.0294271 0.0601852 
0 0.306901 0.714815 0.0398437 0.0768519 
