0 0.138672 0.132639 0.129427 0.105093 
0 0.24388 0.613194 0.0523437 0.124537 
0 0.135547 0.365509 0.0695312 0.122685 
0 0.0333333 0.596759 0.0421875 0.110185 
0 0.652865 0.327778 0.0713542 0.0972222 
0 0.547917 0.133333 0.0427083 0.0768519 
0 0.716797 0.325 0.0398437 0.106481 
0 0.913151 0.601157 0.0544271 0.0782407 
0 0.964323 0.190972 0.0520833 0.0736111 
0 0.580599 0.322454 0.0325521 0.159722 
0 0.444922 0.394213 0.0820312 0.118981 
0 0.260286 0.0763889 0.0492188 0.0666667 
0 0.789583 0.634259 0.04375 0.0740741 
0 0.930599 0.366667 0.0382813 0.0731481 
0 0.0244792 0.452546 0.0395833 0.0976852 
0 0.96875 0.643981 0.0427083 0.0898148 
0 0.928646 0.427315 0.0515625 0.125 
0 0.434896 0.163426 0.05 0.0740741 
0 0.218229 0.730556 0.0354167 0.087037 
0 0.286458 0.306481 0.0526042 0.0583333 
0 0.92487 0.29375 0.0263021 0.0800926 
0 0.898438 0.0548611 0.0505208 0.0976852 
0 0.179427 0.965278 0.0598958 0.0675926 
0 0.502995 0.911574 0.0585938 0.0555556 
0 0.301302 0.650231 0.0546875 0.0828704 
0 0.461458 0.736574 0.0328125 0.0638889 
0 0.270052 0.783102 0.0536458 0.0550926 
0 0.283203 0.38287 0.0638021 0.0666667 
0 0.0817708 0.76088 0.0307292 0.0569444 
0 0.857031 0.423148 0.0380208 0.0657407 
0 0.386458 0.0722222 0.0447917 0.10463 
0 0.117188 0.735185 0.0348958 0.075 
0 0.909635 0.675 0.0333333 0.0518519 
0 0.258203 0.859259 0.0518229 0.0546296 
0 0.0786458 0.373611 0.0333333 0.0759259 
0 0.520573 0.259491 0.0645833 0.0949074 
0 0.363021 0.418287 0.0276042 0.0986111 
0 0.742188 0.93125 0.0526042 0.118056 
0 0.870182 0.483102 0.0638021 0.0513889 
0 0.541406 0.524306 0.0338542 0.10787 
0 0.974089 0.545139 0.0486979 0.0736111 
0 0.306771 0.49213 0.0677083 0.0537037 
0 0.402083 0.923611 0.0427083 0.0675926 
0 0.536068 0.946296 0.0273438 0.0888889 
0 0.584896 0.750463 0.0338542 0.102778 
0 0.708594 0.419444 0.025 0.0861111 
0 0.26224 0.197917 0.0401042 0.123611 
0 0.415625 0.632639 0.0619792 0.0791667 
