0 0.858333 0.0395833 0.0411458 0.0782407 
0 0.932161 0.322685 0.0398437 0.123148 
0 0.140234 0.821528 0.0429688 0.104167 
0 0.471615 0.816435 0.0255208 0.118981 
0 0.180859 0.30787 0.0502604 0.108333 
0 0.755859 0.493519 0.0846354 0.0685185 
0 0.545833 0.395139 0.0588542 0.110648 
0 0.714453 0.153241 0.0664062 0.0851852 
0 0.117839 0.384491 0.0398437 0.126389 
0 0.282552 0.965278 0.0552083 0.0694444 
0 0.085026 0.13588 0.0445312 0.100463 
0 0.605469 0.408565 0.0791667 0.0699074 
0 0.24388 0.806713 0.0445312 0.0763889 
0 0.295833 0.152315 0.0505208 0.0694444 
0 0.461198 0.45625 0.0583333 0.119907 
0 0.597656 0.756019 0.0286458 0.0675926 
0 0.677734 0.572917 0.0382813 0.0736111 
0 0.942839 0.701389 0.0388021 0.0759259 
0 0.370182 0.661574 0.0523437 0.0703704 
0 0.496615 0.845602 0.0333333 0.125463 
0 0.25612 0.702778 0.0325521 0.12037 
0 0.648958 0.878935 0.0453125 0.121759 
0 0.320833 0.581019 0.065625 0.0657407 
0 0.0257812 0.324306 0.0421875 0.111574 
0 0.441536 0.925231 0.0377604 0.126389 
0 0.241927 0.396065 0.0265625 0.0643518 
0 0.192448 0.516898 0.0729167 0.0837963 
0 0.167318 0.130324 0.0216146 0.0930556 
0 0.119922 0.9375 0.0721354 0.0814815 
0 0.552734 0.703935 0.0617188 0.0615741 
0 0.951172 0.0525463 0.0549479 0.0782407 
0 0.21901 0.901852 0.0484375 0.1 
0 0.732422 0.0752315 0.0445312 0.050463 
0 0.582552 0.857639 0.0869792 0.0773148 
0 0.380339 0.192824 0.0492188 0.0606481 
0 0.816797 0.302546 0.0841146 0.124537 
0 0.91263 0.83287 0.0549479 0.0657407 
0 0.972656 0.921065 0.0510417 0.0810185 
0 0.42513 0.708102 0.0304688 0.118056 
0 0.654297 0.621065 0.0393229 0.0856481 
0 0.775391 0.864583 0.0455729 0.154167 
0 0.910156 0.638889 0.0541667 0.0685185 
0 0.493099 0.0902778 0.0377604 0.105556 
