0 0.803776 0.229398 0.0778646 0.103241 
0 0.525391 0.274769 0.0393229 0.101389 
0 0.288932 0.453009 0.0638021 0.100463 
0 0.819271 0.406019 0.040625 0.105556 
0 0.921354 0.0493056 0.0703125 0.0967593 
0 0.442187 0.327778 0.0427083 0.101852 
0 0.315755 0.362963 0.0388021 0.0712963 
0 0.964323 0.360648 0.0552083 0.0944444 
0 0.570312 0.517824 0.0458333 0.0625 
0 0.236328 0.205787 0.0289063 0.0884259 
0 0.451953 0.706481 0.0341146 0.0981481 
0 0.0576823 0.188657 0.0591146 0.103241 
0 0.67474 0.0293981 0.0588542 0.0587963 
0 0.0699219 0.267361 0.0710938 0.0513889 
0 0.190495 0.584491 0.0684896 0.0643518 
0 0.332812 0.243519 0.0604167 0.0851852 
0 0.522526 0.578241 0.0533854 0.107407 
0 0.972135 0.965278 0.0463542 0.0666667 
0 0.557552 0.788194 0.0494792 0.118056 
0 0.567448 0.638426 0.040625 0.0833333 
0 0.308854 0.654861 0.0614583 0.0773148 
0 0.961979 0.462731 0.0479167 0.100463 
0 0.389844 0.732407 0.0442708 0.105556 
0 0.022526 0.601389 0.0450521 0.0805556 
0 0.205599 0.467824 0.0716146 0.0680556 
0 0.885807 0.836806 0.0940104 0.0976852 
0 0.413672 0.493056 0.0335938 0.125926 
0 0.483854 0.131019 0.1 0.1 
0 0.791016 0.527546 0.0705729 0.108796 
0 0.0882813 0.319676 0.0453125 0.0662037 
0 0.189844 0.752083 0.0395833 0.0541667 
0 0.428776 0.893981 0.0606771 0.0824074 
0 0.122656 0.428009 0.0583333 0.0958333 
0 0.0238281 0.663194 0.0424479 0.106944 
0 0.600521 0.93588 0.040625 0.108796 
0 0.881901 0.019213 0.0533854 0.0384259 
0 0.030599 0.093287 0.0403646 0.0662037 
0 0.289062 0.183333 0.0734375 0.144444 
0 0.742708 0.58912 0.046875 0.0587963 
0 0.308333 0.948611 0.0625 0.0972222 
0 0.680729 0.292824 0.0739583 0.0949074 
0 0.109115 0.106019 0.0489583 0.101852 
0 0.193099 0.675463 0.0403646 0.0611111 
0 0.641667 0.514352 0.05625 0.0703704 
0 0.22474 0.286574 0.0739583 0.0824074 
0 0.729948 0.0173611 0.0552083 0.0337963 
0 0.803646 0.681481 0.0479167 0.0935185 
