0 0.972656 0.426852 0.0536458 0.12037 
0 0.764714 0.332176 0.0591146 0.0921296 
0 0.517578 0.728009 0.0684896 0.074537 
0 0.867188 0.305787 0.071875 0.0717593 
0 0.51901 0.594444 0.0401042 0.0990741 
0 0.884245 0.795139 0.0414063 0.0800926 
0 0.845312 0.611111 0.0307292 0.113889 
0 0.752995 0.731713 0.0445312 0.0930556 
0 0.35625 0.565972 0.040625 0.0625 
0 0.979036 0.108333 0.0388021 0.0962963 
0 0.716797 0.72963 0.0346354 0.0601852 
0 0.66263 0.418287 0.0684896 0.074537 
0 0.904818 0.743056 0.0382813 0.0685185 
0 0.794401 0.63125 0.0523437 0.0689815 
0 0.828646 0.224306 0.065625 0.0810185 
0 0.375651 0.681019 0.0393229 0.0833333 
0 0.878385 0.890741 0.0375 0.0601852 
0 0.217708 0.736574 0.059375 0.0759259 
0 0.453385 0.953935 0.034375 0.0912037 
0 0.585938 0.957639 0.0494792 0.0791667 
0 0.285156 0.858102 0.0494792 0.0587963 
0 0.830469 0.880324 0.0447917 0.0615741 
0 0.261719 0.311806 0.0708333 0.149537 
0 0.617708 0.228472 0.0375 0.0875 
0 0.983073 0.31088 0.0338542 0.0541667 
0 0.629427 0.30463 0.0286458 0.110185 
0 0.211979 0.528241 0.0692708 0.1 
0 0.379036 0.765509 0.0585938 0.075463 
0 0.965755 0.224537 0.0507812 0.0916667 
0 0.51849 0.946065 0.0619792 0.0819444 
0 0.771094 0.464815 0.046875 0.0564815 
0 0.199609 0.963657 0.0559896 0.0689815 
0 0.0209635 0.77963 0.0341146 0.0722222 
