0 0.624479 0.59375 0.0348958 0.1375 
0 0.650911 0.859954 0.0393229 0.139352 
0 0.904297 0.853241 0.0721354 0.162963 
0 0.200391 0.940972 0.0638021 0.106944 
0 0.489062 0.143056 0.0427083 0.127778 
0 0.165234 0.872917 0.0434896 0.105093 
0 0.429297 0.0546296 0.0356771 0.0722222 
0 0.751432 0.365509 0.0341146 0.100463 
0 0.796875 0.0643518 0.0552083 0.0731481 
0 0.973177 0.166204 0.0520833 0.087037 
0 0.475651 0.429861 0.0471354 0.0986111 
0 0.590365 0.671759 0.040625 0.12963 
0 0.776823 0.573611 0.0380208 0.141667 
0 0.674349 0.658102 0.0315104 0.103241 
0 0.890625 0.951389 0.0645833 0.0731481 
0 0.211849 0.159954 0.0523437 0.075463 
0 0.323698 0.944444 0.0421875 0.0944444 
0 0.627344 0.713657 0.025 0.0819444 
0 0.0710938 0.0935185 0.0432292 0.0509259 
0 0.476823 0.822454 0.0401042 0.0763889 
0 0.0876302 0.756944 0.0721354 0.0722222 
0 0.548828 0.626157 0.0341146 0.099537 
