0 0.744531 0.24537 0.0505208 0.105556 
0 0.708984 0.617361 0.0372396 0.0736111 
0 0.830599 0.447917 0.0518229 0.102315 
0 0.542578 0.232639 0.0361979 0.099537 
0 0.367057 0.292824 0.0518229 0.0773148 
0 0.29349 0.268519 0.0453125 0.0731481 
0 0.786068 0.506481 0.0486979 0.0814815 
0 0.662109 0.427546 0.0460938 0.0976852 
0 0.570312 0.71875 0.0458333 0.0902778 
0 0.503385 0.358333 0.0583333 0.108333 
0 0.396484 0.330787 0.0408854 0.0597222 
0 0.754427 0.439815 0.0354167 0.075 
0 0.644531 0.674306 0.0385417 0.114352 
0 0.947656 0.489583 0.0557292 0.0939815 
0 0.970703 0.868519 0.0356771 0.0703704 
0 0.789583 0.682176 0.0526042 0.0550926 
0 0.603516 0.274537 0.0502604 0.0805556 
0 0.0635417 0.597685 0.03125 0.062963 
0 0.202083 0.858565 0.0317708 0.0791667 
0 0.309766 0.791204 0.0236979 0.0722222 
0 0.341016 0.710417 0.0377604 0.0699074 
0 0.815365 0.64537 0.0416667 0.0611111 
0 0.66263 0.960185 0.0460938 0.0666667 
0 0.568359 0.399074 0.0523437 0.0657407 
0 0.111458 0.638889 0.0317708 0.0907407 
0 0.809115 0.371296 0.0265625 0.0907407 
0 0.973177 0.269213 0.053125 0.0523148 
0 0.85651 0.30463 0.0661458 0.10463 
0 0.974349 0.221296 0.0513021 0.0398148 
0 0.0746094 0.509954 0.0429688 0.0458333 
0 0.151693 0.948843 0.0533854 0.101389 
0 0.707031 0.256944 0.0197917 0.1 
0 0.778906 0.575 0.0401042 0.0712963 
0 0.278385 0.423843 0.0458333 0.0643518 
0 0.616276 0.399537 0.0450521 0.113889 
0 0.901302 0.97662 0.0453125 0.0458333 
0 0.357422 0.446991 0.0356771 0.0819444 
0 0.251953 0.3125 0.0497396 0.0796296 
0 0.374219 0.677546 0.0260417 0.0717593 
0 0.0169271 0.375231 0.0333333 0.0810185 
0 0.145443 0.407639 0.0455729 0.0550926 
0 0.061849 0.783796 0.0403646 0.0648148 
