0 0.598698 0.175463 0.0729167 0.219444 
0 0.730469 0.371991 0.0583333 0.14213 
0 0.932552 0.0453704 0.0515625 0.0898148 
0 0.417057 0.175694 0.0575521 0.106019 
0 0.598568 0.519907 0.0414063 0.0925926 
0 0.910156 0.305787 0.0489583 0.074537 
0 0.471745 0.601157 0.0398437 0.0578704 
0 0.296875 0.426852 0.0458333 0.0888889 
0 0.350651 0.631944 0.0408854 0.103704 
0 0.127344 0.346991 0.0567708 0.120833 
0 0.0707031 0.578472 0.0695312 0.0597222 
0 0.260286 0.575694 0.0414063 0.125463 
0 0.958984 0.246065 0.0674479 0.136574 
0 0.564974 0.375926 0.0575521 0.0925926 
0 0.838932 0.753935 0.0653646 0.0634259 
0 0.256901 0.459259 0.0309896 0.0944444 
0 0.929688 0.137269 0.0453125 0.0726852 
0 0.302995 0.765972 0.0367187 0.074537 
0 0.207292 0.721296 0.0630208 0.0675926 
0 0.176172 0.384259 0.0507812 0.0666667 
0 0.0945313 0.661574 0.0645833 0.062037 
0 0.758333 0.221528 0.0359375 0.120833 
0 0.160807 0.821991 0.0585938 0.0930556 
0 0.827083 0.671759 0.0598958 0.0888889 
0 0.323047 0.926157 0.0575521 0.0726852 
0 0.167969 0.548148 0.040625 0.0740741 
0 0.410417 0.844676 0.0416667 0.0912037 
0 0.723177 0.533565 0.0421875 0.144907 
0 0.761719 0.592361 0.0348958 0.0560185 
0 0.5625 0.809028 0.0442708 0.0912037 
0 0.801823 0.0511574 0.0807292 0.0986111 
0 0.216927 0.32037 0.0510417 0.0453704 
0 0.0330729 0.873148 0.0588542 0.0944444 
0 0.680729 0.891435 0.0796875 0.0736111 
0 0.798307 0.47963 0.0351562 0.0601852 
0 0.942839 0.828935 0.0554687 0.141204 
0 0.270052 0.27338 0.0630208 0.0699074 
0 0.629427 0.739583 0.0369792 0.0875 
0 0.470964 0.161574 0.0611979 0.0824074 
0 0.551693 0.640972 0.0502604 0.0930556 
0 0.876432 0.181944 0.0591146 0.0722222 
0 0.244401 0.634028 0.0539063 0.0763889 
0 0.284115 0.881481 0.059375 0.0796296 
0 0.478385 0.414583 0.0635417 0.0837963 
0 0.860286 0.0208333 0.0481771 0.0416667 
0 0.232812 0.963426 0.0546875 0.0685185 
0 0.0933594 0.42662 0.0585938 0.0523148 
0 0.398438 0.584722 0.0536458 0.0898148 
0 0.63776 0.463426 0.0432292 0.0703704 
0 0.461198 0.422685 0.0364583 0.0898148 
0 0.152995 0.490046 0.0424479 0.0615741 
