0 0.915495 0.893287 0.0695312 0.113426 
0 0.476823 0.793287 0.0541667 0.0689815 
0 0.890625 0.572917 0.0505208 0.124537 
0 0.0270833 0.718287 0.0427083 0.122685 
0 0.0847656 0.738194 0.0382813 0.105093 
0 0.853516 0.9375 0.0361979 0.119444 
0 0.498568 0.349306 0.0320312 0.0523148 
0 0.529297 0.529167 0.0367187 0.151852 
0 0.269531 0.951389 0.0421875 0.0972222 
0 0.194141 0.748843 0.0528646 0.0569444 
0 0.652344 0.64213 0.0447917 0.0796296 
0 0.178906 0.667361 0.0541667 0.106019 
0 0.522917 0.728704 0.0479167 0.110185 
0 0.592839 0.436111 0.0304688 0.0518519 
0 0.152214 0.564583 0.0346354 0.139352 
0 0.880859 0.850694 0.0445312 0.118981 
0 0.602474 0.917593 0.0320312 0.147222 
0 0.0897135 0.965278 0.0778646 0.0657407 
0 0.93125 0.706944 0.0421875 0.0777778 
0 0.777865 0.552778 0.0307292 0.105556 
0 0.944792 0.643287 0.0817708 0.0449074 
0 0.709896 0.41412 0.0552083 0.0421296 
0 0.941406 0.496528 0.0380208 0.0384259 
0 0.0802083 0.882407 0.0296875 0.0611111 
