0 0.680729 0.704398 0.0380208 0.155093 
0 0.750521 0.734954 0.0645833 0.0810185 
0 0.83737 0.848148 0.0591146 0.103704 
0 0.727604 0.875463 0.0598958 0.150926 
0 0.857031 0.709722 0.053125 0.175926 
0 0.460417 0.747685 0.071875 0.130556 
0 0.593359 0.402083 0.0346354 0.0606481 
0 0.917969 0.70787 0.08125 0.0601852 
0 0.495573 0.840972 0.046875 0.138426 
0 0.980859 0.755556 0.0372396 0.153704 
0 0.939453 0.913889 0.0664062 0.0759259 
0 0.569922 0.849306 0.0674479 0.0902778 
0 0.245182 0.412269 0.0585938 0.0643518 
0 0.491406 0.362731 0.0380208 0.0597222 
0 0.0527344 0.643981 0.0778646 0.0666667 
0 0.982943 0.478472 0.0330729 0.100463 
0 0.721224 0.496065 0.0648438 0.0569444 
0 0.292448 0.932407 0.0473958 0.0962963 
0 0.283594 0.761343 0.0270833 0.0625 
0 0.794922 0.328472 0.0596354 0.0652778 
0 0.13776 0.634491 0.0541667 0.0458333 
