0 0.0919271 0.592361 0.046875 0.0736111 
0 0.821224 0.188889 0.0789063 0.0685185 
0 0.338151 0.409028 0.0481771 0.103241 
0 0.482943 0.357639 0.0440104 0.0865741 
0 0.298568 0.578009 0.0627604 0.1125 
0 0.912109 0.501389 0.0606771 0.0731481 
0 0.791016 0.576389 0.0330729 0.087037 
0 0.699219 0.274769 0.0484375 0.0884259 
0 0.392839 0.375231 0.0466146 0.0708333 
0 0.278125 0.92963 0.0359375 0.105556 
0 0.846224 0.319907 0.0476562 0.107407 
0 0.57474 0.651852 0.0375 0.0851852 
0 0.64401 0.678935 0.0479167 0.0467593 
0 0.978516 0.182639 0.0377604 0.0736111 
0 0.957552 0.58588 0.0479167 0.0847222 
0 0.279818 0.433565 0.0539063 0.111574 
0 0.372135 0.0393519 0.0447917 0.0731481 
0 0.878516 0.0222222 0.0372396 0.0435185 
0 0.863802 0.603009 0.0354167 0.0689815 
0 0.897526 0.394676 0.0533854 0.0856481 
0 0.720703 0.506944 0.0283854 0.0907407 
0 0.932552 0.12662 0.0458333 0.0532407 
0 0.964323 0.429167 0.0354167 0.0888889 
0 0.898438 0.218287 0.0572917 0.0486111 
0 0.861849 0.100463 0.0815104 0.0962963 
0 0.821745 0.785648 0.0393229 0.0666667 
0 0.761328 0.3125 0.0481771 0.114815 
0 0.586849 0.597685 0.0382813 0.0657407 
0 0.198177 0.54375 0.0302083 0.0662037 
0 0.065625 0.953009 0.0708333 0.0893519 
0 0.244141 0.11412 0.0523437 0.0782407 
0 0.320833 0.736111 0.0364583 0.0824074 
0 0.0204427 0.651852 0.0388021 0.0787037 
0 0.201042 0.813426 0.05625 0.087037 
0 0.789583 0.436574 0.0536458 0.0592593 
0 0.253125 0.75 0.0557292 0.0703704 
