0 0.548307 0.933102 0.0377604 0.0791667 
0 0.510807 0.190509 0.0377604 0.0625 
0 0.418359 0.471759 0.0335938 0.062963 
0 0.630339 0.163889 0.0346354 0.0611111 
0 0.483073 0.459954 0.0390625 0.0430556 
0 0.647526 0.813426 0.0705729 0.0675926 
0 0.729948 0.143519 0.0572917 0.0546296 
0 0.113932 0.251389 0.0393229 0.0601852 
0 0.588932 0.371759 0.0403646 0.0416667 
0 0.408464 0.627546 0.0356771 0.0615741 
0 0.608333 0.0671296 0.0270833 0.0962963 
0 0.302214 0.125 0.0393229 0.0574074 
0 0.564453 0.289583 0.0231771 0.0486111 
0 0.398828 0.209259 0.0523437 0.0435185 
0 0.1875 0.646991 0.0369792 0.0421296 
0 0.39375 0.552083 0.0458333 0.0523148 
0 0.511198 0.101389 0.0317708 0.0416667 
0 0.513672 0.263657 0.0325521 0.0337963 
0 0.643099 0.1 0.0289063 0.0694444 
0 0.377734 0.321528 0.0440104 0.0421296 
0 0.353776 0.124769 0.0403646 0.0532407 
0 0.64987 0.64537 0.0263021 0.0842593 
0 0.0201823 0.0453704 0.0263021 0.0481481 
0 0.660156 0.0375 0.0427083 0.05 
0 0.626953 0.243981 0.0273438 0.0777778 
0 0.0447917 0.75 0.0322917 0.0509259 
0 0.474349 0.30787 0.0335938 0.0546296 
0 0.51224 0.0159722 0.034375 0.0300926 
0 0.342187 0.699769 0.0317708 0.0449074 
0 0.583984 0.422685 0.0315104 0.0638889 
0 0.175391 0.895139 0.0419271 0.049537 
0 0.0432292 0.278935 0.0286458 0.0347222 
0 0.901302 0.380093 0.0432292 0.0648148 
0 0.229687 0.422917 0.0333333 0.0569444 
0 0.610807 0.547917 0.0481771 0.0578704 
0 0.573177 0.40463 0.0515625 0.0509259 
0 0.25638 0.0291667 0.0330729 0.0583333 
0 0.284896 0.019213 0.0322917 0.0384259 
0 0.371615 0.472917 0.0348958 0.0421296 
0 0.646484 0.44838 0.0304688 0.0569444 
0 0.192578 0.736111 0.0377604 0.0592593 
0 0.408464 0.296296 0.0450521 0.0537037 
