0 0.484896 0.520833 0.0625 0.12037 
0 0.76224 0.784259 0.0369792 0.0944444 
0 0.520964 0.794676 0.0372396 0.0837963 
0 0.392839 0.494676 0.0721354 0.0893519 
0 0.235417 0.401389 0.0489583 0.0805556 
0 0.761719 0.592824 0.0453125 0.156944 
0 0.286198 0.0361111 0.0927083 0.0722222 
0 0.756901 0.196296 0.0643229 0.131481 
0 0.958073 0.77662 0.0713542 0.0884259 
0 0.398177 0.756944 0.0276042 0.087963 
0 0.556641 0.923611 0.0440104 0.108333 
0 0.676302 0.824769 0.0432292 0.0902778 
0 0.197005 0.47338 0.0377604 0.0643518 
