0 0.709896 0.0666667 0.0677083 0.111111 
0 0.635286 0.329167 0.0846354 0.128704 
0 0.725 0.260185 0.0963542 0.144444 
0 0.502995 0.409722 0.0757812 0.101852 
0 0.676823 0.502315 0.0510417 0.0833333 
0 0.791536 0.400926 0.0992187 0.128704 
0 0.635286 0.657176 0.0460938 0.0967593 
0 0.604036 0.860185 0.0601562 0.131481 
0 0.707943 0.326389 0.0440104 0.167593 
0 0.709505 0.517824 0.0596354 0.0717593 
0 0.570833 0.0576389 0.0536458 0.0912037 
0 0.696354 0.6 0.0421875 0.130556 
0 0.117318 0.605093 0.0335938 0.0518519 
0 0.117448 0.242593 0.0421875 0.0768519 
0 0.240104 0.215741 0.0536458 0.0759259 
0 0.646484 0.901852 0.0632813 0.123148 
0 0.346875 0.122454 0.0354167 0.0708333 
0 0.497266 0.646759 0.0518229 0.0416667 
0 0.857943 0.181481 0.0809896 0.062037 
0 0.467969 0.78287 0.071875 0.0990741 
0 0.852474 0.121065 0.0544271 0.049537 
0 0.804167 0.579167 0.0380208 0.0462963 
0 0.219922 0.602778 0.0559896 0.0657407 
0 0.532812 0.174306 0.0796875 0.0421296 
0 0.570312 0.374769 0.0526042 0.150463 
0 0.0927083 0.299306 0.0453125 0.0486111 
0 0.436589 0.0726852 0.0669271 0.0518519 
0 0.30651 0.27662 0.0348958 0.0634259 
0 0.480469 0.149769 0.0401042 0.0800926 
0 0.604036 0.184491 0.0440104 0.108796 
0 0.617708 0.737037 0.0484375 0.087963 
0 0.272917 0.330556 0.0276042 0.0546296 
0 0.358854 0.732639 0.0708333 0.0421296 
0 0.333724 0.818056 0.0341146 0.087963 
0 0.539062 0.681019 0.0380208 0.0527778 
0 0.96237 0.28125 0.0523437 0.0486111 
0 0.35612 0.234722 0.0466146 0.0601852 
0 0.221875 0.846296 0.0338542 0.0462963 
0 0.582031 0.951389 0.0609375 0.05 
0 0.0643229 0.667361 0.0588542 0.0532407 
0 0.588411 0.567824 0.0507812 0.0699074 
0 0.988802 0.1875 0.0197917 0.0657407 
0 0.53763 0.908796 0.0445312 0.0657407 
0 0.656771 0.974074 0.0661458 0.0518519 
0 0.411589 0.84537 0.0513021 0.0611111 
0 0.102604 0.0240741 0.0354167 0.0453704 
0 0.0901042 0.158102 0.0359375 0.0430556 
0 0.113021 0.540046 0.0395833 0.0652778 
0 0.264323 0.756944 0.034375 0.12037 
0 0.182031 0.375231 0.025 0.0800926 
0 0.298568 0.624074 0.0533854 0.0611111 
0 0.340625 0.5 0.0229167 0.0888889 
0 0.38737 0.540278 0.0330729 0.0361111 
0 0.760807 0.0599537 0.0476562 0.106944 
0 0.0833333 0.721296 0.0776042 0.0814815 
0 0.22526 0.0990741 0.06875 0.118519 
0 0.490885 0.950463 0.0338542 0.0824074 
0 0.961458 0.786806 0.0354167 0.0532407 
0 0.210286 0.678935 0.0283854 0.0773148 
0 0.16263 0.849306 0.0539063 0.0606481 
0 0.984896 0.687037 0.0302083 0.0472222 
0 0.24375 0.361343 0.0401042 0.0402778 
0 0.566927 0.736806 0.0385417 0.0458333 
