0 0.835417 0.162731 0.05 0.108796 
0 0.734375 0.0706019 0.0588542 0.105093 
0 0.626953 0.0259259 0.0684896 0.0518519 
0 0.714323 0.458333 0.0494792 0.0953704 
0 0.412109 0.206019 0.0294271 0.116667 
0 0.835417 0.596991 0.03125 0.136574 
0 0.159505 0.355093 0.0716146 0.0546296 
0 0.568359 0.357407 0.0606771 0.0805556 
0 0.472656 0.16088 0.0317708 0.0893519 
0 0.786589 0.0863426 0.0471354 0.0615741 
0 0.900911 0.255324 0.0382813 0.0532407 
0 0.40625 0.369213 0.034375 0.104167 
0 0.342057 0.89838 0.0335938 0.0875 
0 0.823177 0.379398 0.0286458 0.0986111 
0 0.933594 0.227546 0.034375 0.0476852 
0 0.0947917 0.683102 0.034375 0.0810185 
0 0.136328 0.455324 0.0351562 0.075463 
0 0.394531 0.865046 0.040625 0.0773148 
0 0.860807 0.386574 0.0424479 0.0592593 
0 0.876953 0.211574 0.0289063 0.10463 
0 0.517578 0.534722 0.0403646 0.0703704 
0 0.397396 0.725231 0.0526042 0.0587963 
0 0.876042 0.478704 0.0416667 0.0648148 
0 0.181901 0.0631944 0.0351562 0.0560185 
0 0.550781 0.115509 0.0333333 0.0736111 
0 0.325781 0.434491 0.0447917 0.0513889 
0 0.23737 0.425694 0.0398437 0.0689815 
0 0.888672 0.70625 0.0497396 0.0625 
0 0.729948 0.623611 0.0354167 0.0666667 
0 0.125651 0.575926 0.0497396 0.0888889 
