0 0.130859 0.905556 0.0549479 0.0944444 
0 0.269792 0.719213 0.0395833 0.074537 
0 0.326693 0.945139 0.0414063 0.102315 
0 0.738281 0.940046 0.0328125 0.0810185 
0 0.544401 0.328704 0.0580729 0.0916667 
0 0.0197917 0.531713 0.0359375 0.0967593 
0 0.105859 0.742593 0.0320312 0.134259 
0 0.746094 0.359028 0.0421875 0.0476852 
0 0.448177 0.179167 0.0567708 0.0916667 
0 0.182031 0.724537 0.0755208 0.0527778 
0 0.791927 0.972222 0.0302083 0.0518519 
0 0.504297 0.983333 0.0434896 0.0333333 
0 0.248828 0.867593 0.0414063 0.0712963 
0 0.511719 0.656713 0.0765625 0.0615741 
