0 0.143229 0.876389 0.0770833 0.126852 
0 0.420833 0.871065 0.0578125 0.110648 
0 0.447266 0.795139 0.0497396 0.0930556 
0 0.442839 0.560417 0.0335938 0.155093 
0 0.531641 0.770833 0.0455729 0.0638889 
0 0.0994792 0.465741 0.0567708 0.139815 
0 0.655859 0.751389 0.0476562 0.0574074 
0 0.315625 0.700463 0.0364583 0.0694444 
0 0.446224 0.264352 0.0486979 0.0574074 
0 0.528255 0.652778 0.0398437 0.0888889 
0 0.538542 0.459491 0.0390625 0.113426 
0 0.830599 0.743056 0.0611979 0.0648148 
0 0.226302 0.886111 0.0395833 0.0574074 
0 0.625521 0.525231 0.0640625 0.0699074 
0 0.326172 0.909722 0.0585938 0.0518519 
0 0.240755 0.753704 0.0304688 0.0824074 
0 0.0549479 0.699537 0.0520833 0.0888889 
0 0.604427 0.729861 0.0677083 0.0662037 
0 0.248437 0.301852 0.0390625 0.05 
