0 0.904297 0.312037 0.0356771 0.15 
0 0.311328 0.2375 0.0304688 0.108333 
0 0.92474 0.699537 0.0364583 0.100926 
0 0.376953 0.378009 0.0320312 0.113426 
0 0.979427 0.234722 0.040625 0.0675926 
0 0.724089 0.154398 0.0346354 0.100463 
0 0.0604167 0.89838 0.0421875 0.105093 
0 0.347396 0.522454 0.0427083 0.0578704 
0 0.66901 0.622222 0.0369792 0.0648148 
0 0.971745 0.73588 0.0372396 0.0476852 
0 0.153255 0.354861 0.0455729 0.0587963 
0 0.188932 0.53125 0.0304688 0.100463 
0 0.602474 0.763889 0.0492188 0.0564815 
0 0.386719 0.115509 0.0427083 0.0773148 
0 0.670443 0.745602 0.0356771 0.0708333 
0 0.755339 0.304167 0.0408854 0.0703704 
0 0.626432 0.951389 0.0554687 0.0694444 
0 0.579687 0.509491 0.046875 0.0708333 
0 0.786198 0.878472 0.0380208 0.0689815 
0 0.690885 0.393287 0.040625 0.0893519 
0 0.140104 0.661343 0.0395833 0.0967593 
0 0.897005 0.438657 0.0361979 0.0597222 
0 0.192708 0.980093 0.0578125 0.0398148 
0 0.620573 0.627546 0.0421875 0.0699074 
0 0.274349 0.515741 0.0440104 0.0601852 
0 0.267578 0.888889 0.0403646 0.0685185 
0 0.317578 0.733565 0.0382813 0.0560185 
0 0.11263 0.856481 0.0497396 0.0574074 
0 0.510677 0.569907 0.0276042 0.0824074 
