0 0.635677 0.449074 0.0442708 0.0648148 
0 0.700651 0.417593 0.0554687 0.0722222 
0 0.710547 0.674074 0.0367187 0.102778 
0 0.748047 0.490509 0.0684896 0.0875 
0 0.78763 0.436806 0.0481771 0.0791667 
0 0.682161 0.761111 0.0309896 0.107407 
0 0.499089 0.497917 0.0210938 0.0791667 
0 0.979036 0.803472 0.0346354 0.0625 
0 0.676172 0.696991 0.0382813 0.0828704 
0 0.457812 0.609028 0.0333333 0.116204 
0 0.890625 0.788194 0.0348958 0.0523148 
0 0.795964 0.838426 0.0445312 0.102778 
0 0.461328 0.730787 0.0523437 0.0930556 
0 0.669401 0.525231 0.0429688 0.075463 
0 0.17526 0.839815 0.0416667 0.0675926 
0 0.95651 0.952315 0.059375 0.0925926 
0 0.808073 0.718056 0.0411458 0.0601852 
0 0.829557 0.588426 0.0408854 0.102778 
0 0.519922 0.69838 0.0351562 0.0643518 
0 0.529297 0.863657 0.0471354 0.0958333 
0 0.869141 0.712963 0.0320312 0.0685185 
0 0.898438 0.973843 0.0666667 0.0523148 
0 0.374479 0.865046 0.0427083 0.0569444 
0 0.682031 0.60625 0.0270833 0.109722 
0 0.617708 0.76713 0.0375 0.106481 
0 0.164193 0.642824 0.0794271 0.0597222 
0 0.149479 0.516435 0.0635417 0.075463 
0 0.625 0.543056 0.0479167 0.0564815 
0 0.110807 0.802315 0.0653646 0.0675926 
0 0.0770833 0.756944 0.0416667 0.0509259 
0 0.585938 0.767361 0.0359375 0.0865741 
0 0.183464 0.606713 0.0377604 0.0587963 
0 0.910156 0.696296 0.0458333 0.0685185 
