0 0.879427 0.075463 0.0380208 0.127778 
0 0.773958 0.0344907 0.040625 0.0652778 
0 0.519922 0.650926 0.0372396 0.10463 
0 0.83151 0.202546 0.0354167 0.0699074 
0 0.716276 0.140741 0.0638021 0.0694444 
0 0.0597656 0.791435 0.0497396 0.0625 
0 0.635286 0.24213 0.0388021 0.0851852 
0 0.974609 0.203472 0.0361979 0.148611 
0 0.629297 0.0953704 0.0919271 0.062963 
0 0.778776 0.252778 0.0335938 0.0935185 
0 0.770573 0.384954 0.0546875 0.0625 
0 0.338151 0.85 0.0393229 0.0916667 
0 0.273177 0.458796 0.0536458 0.0583333 
0 0.203906 0.490046 0.0302083 0.0689815 
0 0.414974 0.205787 0.0294271 0.0625 
0 0.839844 0.544907 0.0317708 0.0694444 
0 0.629818 0.38287 0.0414063 0.0722222 
0 0.852474 0.344907 0.0346354 0.0712963 
0 0.935026 0.948611 0.0450521 0.100926 
0 0.242057 0.324769 0.0424479 0.0763889 
0 0.354948 0.404861 0.0380208 0.122685 
0 0.155339 0.568519 0.0320312 0.0694444 
0 0.321745 0.52338 0.0523437 0.0782407 
0 0.213021 0.0923611 0.0322917 0.0986111 
0 0.190495 0.332639 0.0367187 0.0467593 
0 0.224609 0.413194 0.0455729 0.0625 
0 0.510677 0.0951389 0.0890625 0.0587963 
0 0.308594 0.421065 0.0380208 0.101389 
0 0.922396 0.449074 0.0416667 0.0685185 
0 0.696745 0.0675926 0.0554687 0.0564815 
0 0.21849 0.257176 0.0296875 0.121759 
0 0.902865 0.158796 0.090625 0.0824074 
0 0.667969 0.461111 0.0505208 0.0601852 
0 0.149089 0.478241 0.0403646 0.107407 
0 0.170703 0.253704 0.0273438 0.106481 
0 0.698177 0.625 0.0578125 0.062037 
0 0.46224 0.948611 0.046875 0.062963 
0 0.408594 0.687963 0.0395833 0.0703704 
0 0.386068 0.873843 0.0513021 0.0893519 
0 0.396224 0.0342593 0.0539063 0.0657407 
0 0.407943 0.475694 0.0549479 0.115278 
0 0.911068 0.0608796 0.0320312 0.111574 
0 0.696354 0.818287 0.0489583 0.049537 
0 0.296224 0.179861 0.0330729 0.0439815 
0 0.614193 0.305324 0.0575521 0.0513889 
0 0.932682 0.597685 0.0393229 0.126852 
0 0.448047 0.182407 0.0377604 0.113889 
0 0.46875 0.872454 0.053125 0.0921296 
0 0.882292 0.465278 0.0375 0.062037 
0 0.707031 0.350231 0.059375 0.0662037 
0 0.342318 0.608333 0.0388021 0.0472222 
0 0.647005 0.730556 0.0507812 0.0564815 
0 0.70026 0.487269 0.0291667 0.11713 
0 0.745052 0.265509 0.0322917 0.101389 
0 0.0154948 0.490509 0.0299479 0.11713 
0 0.838932 0.714815 0.0367187 0.118519 
0 0.0315104 0.265972 0.0630208 0.0513889 
0 0.238021 0.104861 0.0322917 0.0615741 
0 0.0127604 0.867593 0.0239583 0.0925926 
0 0.607422 0.417361 0.0575521 0.0819444 
