0 0.458073 0.658796 0.0869792 0.0740741 
0 0.0860677 0.909028 0.0528646 0.0847222 
0 0.284635 0.947685 0.0432292 0.10463 
0 0.49362 0.338889 0.0549479 0.0888889 
0 0.830599 0.2625 0.0289063 0.105556 
0 0.944271 0.859028 0.0354167 0.0726852 
0 0.683984 0.948611 0.0335938 0.0842593 
0 0.224609 0.724537 0.0382813 0.0722222 
0 0.80612 0.782639 0.0695312 0.0976852 
0 0.178516 0.582639 0.0455729 0.0449074 
0 0.772396 0.96713 0.0302083 0.062037 
0 0.0643229 0.756019 0.0296875 0.117593 
0 0.631901 0.449769 0.0335938 0.0810185 
0 0.884766 0.930556 0.0466146 0.0805556 
0 0.805729 0.876852 0.0515625 0.0472222 
0 0.587891 0.966898 0.0440104 0.0606481 
0 0.949219 0.33912 0.0479167 0.0717593 
0 0.360547 0.766435 0.0403646 0.0726852 
0 0.85013 0.815046 0.0518229 0.106019 
0 0.230208 0.981019 0.05 0.037963 
0 0.133854 0.728241 0.0557292 0.0555556 
0 0.752995 0.595833 0.0393229 0.0425926 
