0 0.550781 0.406944 0.0614583 0.124074 
0 0.624479 0.928704 0.0604167 0.123148 
0 0.686979 0.461343 0.05 0.0717593 
0 0.341276 0.397917 0.0632813 0.103241 
0 0.115755 0.554398 0.0690104 0.0587963 
0 0.247786 0.853472 0.0361979 0.0606481 
0 0.461849 0.415509 0.0445312 0.0541667 
0 0.0808594 0.737963 0.0367187 0.126852 
0 0.51901 0.131713 0.0421875 0.130093 
0 0.291536 0.152315 0.0695312 0.0546296 
0 0.553255 0.938426 0.0664062 0.106481 
0 0.195703 0.160417 0.0361979 0.130093 
0 0.537109 0.59375 0.0492188 0.0421296 
0 0.391276 0.10463 0.0440104 0.0935185 
0 0.541927 0.848843 0.0541667 0.0662037 
0 0.561458 0.490509 0.0354167 0.169907 
0 0.460156 0.0296296 0.0291667 0.0435185 
0 0.577214 0.741898 0.0768229 0.0958333 
0 0.275391 0.379398 0.0742188 0.0708333 
0 0.564974 0.301389 0.0815104 0.0796296 
0 0.476302 0.383102 0.0338542 0.0560185 
0 0.335677 0.226157 0.0583333 0.0421296 
0 0.565365 0.184491 0.0619792 0.129167 
0 0.470703 0.285648 0.0653646 0.0574074 
0 0.309375 0.618981 0.059375 0.0925926 
0 0.334245 0.651852 0.0361979 0.062037 
0 0.420833 0.947917 0.0526042 0.0847222 
0 0.537109 0.0481481 0.0518229 0.0944444 
0 0.698828 0.655787 0.0460938 0.049537 
0 0.210547 0.252546 0.0674479 0.0476852 
0 0.503906 0.749537 0.0369792 0.062037 
0 0.41224 0.36713 0.0359375 0.05 
0 0.488802 0.54375 0.0536458 0.140278 
0 0.663021 0.925231 0.0453125 0.0652778 
0 0.0574219 0.817824 0.0627604 0.0865741 
0 0.511719 0.82338 0.0307292 0.0912037 
0 0.425781 0.265278 0.0375 0.110185 
0 0.608333 0.619213 0.0421875 0.0541667 
0 0.0782552 0.265046 0.0351562 0.0726852 
0 0.469792 0.402546 0.04375 0.0782407 
0 0.347396 0.769907 0.0302083 0.0824074 
