0 0.347266 0.0657407 0.0549479 0.119444 
0 0.509245 0.153009 0.0549479 0.0791667 
0 0.273438 0.133796 0.065625 0.0518519 
0 0.474609 0.34375 0.0414063 0.105093 
0 0.679688 0.242824 0.0536458 0.116204 
0 0.467578 0.24213 0.0455729 0.062963 
0 0.382161 0.756713 0.0481771 0.0902778 
0 0.636719 0.327546 0.0385417 0.121759 
0 0.774349 0.351389 0.0539063 0.0648148 
0 0.388411 0.229398 0.0455729 0.148611 
0 0.536198 0.360185 0.0322917 0.0574074 
0 0.723177 0.360417 0.0427083 0.0819444 
0 0.878516 0.506944 0.0356771 0.0481481 
0 0.502995 0.810417 0.0492188 0.074537 
0 0.163802 0.281713 0.040625 0.0930556 
0 0.641667 0.65625 0.0557292 0.0708333 
0 0.769531 0.241435 0.05625 0.0550926 
0 0.965755 0.45625 0.0445312 0.0717593 
0 0.816927 0.567593 0.0442708 0.0824074 
0 0.565495 0.791667 0.0393229 0.0740741 
0 0.830599 0.274306 0.0507812 0.0856481 
0 0.321484 0.575231 0.0424479 0.0856481 
0 0.357943 0.30463 0.0351562 0.0564815 
0 0.972656 0.28287 0.05 0.0768519 
0 0.41875 0.0643518 0.0557292 0.119444 
0 0.983594 0.0643518 0.0328125 0.101852 
0 0.727995 0.18125 0.0596354 0.0800926 
0 0.21263 0.151389 0.0455729 0.0805556 
0 0.458724 0.319907 0.0231771 0.107407 
0 0.130339 0.276852 0.0367187 0.100926 
0 0.417578 0.569444 0.0565104 0.112037 
0 0.765625 0.763889 0.0484375 0.117593 
0 0.244531 0.229861 0.0458333 0.0810185 
0 0.60599 0.235648 0.0645833 0.0796296 
0 0.0334635 0.213889 0.0341146 0.0675926 
0 0.0744792 0.409954 0.0348958 0.0689815 
