0 0.657292 0.880324 0.0604167 0.116204 
0 0.835026 0.0988426 0.0513021 0.0958333 
0 0.636198 0.630093 0.0453125 0.161111 
0 0.417969 0.20787 0.0395833 0.0722222 
0 0.588281 0.299074 0.0635417 0.0796296 
0 0.766016 0.0909722 0.0700521 0.0532407 
0 0.522396 0.304398 0.0645833 0.0689815 
0 0.239844 0.0782407 0.0442708 0.0564815 
0 0.766667 0.967824 0.108333 0.0643518 
0 0.761328 0.261111 0.0539063 0.0527778 
0 0.728906 0.726157 0.0427083 0.176389 
0 0.0902344 0.177546 0.0450521 0.0597222 
0 0.354036 0.236111 0.0330729 0.0453704 
0 0.047526 0.538194 0.0367187 0.0550926 
0 0.34349 0.606944 0.0432292 0.062963 
0 0.495573 0.531713 0.0526042 0.074537 
0 0.657682 0.509954 0.0533854 0.0689815 
0 0.604948 0.0252315 0.071875 0.050463 
0 0.822786 0.0354167 0.0976562 0.0708333 
0 0.394141 0.855324 0.0888021 0.116204 
0 0.321745 0.715046 0.0361979 0.0791667 
0 0.603516 0.680093 0.0445312 0.0657407 
0 0.770964 0.761111 0.0356771 0.133333 
0 0.533203 0.202083 0.0388021 0.0875 
0 0.390365 0.628472 0.04375 0.0643518 
0 0.631771 0.807176 0.0302083 0.0625 
0 0.379427 0.115741 0.0442708 0.0592593 
0 0.205469 0.232639 0.0427083 0.0476852 
0 0.563411 0.875463 0.0674479 0.062037 
0 0.210286 0.899306 0.0466146 0.0560185 
0 0.272526 0.94537 0.0481771 0.0472222 
0 0.0268229 0.872454 0.0421875 0.0708333 
0 0.442187 0.278241 0.0364583 0.0462963 
0 0.166146 0.399074 0.0463542 0.0907407 
0 0.826172 0.212037 0.0898438 0.1 
0 0.016276 0.433333 0.0325521 0.0675926 
0 0.078125 0.398148 0.0489583 0.0472222 
0 0.720182 0.511806 0.0533854 0.125463 
0 0.116146 0.397222 0.0317708 0.0833333 
0 0.388932 0.54375 0.0356771 0.0717593 
0 0.687109 0.0805556 0.0460938 0.113889 
0 0.821745 0.235417 0.0419271 0.0736111 
0 0.310807 0.0222222 0.0434896 0.0444444 
0 0.665495 0.255556 0.0356771 0.122222 
0 0.466927 0.72963 0.03125 0.0953704 
0 0.540495 0.049537 0.0481771 0.0462963 
0 0.0563802 0.278241 0.0315104 0.0416667 
0 0.682031 0.828935 0.0552083 0.0662037 
0 0.0733073 0.0965278 0.0393229 0.0550926 
0 0.517578 0.710185 0.0408854 0.0814815 
0 0.474349 0.828472 0.0476562 0.0430556 
0 0.302865 0.181019 0.0302083 0.0990741 
0 0.220964 0.974769 0.0622396 0.0486111 
0 0.0570313 0.197917 0.0348958 0.0671296 
0 0.043099 0.615046 0.0455729 0.0393519 
0 0.39388 0.774769 0.0388021 0.0449074 
0 0.211068 0.40787 0.0466146 0.0685185 
0 0.409505 0.840278 0.0627604 0.0907407 
0 0.538542 0.961806 0.0765625 0.0717593 
0 0.30638 0.336343 0.0278646 0.0625 
0 0.319141 0.289583 0.0434896 0.050463 
