0 0.678255 0.204861 0.0481771 0.1125 
0 0.109115 0.34375 0.0317708 0.148611 
0 0.189063 0.355556 0.0598958 0.0888889 
0 0.719661 0.453704 0.0481771 0.0851852 
0 0.810026 0.563889 0.0429688 0.112963 
0 0.0985677 0.524769 0.0460938 0.0986111 
0 0.925781 0.309722 0.0515625 0.117593 
0 0.479297 0.0479167 0.0341146 0.0949074 
0 0.0170573 0.343287 0.0294271 0.0699074 
0 0.355208 0.0891204 0.0369792 0.0921296 
0 0.616276 0.523843 0.0507812 0.0523148 
0 0.726042 0.108102 0.0578125 0.075463 
0 0.113411 0.0490741 0.0330729 0.0981481 
0 0.407292 0.290972 0.0755208 0.0708333 
0 0.302734 0.375 0.0377604 0.087963 
0 0.113542 0.670833 0.0572917 0.0981481 
0 0.969271 0.253241 0.0510417 0.0638889 
0 0.528776 0.343981 0.0471354 0.075 
0 0.483333 0.641898 0.0458333 0.0837963 
0 0.747005 0.78125 0.0309896 0.100463 
0 0.0701823 0.314352 0.0388021 0.087963 
0 0.794401 0.0699074 0.122135 0.0805556 
0 0.027474 0.902778 0.0460938 0.087037 
0 0.246484 0.15162 0.0408854 0.120833 
0 0.757422 0.65463 0.0361979 0.112963 
0 0.85651 0.723148 0.0708333 0.087037 
0 0.544401 0.873611 0.0518229 0.0777778 
0 0.105859 0.875 0.0523437 0.0490741 
0 0.467187 0.493056 0.04375 0.108333 
0 0.880859 0.190972 0.0976562 0.075463 
0 0.568359 0.231019 0.0783854 0.0833333 
0 0.920443 0.528935 0.0377604 0.0587963 
0 0.516667 0.418981 0.0614583 0.0851852 
0 0.9 0.403935 0.0411458 0.0523148 
0 0.571224 0.0462963 0.0393229 0.0805556 
0 0.876953 0.0736111 0.0747396 0.132407 
0 0.974479 0.121759 0.0510417 0.0481481 
0 0.482031 0.340278 0.0286458 0.0907407 
0 0.891146 0.635417 0.0395833 0.11713 
0 0.354427 0.775694 0.0453125 0.0726852 
0 0.227734 0.819444 0.0309896 0.102778 
0 0.558594 0.966204 0.0567708 0.0648148 
0 0.568359 0.493981 0.0335938 0.121296 
0 0.544401 0.278704 0.0471354 0.0657407 
0 0.817839 0.372222 0.0710938 0.112037 
0 0.153906 0.745602 0.0369792 0.0893519 
0 0.613802 0.849769 0.0364583 0.114352 
0 0.623047 0.598843 0.0471354 0.0819444 
0 0.944271 0.66088 0.0458333 0.104167 
0 0.703516 0.893287 0.0486979 0.0930556 
0 0.933594 0.90463 0.0416667 0.0861111 
0 0.544922 0.143056 0.0330729 0.0416667 
0 0.66888 0.687037 0.0528646 0.0472222 
0 0.262891 0.253704 0.0460938 0.106481 
0 0.014974 0.97662 0.0299479 0.0449074 
0 0.777865 0.515972 0.0380208 0.0662037 
