0 0.477604 0.512269 0.0442708 0.120833 
0 0.61862 0.658333 0.0497396 0.113889 
0 0.300521 0.595602 0.0302083 0.114352 
0 0.194661 0.932407 0.0445312 0.0787037 
0 0.841276 0.525 0.0372396 0.0638889 
0 0.781641 0.565509 0.0315104 0.111574 
0 0.136068 0.273843 0.0700521 0.0541667 
0 0.522526 0.248611 0.0320312 0.0962963 
0 0.658203 0.48912 0.0580729 0.0523148 
0 0.851172 0.641435 0.0419271 0.0791667 
0 0.664062 0.279861 0.0380208 0.0458333 
0 0.416927 0.703704 0.0463542 0.0657407 
0 0.496354 0.974769 0.0453125 0.050463 
0 0.136589 0.548611 0.0570313 0.0907407 
0 0.675781 0.754398 0.0302083 0.10787 
0 0.0744792 0.615741 0.0479167 0.0898148 
0 0.0178385 0.574074 0.0356771 0.0648148 
0 0.575781 0.296759 0.0328125 0.136111 
0 0.71875 0.412731 0.0463542 0.116204 
0 0.510286 0.61713 0.0304688 0.0990741 
0 0.746094 0.0511574 0.0473958 0.0893519 
0 0.196745 0.48912 0.0778646 0.0810185 
0 0.289844 0.790972 0.0380208 0.0625 
0 0.133984 0.71088 0.0377604 0.0819444 
0 0.213411 0.733333 0.0361979 0.0990741 
