0 0.945833 0.866435 0.0432292 0.146759 
0 0.61276 0.529398 0.0453125 0.074537 
0 0.739323 0.705324 0.075 0.0912037 
0 0.613672 0.932176 0.0627604 0.118981 
0 0.790104 0.766204 0.034375 0.0953704 
0 0.454818 0.762269 0.0585938 0.1375 
0 0.815365 0.737037 0.0411458 0.0796296 
0 0.70599 0.956481 0.0442708 0.0851852 
0 0.0335938 0.759028 0.059375 0.0662037 
0 0.180469 0.93912 0.0515625 0.0625 
0 0.416016 0.893287 0.0351562 0.111574 
0 0.583984 0.0395833 0.0575521 0.074537 
0 0.814974 0.384491 0.0528646 0.0800926 
0 0.923828 0.702083 0.0450521 0.121759 
0 0.250391 0.862269 0.0575521 0.0578704 
0 0.565495 0.401157 0.0414063 0.0421296 
