0 0.0920573 0.258102 0.0924479 0.140278 
0 0.877865 0.631944 0.0661458 0.175 
0 0.4625 0.0388889 0.106771 0.0777778 
0 0.910156 0.269213 0.0536458 0.0782407 
0 0.411719 0.554167 0.0354167 0.0638889 
0 0.10612 0.0699074 0.0877604 0.131481 
0 0.211719 0.808565 0.0453125 0.0810185 
0 0.372786 0.546065 0.0414063 0.0856481 
0 0.47487 0.736574 0.0388021 0.0990741 
0 0.190365 0.460417 0.0416667 0.118056 
0 0.704687 0.632407 0.0630208 0.116667 
0 0.824609 0.816435 0.0580729 0.124537 
0 0.669922 0.896759 0.0596354 0.162963 
0 0.71237 0.425 0.0820312 0.0842593 
0 0.745573 0.753009 0.0682292 0.100463 
0 0.439974 0.466667 0.0643229 0.101852 
0 0.288021 0.630787 0.0442708 0.0884259 
0 0.0731771 0.682176 0.0453125 0.114352 
0 0.470964 0.650231 0.0513021 0.106019 
0 0.0876302 0.530556 0.0382813 0.1 
0 0.203776 0.553472 0.0481771 0.0689815 
