0 0.673307 0.794676 0.0648438 0.161574 
0 0.558203 0.559954 0.0757812 0.173611 
0 0.634766 0.754861 0.0533854 0.0976852 
0 0.490234 0.285185 0.0783854 0.14537 
0 0.599609 0.933102 0.0606771 0.0865741 
0 0.404036 0.15162 0.0341146 0.135648 
0 0.777344 0.140278 0.0671875 0.0925926 
0 0.488151 0.050463 0.0731771 0.100926 
0 0.63763 0.589815 0.0914062 0.12963 
0 0.542057 0.242361 0.0309896 0.0634259 
0 0.0588542 0.153704 0.0859375 0.0796296 
0 0.732943 0.928009 0.0346354 0.136574 
0 0.515625 0.68912 0.0572917 0.0912037 
0 0.39375 0.756019 0.0567708 0.137963 
0 0.284375 0.864815 0.0276042 0.0777778 
0 0.333464 0.599537 0.0606771 0.0814815 
0 0.734896 0.544213 0.0375 0.0513889 
0 0.770964 0.466435 0.0257812 0.106019 
0 0.492448 0.566435 0.0328125 0.121759 
0 0.296615 0.653241 0.0270833 0.0740741 
0 0.164974 0.626852 0.0507812 0.115741 
0 0.275651 0.534491 0.0382813 0.0856481 
0 0.261979 0.62963 0.0635417 0.0648148 
0 0.126563 0.495139 0.0432292 0.0810185 
0 0.341016 0.371528 0.0377604 0.123611 
0 0.396224 0.80625 0.0320312 0.104167 
0 0.111719 0.366898 0.065625 0.0449074 
0 0.0325521 0.514815 0.0239583 0.103704 
0 0.127344 0.953241 0.0505208 0.0796296 
0 0.189714 0.384954 0.0377604 0.0819444 
0 0.586979 0.710185 0.102083 0.10463 
0 0.376953 0.947917 0.0544271 0.0726852 
0 0.21237 0.896759 0.0533854 0.0555556 
0 0.473437 0.396759 0.0640625 0.0657407 
0 0.303906 0.951389 0.0458333 0.0907407 
0 0.10638 0.774306 0.0440104 0.0402778 
0 0.253646 0.409491 0.0427083 0.050463 
0 0.0298177 0.280787 0.0268229 0.11713 
0 0.38112 0.524769 0.0382813 0.0560185 
0 0.365625 0.472454 0.0307292 0.074537 
0 0.081901 0.523611 0.0414063 0.0703704 
0 0.529297 0.530556 0.0320312 0.0962963 
0 0.146354 0.873843 0.0401042 0.0810185 
0 0.227865 0.520833 0.0458333 0.0861111 
0 0.0549479 0.35463 0.0359375 0.0796296 
0 0.055599 0.0458333 0.0481771 0.087037 
0 0.021224 0.122454 0.0273438 0.0615741 
0 0.321224 0.349537 0.0221354 0.0425926 
0 0.158594 0.8125 0.0421875 0.0722222 
0 0.0971354 0.255093 0.0229167 0.087963 
0 0.526302 0.905324 0.0348958 0.131944 
