0 0.836458 0.48912 0.0416667 0.0939815 
0 0.820703 0.741204 0.0419271 0.0731481 
0 0.658724 0.178472 0.0565104 0.0763889 
0 0.404948 0.402546 0.0380208 0.074537 
0 0.825651 0.651389 0.0289063 0.0962963 
0 0.302995 0.715741 0.0403646 0.0648148 
0 0.61237 0.198611 0.0486979 0.132407 
0 0.326172 0.0921296 0.0367187 0.0601852 
0 0.563021 0.240972 0.0463542 0.114352 
0 0.986849 0.319907 0.0221354 0.126852 
0 0.6875 0.51088 0.034375 0.108796 
0 0.624479 0.730324 0.0432292 0.0671296 
0 0.867578 0.840509 0.0351562 0.0782407 
0 0.569792 0.86713 0.0395833 0.0601852 
0 0.884245 0.533796 0.0539063 0.0509259 
0 0.750521 0.601157 0.0317708 0.0736111 
0 0.363281 0.574074 0.0265625 0.062963 
0 0.948698 0.550694 0.0427083 0.0458333 
0 0.323307 0.935648 0.0356771 0.0722222 
0 0.124089 0.636806 0.0367187 0.0930556 
0 0.820312 0.0247685 0.0484375 0.0486111 
0 0.916536 0.675926 0.0403646 0.0638889 
0 0.61224 0.370833 0.0703125 0.0842593 
