0 0.977474 0.478241 0.0403646 0.0814815 
0 0.837891 0.346528 0.0481771 0.0912037 
0 0.878906 0.864583 0.0578125 0.115278 
0 0.969271 0.572454 0.053125 0.0689815 
0 0.0710938 0.817824 0.0682292 0.108796 
0 0.529297 0.57338 0.0617188 0.108796 
0 0.385026 0.963426 0.0460938 0.0675926 
0 0.182422 0.676157 0.0434896 0.0532407 
0 0.73151 0.655787 0.0760417 0.165278 
0 0.0352865 0.96713 0.0606771 0.0657407 
0 0.940365 0.827778 0.0526042 0.1 
0 0.56875 0.959028 0.0557292 0.0773148 
0 0.26901 0.803472 0.0619792 0.0800926 
0 0.136849 0.808102 0.0549479 0.0615741 
