0 0.984766 0.873843 0.0273438 0.104167 
0 0.607813 0.31875 0.065625 0.0810185 
0 0.928776 0.73588 0.0486979 0.101389 
0 0.946745 0.815278 0.0289063 0.0824074 
0 0.136589 0.391898 0.0679687 0.1375 
0 0.828125 0.212269 0.065625 0.0476852 
0 0.604948 0.140509 0.0380208 0.0486111 
0 0.348177 0.23287 0.025 0.0601852 
0 0.858333 0.462963 0.0479167 0.05 
0 0.932031 0.208333 0.0375 0.117593 
0 0.428255 0.216667 0.0408854 0.0361111 
0 0.558984 0.336806 0.0434896 0.0597222 
0 0.784245 0.429861 0.0424479 0.0486111 
0 0.504297 0.417361 0.0492188 0.0606481 
0 0.128646 0.260417 0.0369792 0.0421296 
0 0.194401 0.484722 0.0367187 0.0981481 
0 0.922266 0.423843 0.0398437 0.0689815 
0 0.688932 0.182407 0.0299479 0.108333 
0 0.0763021 0.49213 0.0515625 0.0555556 
0 0.96237 0.074537 0.0716146 0.0685185 
0 0.772526 0.627546 0.0351562 0.074537 
0 0.746615 0.243981 0.0296875 0.0740741 
0 0.788542 0.793981 0.028125 0.0944444 
0 0.0140625 0.435185 0.028125 0.0611111 
0 0.239323 0.53912 0.0328125 0.0828704 
0 0.708984 0.953009 0.0481771 0.0606481 
0 0.439063 0.508333 0.0380208 0.05 
0 0.0188802 0.616435 0.0361979 0.0634259 
0 0.714323 0.433333 0.040625 0.0990741 
0 0.417969 0.948843 0.0369792 0.0523148 
0 0.872526 0.737037 0.0398437 0.0574074 
0 0.6875 0.463194 0.0333333 0.104167 
0 0.645573 0.432639 0.0244792 0.121759 
0 0.199219 0.415741 0.0328125 0.0574074 
0 0.975521 0.5375 0.0421875 0.0851852 
0 0.455078 0.278704 0.0278646 0.0555556 
