0 0.710417 0.540278 0.05 0.113889 
0 0.746615 0.494676 0.0369792 0.114352 
0 0.610286 0.594676 0.0304688 0.10787 
0 0.775911 0.353935 0.0507812 0.0986111 
0 0.733854 0.683565 0.0520833 0.0782407 
0 0.476432 0.712731 0.0481771 0.0791667 
0 0.694271 0.76875 0.0515625 0.0976852 
0 0.0578125 0.885417 0.0463542 0.0680556 
0 0.698698 0.966898 0.0270833 0.0597222 
0 0.841406 0.386574 0.0755208 0.0722222 
0 0.630339 0.733565 0.0533854 0.0893519 
0 0.338672 0.869907 0.0341146 0.087037 
0 0.911719 0.395602 0.0411458 0.0837963 
0 0.602995 0.927083 0.0440104 0.0736111 
0 0.488542 0.430787 0.0385417 0.0865741 
0 0.5625 0.954861 0.0380208 0.0893519 
0 0.751042 0.940046 0.0317708 0.114352 
0 0.572266 0.655324 0.0565104 0.0671296 
0 0.313932 0.733796 0.0502604 0.0935185 
0 0.240234 0.817361 0.0518229 0.0773148 
0 0.893099 0.477546 0.0429688 0.0671296 
0 0.777344 0.736111 0.0484375 0.0657407 
0 0.238802 0.61713 0.0557292 0.114815 
0 0.70026 0.439815 0.0296875 0.111111 
0 0.842318 0.967824 0.0450521 0.0625 
0 0.796354 0.626157 0.0645833 0.050463 
0 0.968229 0.516435 0.0572917 0.0671296 
0 0.343229 0.958333 0.0473958 0.0777778 
0 0.239453 0.946991 0.0497396 0.0902778 
0 0.0203125 0.898611 0.0385417 0.0768519 
0 0.902344 0.930556 0.0520833 0.0666667 
