0 0.450911 0.12037 0.0388021 0.126852 
0 0.796354 0.422454 0.0682292 0.120833 
0 0.563932 0.0625 0.0861979 0.123148 
0 0.0815104 0.372685 0.0734375 0.115741 
0 0.775391 0.171065 0.0450521 0.201389 
0 0.204557 0.234028 0.0575521 0.0949074 
0 0.395833 0.804167 0.0348958 0.116667 
0 0.525391 0.638426 0.0330729 0.157407 
0 0.314974 0.480093 0.0731771 0.134259 
0 0.120964 0.0289352 0.0372396 0.0486111 
0 0.229557 0.56412 0.0565104 0.0837963 
0 0.906771 0.52037 0.0364583 0.114815 
0 0.110026 0.260417 0.0648438 0.122685 
0 0.0321615 0.422222 0.0455729 0.181481 
0 0.352995 0.90463 0.0393229 0.162963 
0 0.629948 0.490278 0.0510417 0.0759259 
0 0.840365 0.293519 0.0901042 0.0814815 
0 0.932161 0.15463 0.0356771 0.0685185 
0 0.579557 0.71713 0.0481771 0.0935185 
0 0.176693 0.309954 0.0815104 0.0837963 
0 0.0983073 0.125231 0.0585938 0.0560185 
0 0.875911 0.19537 0.0731771 0.115741 
0 0.349609 0.740278 0.0471354 0.0842593 
0 0.417969 0.591204 0.0317708 0.0796296 
0 0.582552 0.144676 0.113021 0.0949074 
0 0.835026 0.515741 0.0585938 0.0953704 
0 0.3 0.161574 0.0510417 0.0564815 
0 0.714844 0.961111 0.0479167 0.075 
0 0.501432 0.858102 0.0513021 0.0597222 
0 0.76224 0.616667 0.0463542 0.0657407 
0 0.0492188 0.765509 0.0802083 0.0800926 
0 0.536198 0.351157 0.0734375 0.1375 
0 0.899479 0.323611 0.0354167 0.142593 
0 0.735807 0.714815 0.0523437 0.0777778 
0 0.245443 0.349769 0.0419271 0.0763889 
0 0.826172 0.6875 0.0476562 0.0935185 
0 0.929688 0.0638889 0.0760417 0.0648148 
0 0.244661 0.840741 0.0356771 0.137037 
0 0.0682292 0.652778 0.0395833 0.0666667 
0 0.166276 0.612963 0.0440104 0.0861111 
0 0.130078 0.872917 0.0554687 0.0976852 
0 0.176172 0.853009 0.0398437 0.0578704 
0 0.492708 0.475694 0.08125 0.0986111 
0 0.909115 0.0208333 0.0317708 0.0416667 
0 0.127604 0.766435 0.09375 0.0699074 
0 0.573177 0.320139 0.0348958 0.0560185 
0 0.378646 0.211111 0.05625 0.293519 
0 0.392318 0.324769 0.0393229 0.105093 
0 0.614323 0.957407 0.040625 0.0787037 
0 0.651823 0.338194 0.0546875 0.0625 
0 0.223047 0.399537 0.0872396 0.0814815 
0 0.563411 0.824537 0.0419271 0.0666667 
0 0.297786 0.840741 0.0627604 0.106481 
0 0.925781 0.668056 0.0411458 0.111111 
0 0.63763 0.44838 0.0434896 0.0847222 
0 0.854948 0.749537 0.046875 0.0574074 
0 0.288281 0.978241 0.0817708 0.0435185 
