0 0.810026 0.428935 0.0460938 0.120833 
0 0.603516 0.725694 0.0721354 0.106944 
0 0.588932 0.0689815 0.0638021 0.107407 
0 0.449219 0.0766204 0.0598958 0.0819444 
0 0.88125 0.0518519 0.139583 0.102778 
0 0.413542 0.325694 0.0567708 0.0532407 
0 0.542969 0.524769 0.0552083 0.0930556 
0 0.454557 0.81412 0.0372396 0.0847222 
0 0.784635 0.203009 0.0489583 0.0643518 
0 0.802214 0.132176 0.0367187 0.121759 
0 0.627344 0.593287 0.0354167 0.173611 
0 0.402865 0.648843 0.0338542 0.0893519 
0 0.0760417 0.190509 0.034375 0.0486111 
0 0.324219 0.980556 0.0411458 0.0388889 
0 0.593229 0.53912 0.0375 0.103241 
0 0.531641 0.128935 0.0684896 0.111574 
0 0.657161 0.562037 0.0497396 0.0768519 
0 0.447656 0.156481 0.0520833 0.0805556 
0 0.101302 0.130324 0.0338542 0.0856481 
0 0.703646 0.135417 0.0380208 0.0791667 
0 0.269271 0.177315 0.0479167 0.0703704 
0 0.686068 0.579861 0.0403646 0.0837963 
0 0.664062 0.0194444 0.0671875 0.0388889 
0 0.353776 0.501852 0.0273438 0.0425926 
0 0.197135 0.122222 0.040625 0.107407 
0 0.638151 0.887963 0.0367187 0.0462963 
0 0.554688 0.769213 0.0333333 0.0643518 
0 0.270312 0.714352 0.0604167 0.0685185 
0 0.20599 0.353241 0.0432292 0.0546296 
0 0.0207031 0.869676 0.0325521 0.0652778 
0 0.567448 0.25463 0.0453125 0.114815 
0 0.511719 0.577083 0.0567708 0.0680556 
0 0.461328 0.315509 0.0403646 0.0671296 
0 0.194661 0.631944 0.0497396 0.0768519 
0 0.535677 0.398611 0.0442708 0.125926 
0 0.110026 0.766435 0.0445312 0.0634259 
0 0.32474 0.434491 0.0552083 0.0662037 
0 0.0928385 0.400463 0.0476562 0.0509259 
0 0.276823 0.423611 0.040625 0.0518519 
0 0.18151 0.746065 0.0479167 0.0550926 
0 0.51849 0.246991 0.040625 0.0550926 
0 0.164714 0.0270833 0.0299479 0.050463 
0 0.383464 0.420139 0.0304688 0.118056 
0 0.977995 0.362963 0.0309896 0.062037 
0 0.171745 0.199537 0.0648438 0.0574074 
0 0.482161 0.737963 0.0403646 0.0805556 
