0 0.854427 0.231481 0.0447917 0.126852 
0 0.316276 0.891667 0.0518229 0.0564815 
0 0.136979 0.680093 0.0479167 0.0592593 
0 0.644531 0.848148 0.0395833 0.115741 
0 0.914062 0.784722 0.0828125 0.152778 
0 0.391667 0.625 0.0276042 0.0648148 
0 0.539974 0.855787 0.0450521 0.141204 
0 0.582552 0.673611 0.0515625 0.0805556 
0 0.835026 0.615046 0.0460938 0.0587963 
0 0.119401 0.73912 0.0419271 0.0875 
0 0.627995 0.70787 0.0372396 0.0592593 
0 0.248047 0.800694 0.0382813 0.0865741 
0 0.191016 0.530787 0.0596354 0.0523148 
0 0.76862 0.260417 0.0398437 0.100463 
0 0.222396 0.786806 0.0401042 0.109722 
0 0.272917 0.403241 0.0484375 0.0518519 
0 0.571745 0.967824 0.0700521 0.0625 
0 0.61224 0.799306 0.0614583 0.0532407 
0 0.857422 0.690509 0.0632813 0.0856481 
0 0.629948 0.923611 0.0979167 0.0777778 
