0 0.811068 0.516204 0.0346354 0.0657407 
0 0.471224 0.0974537 0.0585938 0.119907 
0 0.515104 0.90463 0.0619792 0.0888889 
0 0.458203 0.719213 0.0789063 0.0550926 
0 0.764193 0.0430556 0.0575521 0.0648148 
0 0.480469 0.257639 0.0458333 0.0671296 
0 0.11276 0.774769 0.040625 0.0476852 
0 0.236068 0.578935 0.0606771 0.050463 
0 0.441406 0.812963 0.0447917 0.087963 
0 0.608854 0.4875 0.0729167 0.0648148 
0 0.0941406 0.839352 0.0382813 0.0407407 
0 0.332552 0.881019 0.0411458 0.087963 
0 0.721745 0.0953704 0.0815104 0.0648148 
0 0.652865 0.827778 0.0572917 0.087037 
0 0.32487 0.214352 0.0643229 0.0722222 
0 0.140365 0.850926 0.0416667 0.0611111 
0 0.0894531 0.371065 0.0575521 0.0819444 
0 0.362109 0.381713 0.0580729 0.0615741 
0 0.257031 0.807639 0.0609375 0.0986111 
0 0.590885 0.299769 0.09375 0.074537 
0 0.0654948 0.80162 0.0513021 0.0532407 
0 0.161589 0.769444 0.0408854 0.0611111 
0 0.513151 0.33588 0.0408854 0.125463 
0 0.0667969 0.191435 0.0335938 0.0449074 
0 0.110417 0.596296 0.075 0.0537037 
0 0.45013 0.3875 0.0361979 0.0453704 
0 0.188021 0.623148 0.0635417 0.0657407 
0 0.239583 0.703472 0.0375 0.0893519 
0 0.130208 0.303009 0.0791667 0.0476852 
0 0.294141 0.957407 0.0789063 0.0703704 
0 0.258854 0.651157 0.0614583 0.0486111 
0 0.724089 0.240278 0.0388021 0.0546296 
0 0.106901 0.928009 0.0335938 0.0550926 
0 0.620052 0.129861 0.0515625 0.0643518 
0 0.284115 0.875463 0.0328125 0.0546296 
0 0.12526 0.153241 0.0432292 0.0675926 
0 0.33099 0.716435 0.0338542 0.0467593 
0 0.253906 0.383565 0.0385417 0.0763889 
0 0.278255 0.71875 0.0278646 0.0652778 
0 0.248307 0.303704 0.0356771 0.0361111 
0 0.840755 0.977778 0.0486979 0.0444444 
0 0.329297 0.331944 0.0804688 0.0462963 
0 0.136458 0.0907407 0.0442708 0.0657407 
0 0.146094 0.959954 0.0708333 0.0726852 
