0 0.333724 0.870833 0.0539063 0.0888889 
0 0.486328 0.786574 0.0596354 0.117593 
0 0.920443 0.71088 0.0747396 0.130093 
0 0.645052 0.505093 0.0453125 0.062037 
0 0.271745 0.90463 0.0518229 0.141667 
0 0.856901 0.6 0.0393229 0.159259 
0 0.727604 0.771296 0.034375 0.137037 
0 0.878385 0.396991 0.0401042 0.0912037 
0 0.60638 0.596296 0.0341146 0.0925926 
0 0.364323 0.771991 0.0484375 0.109722 
0 0.0790365 0.725694 0.0679687 0.075463 
0 0.0640625 0.267361 0.0416667 0.0810185 
0 0.82474 0.625 0.0427083 0.062037 
0 0.36276 0.641898 0.0296875 0.109722 
0 0.546354 0.303935 0.0260417 0.050463 
0 0.807682 0.90787 0.0763021 0.119444 
0 0.223568 0.718287 0.0330729 0.0782407 
0 0.262891 0.458333 0.0565104 0.0972222 
0 0.318099 0.45625 0.0393229 0.0476852 
0 0.052474 0.898611 0.0341146 0.112963 
0 0.0890625 0.482176 0.0453125 0.0699074 
0 0.424219 0.917593 0.0640625 0.0703704 
0 0.724089 0.936806 0.0398437 0.0763889 
0 0.166797 0.710648 0.0679687 0.0666667 
0 0.990234 0.645833 0.0164062 0.0935185 
