0 0.630859 0.830787 0.0403646 0.0782407 
0 0.648828 0.213889 0.0450521 0.12963 
0 0.20026 0.45625 0.0458333 0.0699074 
0 0.609896 0.255556 0.0520833 0.0861111 
0 0.65625 0.686574 0.0364583 0.0694444 
0 0.139844 0.464815 0.0494792 0.0518519 
0 0.451953 0.562037 0.0585938 0.0833333 
0 0.859896 0.349074 0.0375 0.0712963 
0 0.727083 0.687963 0.034375 0.0611111 
0 0.0984375 0.316667 0.0333333 0.0638889 
0 0.354427 0.136574 0.0442708 0.0555556 
0 0.367969 0.736111 0.0401042 0.100926 
0 0.90625 0.359954 0.0552083 0.0597222 
0 0.19974 0.825926 0.0484375 0.0740741 
0 0.54401 0.633565 0.0354167 0.0967593 
0 0.336979 0.353472 0.0385417 0.0541667 
0 0.716276 0.180324 0.0351562 0.0884259 
0 0.965234 0.164583 0.0554687 0.075463 
0 0.441406 0.68588 0.0494792 0.0652778 
0 0.978776 0.578935 0.0424479 0.0523148 
0 0.245833 0.659722 0.0385417 0.118519 
0 0.640104 0.352778 0.0645833 0.109259 
0 0.228255 0.279167 0.0356771 0.0601852 
0 0.440234 0.396528 0.0466146 0.0810185 
0 0.532292 0.757639 0.0317708 0.100463 
0 0.426823 0.847685 0.0421875 0.0925926 
0 0.0147135 0.185417 0.0278646 0.0782407 
0 0.51862 0.430324 0.0585938 0.0856481 
0 0.574219 0.784028 0.0453125 0.0726852 
0 0.0635417 0.72662 0.0510417 0.0791667 
0 0.742578 0.202546 0.0393229 0.0532407 
0 0.472396 0.196296 0.0526042 0.110185 
0 0.728516 0.780324 0.0299479 0.0569444 
0 0.394531 0.343287 0.059375 0.0939815 
0 0.508333 0.645833 0.0364583 0.0703704 
0 0.602995 0.685648 0.0382813 0.0888889 
0 0.771484 0.464815 0.0414063 0.087963 
0 0.117578 0.366898 0.0330729 0.106944 
0 0.0803385 0.242824 0.0320312 0.0671296 
0 0.821745 0.338657 0.0539063 0.0662037 
0 0.354557 0.438426 0.0304688 0.107407 
0 0.216667 0.36088 0.0302083 0.0541667 
0 0.846224 0.256019 0.0450521 0.0740741 
0 0.0197917 0.519444 0.0390625 0.0601852 
0 0.9375 0.50787 0.0598958 0.0537037 
0 0.869141 0.588889 0.0388021 0.0518519 
