0 0.416667 0.117824 0.0453125 0.168981 
0 0.898958 0.79213 0.0578125 0.111111 
0 0.751042 0.512037 0.0588542 0.108333 
0 0.916536 0.190509 0.0356771 0.125463 
0 0.885807 0.0511574 0.0492188 0.102315 
0 0.711458 0.173148 0.0578125 0.113889 
0 0.19974 0.316898 0.0432292 0.0949074 
0 0.943359 0.04375 0.0554687 0.0810185 
0 0.471484 0.124769 0.0372396 0.139352 
0 0.261458 0.177315 0.0453125 0.10463 
0 0.340885 0.284259 0.0380208 0.0916667 
0 0.225911 0.546065 0.0596354 0.0782407 
0 0.710026 0.36713 0.0481771 0.0768519 
0 0.74362 0.0421296 0.0601562 0.0833333 
0 0.629818 0.544213 0.0325521 0.109722 
0 0.803776 0.403472 0.0502604 0.0699074 
0 0.764583 0.653241 0.0338542 0.0666667 
0 0.520052 0.530787 0.028125 0.0939815 
0 0.736328 0.85162 0.0554687 0.0643518 
0 0.392318 0.209028 0.0320312 0.0643518 
0 0.23151 0.120602 0.05625 0.0606481 
0 0.617188 0.20463 0.028125 0.0564815 
0 0.16224 0.786343 0.0291667 0.0875 
0 0.664583 0.924306 0.059375 0.0643518 
0 0.503385 0.466435 0.0604167 0.0523148 
0 0.702604 0.0581019 0.0515625 0.0976852 
0 0.460156 0.285185 0.0515625 0.0564815 
0 0.263021 0.765278 0.0432292 0.0694444 
0 0.246484 0.0291667 0.0351562 0.0564815 
0 0.777734 0.825926 0.0419271 0.0907407 
0 0.224089 0.474537 0.0570313 0.0564815 
0 0.147526 0.243981 0.0893229 0.0583333 
0 0.131641 0.680093 0.0388021 0.0768519 
0 0.97513 0.653241 0.0434896 0.0787037 
0 0.0192708 0.483565 0.0359375 0.0689815 
0 0.901432 0.45 0.0398437 0.0805556 
0 0.0671875 0.896528 0.0463542 0.0828704 
0 0.978776 0.539583 0.0424479 0.0550926 
0 0.144661 0.333796 0.0486979 0.0583333 
0 0.463151 0.206713 0.0638021 0.074537 
0 0.36263 0.891435 0.0424479 0.0671296 
0 0.372266 0.0773148 0.0596354 0.0916667 
0 0.772917 0.330324 0.0286458 0.101389 
0 0.85638 0.429861 0.0585938 0.0550926 
0 0.64401 0.0393519 0.0604167 0.0694444 
0 0.542969 0.274306 0.0557292 0.0569444 
0 0.752344 0.389583 0.0557292 0.0550926 
0 0.553646 0.929861 0.075 0.0708333 
0 0.285417 0.659722 0.0671875 0.0740741 
0 0.573307 0.156713 0.0445312 0.0662037 
0 0.270833 0.97037 0.0276042 0.0555556 
0 0.892057 0.591204 0.0492188 0.0666667 
0 0.610417 0.332176 0.05 0.0930556 
0 0.331771 0.94537 0.0541667 0.0935185 
0 0.443099 0.959259 0.0372396 0.0787037 
0 0.688411 0.59213 0.0440104 0.118519 
