0 0.358854 0.0740741 0.0520833 0.14537 
0 0.646484 0.847222 0.0455729 0.0944444 
0 0.391406 0.190972 0.0442708 0.122685 
0 0.795443 0.378472 0.0809896 0.113426 
0 0.270052 0.130093 0.0609375 0.0712963 
0 0.45651 0.225694 0.053125 0.111574 
0 0.744141 0.66713 0.0476562 0.178704 
0 0.962891 0.155093 0.0585938 0.103704 
0 0.647526 0.141667 0.0971354 0.0777778 
0 0.544401 0.173843 0.0351562 0.140278 
0 0.128776 0.703009 0.0648438 0.1375 
0 0.377995 0.485648 0.0611979 0.116667 
0 0.156901 0.18125 0.0289063 0.0680556 
0 0.0951823 0.900231 0.0377604 0.127315 
0 0.908724 0.950463 0.0393229 0.0981481 
0 0.505859 0.0736111 0.0580729 0.0935185 
0 0.590885 0.732176 0.0510417 0.130093 
0 0.80612 0.145139 0.0330729 0.0736111 
0 0.123307 0.368981 0.0705729 0.0638889 
0 0.326432 0.556019 0.0611979 0.0888889 
0 0.352995 0.75787 0.0731771 0.0666667 
0 0.853516 0.774306 0.0591146 0.0560185 
0 0.0385417 0.959028 0.0645833 0.0819444 
0 0.19388 0.852778 0.0299479 0.0907407 
0 0.025651 0.586343 0.0460938 0.11713 
0 0.63138 0.483333 0.0570313 0.062963 
0 0.809505 0.521296 0.0367187 0.12963 
0 0.549349 0.77338 0.0377604 0.143056 
0 0.190104 0.77338 0.040625 0.0643518 
0 0.523047 0.797454 0.0335938 0.109722 
0 0.365885 0.681019 0.0369792 0.10463 
0 0.951563 0.484491 0.0390625 0.0671296 
0 0.673828 0.517824 0.0325521 0.139352 
0 0.18776 0.453241 0.0359375 0.118519 
0 0.0794271 0.781713 0.0583333 0.0532407 
0 0.590365 0.893981 0.0328125 0.112963 
0 0.463932 0.959954 0.0804688 0.0763889 
0 0.555599 0.346759 0.0330729 0.0953704 
