0 0.923828 0.603241 0.11849 0.112037 
0 0.797917 0.3875 0.0609375 0.150926 
0 0.507812 0.897685 0.0776042 0.108333 
0 0.874479 0.26875 0.0494792 0.0782407 
0 0.701693 0.683565 0.0585938 0.0726852 
0 0.139062 0.108796 0.0536458 0.0703704 
0 0.814453 0.539815 0.0773437 0.0712963 
0 0.447917 0.0451389 0.028125 0.0458333 
0 0.695833 0.522917 0.0578125 0.145833 
0 0.889193 0.405324 0.115365 0.0930556 
0 0.128125 0.625463 0.0364583 0.0583333 
0 0.698698 0.903472 0.0442708 0.1375 
0 0.73138 0.441435 0.0393229 0.0921296 
0 0.636719 0.486574 0.040625 0.15 
0 0.842708 0.736574 0.0776042 0.0703704 
0 0.654688 0.380556 0.04375 0.0953704 
0 0.634375 0.140046 0.0723958 0.0689815 
0 0.486328 0.620602 0.0382813 0.0921296 
0 0.683984 0.23125 0.0382813 0.169907 
0 0.605469 0.703935 0.0395833 0.0763889 
0 0.627344 0.909722 0.0739583 0.153704 
0 0.443099 0.13912 0.0294271 0.103241 
0 0.0266927 0.521296 0.0471354 0.0435185 
0 0.719792 0.849306 0.0828125 0.118981 
0 0.742578 0.97037 0.0361979 0.0537037 
0 0.301562 0.0627315 0.0796875 0.0717593 
0 0.482943 0.680093 0.0502604 0.062963 
0 0.477344 0.0715278 0.03125 0.0319444 
0 0.102474 0.924306 0.0554687 0.050463 
0 0.242318 0.514352 0.0544271 0.125 
0 0.0229167 0.14838 0.0265625 0.0523148 
0 0.713411 0.262731 0.0476562 0.116204 
0 0.536068 0.624306 0.0731771 0.0578704 
0 0.326953 0.653241 0.0268229 0.0759259 
0 0.26888 0.205093 0.0575521 0.0537037 
0 0.113932 0.0585648 0.0414063 0.0467593 
0 0.102474 0.515509 0.0580729 0.0578704 
0 0.45612 0.426389 0.0299479 0.0703704 
0 0.60599 0.412037 0.0333333 0.05 
0 0.339583 0.261111 0.0286458 0.134259 
0 0.0347656 0.598611 0.0299479 0.037963 
0 0.246094 0.31412 0.0473958 0.0893519 
0 0.373177 0.571065 0.0401042 0.0736111 
0 0.254948 0.947917 0.053125 0.0958333 
0 0.0894531 0.781713 0.0283854 0.0384259 
0 0.0638021 0.131944 0.034375 0.0712963 
0 0.0878906 0.123611 0.0398437 0.0666667 
0 0.134635 0.0259259 0.0401042 0.0518519 
0 0.836458 0.331019 0.046875 0.0768519 
0 0.411849 0.0173611 0.0622396 0.0337963 
0 0.614323 0.566898 0.0317708 0.0486111 
0 0.014974 0.439352 0.0299479 0.05 
0 0.349349 0.341667 0.0341146 0.0490741 
0 0.123828 0.461806 0.0690104 0.0671296 
