0 0.704167 0.489583 0.071875 0.0976852 
0 0.946745 0.577546 0.102865 0.0828704 
0 0.66263 0.062963 0.0528646 0.117593 
0 0.477604 0.586806 0.078125 0.0782407 
0 0.289844 0.446991 0.0515625 0.0606481 
0 0.202734 0.236343 0.0351562 0.0449074 
0 0.588932 0.17037 0.0440104 0.144444 
0 0.726042 0.35162 0.0354167 0.139352 
0 0.445312 0.754398 0.0505208 0.0967593 
0 0.786198 0.0928241 0.0359375 0.0810185 
0 0.809115 0.385417 0.107813 0.130093 
0 0.179036 0.437269 0.0492188 0.0449074 
0 0.802214 0.23912 0.0518229 0.0652778 
0 0.823307 0.941898 0.0486979 0.105093 
0 0.35625 0.399537 0.034375 0.0435185 
0 0.735807 0.823843 0.0757812 0.133796 
0 0.603125 0.254398 0.0541667 0.0930556 
0 0.427474 0.671991 0.0450521 0.074537 
0 0.57513 0.495602 0.0325521 0.0643518 
0 0.554688 0.0597222 0.0807292 0.0583333 
0 0.633203 0.931481 0.0434896 0.0796296 
0 0.449479 0.134491 0.0541667 0.0587963 
0 0.254167 0.130556 0.0515625 0.0527778 
0 0.76263 0.258565 0.0341146 0.0643518 
0 0.968229 0.178241 0.0520833 0.0777778 
0 0.508203 0.317361 0.0377604 0.050463 
0 0.757812 0.347917 0.0317708 0.113426 
0 0.451693 0.963657 0.0648438 0.0680556 
0 0.39349 0.508565 0.0484375 0.0430556 
0 0.0791667 0.706019 0.0380208 0.0416667 
0 0.441667 0.17963 0.0411458 0.0388889 
0 0.379427 0.635417 0.0401042 0.0763889 
0 0.0432292 0.334722 0.0427083 0.0592593 
0 0.280729 0.202083 0.0328125 0.050463 
0 0.750911 0.962731 0.0882813 0.074537 
0 0.258333 0.313889 0.03125 0.0509259 
0 0.848698 0.858333 0.0390625 0.0564815 
0 0.294531 0.136343 0.0380208 0.050463 
0 0.382552 0.272454 0.0192708 0.0800926 
0 0.169792 0.967824 0.0369792 0.0569444 
0 0.611328 0.871528 0.0408854 0.0578704 
0 0.46849 0.799537 0.0364583 0.062963 
0 0.542448 0.876852 0.0375 0.115741 
0 0.374349 0.186343 0.0388021 0.0717593 
0 0.478776 0.649306 0.0528646 0.0680556 
0 0.424089 0.2375 0.0455729 0.0388889 
0 0.149609 0.0201389 0.0330729 0.0384259 
0 0.39375 0.318056 0.0276042 0.037963 
0 0.134375 0.405324 0.0177083 0.0736111 
0 0.788672 0.891667 0.0315104 0.0703704 
0 0.48724 0.51875 0.0223958 0.0800926 
0 0.964453 0.944444 0.0367187 0.0574074 
0 0.0231771 0.0719907 0.0421875 0.108796 
0 0.504818 0.353472 0.0367187 0.0402778 
0 0.883333 0.793519 0.0380208 0.0481481 
0 0.305859 0.0199074 0.0450521 0.0388889 
0 0.390234 0.0384259 0.0236979 0.0768519 
0 0.0884115 0.10787 0.0200521 0.0861111 
0 0.0822917 0.609028 0.0442708 0.049537 
