0 0.597135 0.951852 0.0598958 0.0962963 
0 0.614323 0.723148 0.0328125 0.0685185 
0 0.864714 0.43912 0.0565104 0.0856481 
0 0.690365 0.0354167 0.0697917 0.0671296 
0 0.669922 0.48912 0.0466146 0.0587963 
0 0.629427 0.312731 0.0375 0.0606481 
0 0.734375 0.878704 0.0729167 0.114815 
0 0.397656 0.249074 0.046875 0.0537037 
0 0.178906 0.0456019 0.0442708 0.0810185 
0 0.352995 0.796528 0.0695312 0.0671296 
0 0.574219 0.636343 0.0442708 0.0541667 
0 0.766667 0.517361 0.0552083 0.136574 
0 0.346354 0.240278 0.0557292 0.0842593 
0 0.594792 0.0664352 0.03125 0.123611 
0 0.470443 0.491667 0.0528646 0.115741 
0 0.634245 0.621528 0.0341146 0.0967593 
0 0.636198 0.815278 0.0328125 0.0444444 
0 0.502995 0.818519 0.0304688 0.0435185 
0 0.797396 0.40625 0.03125 0.0523148 
0 0.738281 0.419907 0.078125 0.0712963 
0 0.478776 0.241204 0.0450521 0.0611111 
0 0.0255208 0.326852 0.040625 0.0638889 
0 0.353255 0.493981 0.0455729 0.100926 
0 0.396484 0.17662 0.0445312 0.0643518 
0 0.165625 0.64375 0.0359375 0.0773148 
0 0.223698 0.713889 0.0401042 0.101852 
0 0.110286 0.258796 0.0351562 0.0824074 
0 0.466406 0.317824 0.0609375 0.0884259 
0 0.484896 0.934722 0.0390625 0.0981481 
0 0.613281 0.457407 0.0567708 0.0833333 
0 0.432031 0.471065 0.0401042 0.0550926 
0 0.679688 0.918287 0.0401042 0.159722 
0 0.569792 0.24838 0.0640625 0.0736111 
0 0.267188 0.292361 0.0307292 0.0717593 
0 0.642057 0.38287 0.0856771 0.0666667 
0 0.547786 0.702083 0.0341146 0.0782407 
0 0.245443 0.41875 0.0268229 0.050463 
0 0.567839 0.110648 0.0356771 0.114815 
0 0.14375 0.18588 0.05 0.0699074 
0 0.515625 0.956481 0.0583333 0.087037 
0 0.30612 0.504398 0.0299479 0.0421296 
0 0.542448 0.322454 0.0385417 0.0726852 
0 0.235286 0.845139 0.0497396 0.050463 
0 0.287109 0.612731 0.0408854 0.0726852 
0 0.332943 0.349306 0.0372396 0.10787 
0 0.264193 0.244213 0.0414063 0.0439815 
0 0.184766 0.389815 0.0351562 0.0537037 
0 0.270312 0.120139 0.0505208 0.0949074 
0 0.09375 0.742593 0.0333333 0.0990741 
0 0.309635 0.0185185 0.034375 0.037037 
0 0.192578 0.754398 0.0325521 0.0791667 
0 0.348698 0.37338 0.0401042 0.102315 
0 0.0657552 0.897685 0.0283854 0.05 
0 0.945312 0.249306 0.0364583 0.0699074 
0 0.766667 0.0236111 0.0359375 0.0472222 
0 0.129818 0.766898 0.0304688 0.0634259 
0 0.583984 0.168519 0.0736979 0.0611111 
0 0.0794271 0.0361111 0.0395833 0.0666667 
0 0.0684896 0.238426 0.0317708 0.0518519 
0 0.1875 0.309954 0.0505208 0.0578704 
0 0.269531 0.38125 0.025 0.113426 
