0 0.217708 0.0685185 0.0859375 0.121296 
0 0.196354 0.263657 0.0880208 0.145833 
0 0.57474 0.0358796 0.107292 0.0717593 
0 0.482422 0.552546 0.0351562 0.0625 
0 0.153385 0.531713 0.0364583 0.103241 
0 0.134375 0.688889 0.0401042 0.102778 
0 0.508333 0.466204 0.0520833 0.0842593 
0 0.816016 0.417361 0.0684896 0.0625 
0 0.591276 0.736806 0.0497396 0.164352 
0 0.4375 0.5375 0.0416667 0.1 
0 0.267057 0.291898 0.0403646 0.0550926 
0 0.36224 0.641204 0.05 0.087037 
0 0.979427 0.653935 0.0401042 0.158796 
0 0.266797 0.71713 0.0518229 0.0685185 
0 0.0877604 0.373611 0.0390625 0.137037 
0 0.734896 0.232407 0.0588542 0.158333 
0 0.171224 0.436574 0.0710938 0.0527778 
0 0.744531 0.871065 0.059375 0.109722 
0 0.233464 0.314352 0.0434896 0.0824074 
