0 0.976302 0.2875 0.0473958 0.112037 
0 0.691927 0.127778 0.0630208 0.0759259 
0 0.73776 0.669676 0.0390625 0.0680556 
0 0.58112 0.612269 0.0341146 0.0828704 
0 0.794401 0.581481 0.0466146 0.0824074 
0 0.636719 0.0863426 0.0348958 0.106944 
0 0.213672 0.674074 0.0382813 0.087037 
0 0.603516 0.0768519 0.0372396 0.0703704 
0 0.238542 0.375463 0.0463542 0.0796296 
0 0.554688 0.21875 0.0286458 0.0449074 
0 0.419141 0.0601852 0.0492188 0.0731481 
0 0.91888 0.463889 0.0408854 0.0611111 
0 0.0553385 0.313889 0.0372396 0.0564815 
0 0.394141 0.250231 0.0497396 0.0921296 
0 0.308073 0.662037 0.0505208 0.0546296 
0 0.355469 0.336574 0.0390625 0.0703704 
0 0.599089 0.235185 0.0471354 0.0546296 
0 0.185417 0.488889 0.046875 0.062963 
0 0.533203 0.810648 0.0315104 0.0777778 
0 0.157292 0.149306 0.034375 0.104167 
0 0.334766 0.210417 0.0481771 0.108796 
0 0.535677 0.152546 0.028125 0.0541667 
0 0.460677 0.353472 0.0291667 0.0819444 
0 0.491667 0.652778 0.0328125 0.0657407 
0 0.169141 0.0185185 0.0377604 0.037037 
0 0.307161 0.286111 0.0419271 0.0638889 
0 0.816797 0.29213 0.0346354 0.0648148 
0 0.540104 0.525231 0.0359375 0.0912037 
0 0.851042 0.267593 0.0359375 0.0601852 
0 0.513672 0.459722 0.0356771 0.0462963 
0 0.116536 0.171991 0.0424479 0.0578704 
0 0.839323 0.51875 0.046875 0.0689815 
0 0.415234 0.563657 0.0377604 0.0597222 
0 0.885807 0.534259 0.0460938 0.0574074 
0 0.245833 0.0935185 0.040625 0.0601852 
0 0.619661 0.558565 0.0335938 0.0949074 
0 0.0322917 0.13912 0.0354167 0.0578704 
0 0.768099 0.565972 0.0351562 0.0578704 
0 0.376042 0.043287 0.0661458 0.0523148 
0 0.360807 0.77037 0.0341146 0.0824074 
0 0.167839 0.241898 0.0440104 0.0717593 
0 0.431901 0.499537 0.0403646 0.05 
