0 0.876562 0.305556 0.034375 0.075 
0 0.757812 0.212037 0.0385417 0.0814815 
0 0.969141 0.454167 0.0320312 0.0740741 
0 0.790104 0.719444 0.0307292 0.0666667 
0 0.649479 0.0694444 0.025 0.103704 
0 0.25612 0.152546 0.0455729 0.0865741 
0 0.0307292 0.290046 0.0395833 0.0847222 
0 0.630729 0.199306 0.0546875 0.0597222 
0 0.826172 0.769444 0.0502604 0.118519 
0 0.874089 0.0460648 0.0320312 0.0800926 
0 0.958984 0.181944 0.0356771 0.0759259 
0 0.673828 0.571991 0.0346354 0.0875 
0 0.716406 0.0344907 0.0802083 0.0662037 
0 0.536068 0.423148 0.0330729 0.0685185 
0 0.801302 0.216667 0.0385417 0.0648148 
0 0.35638 0.950694 0.0888021 0.0986111 
0 0.369401 0.0636574 0.0559896 0.0615741 
0 0.826693 0.690509 0.0231771 0.075463 
0 0.775911 0.298843 0.0236979 0.0893519 
0 0.766536 0.0921296 0.0700521 0.0574074 
0 0.959896 0.513889 0.0442708 0.05 
0 0.576563 0.06875 0.0302083 0.0726852 
