0 0.650391 0.947917 0.0424479 0.0800926 
0 0.518099 0.230093 0.0361979 0.0574074 
0 0.489974 0.502315 0.0388021 0.0444444 
0 0.666536 0.08125 0.0408854 0.0439815 
0 0.635807 0.28125 0.0252604 0.0726852 
0 0.601953 0.425231 0.0434896 0.0449074 
0 0.619531 0.713889 0.0510417 0.0740741 
0 0.51849 0.145833 0.034375 0.0444444 
0 0.302474 0.158333 0.0403646 0.0666667 
0 0.194401 0.775694 0.0372396 0.0597222 
0 0.426302 0.511111 0.0359375 0.0666667 
0 0.682031 0.0412037 0.0291667 0.0759259 
0 0.742708 0.188426 0.0578125 0.0592593 
0 0.641536 0.394213 0.0481771 0.0393519 
0 0.433333 0.774306 0.0333333 0.0782407 
0 0.617578 0.103241 0.0278646 0.1 
0 0.354036 0.159722 0.0429688 0.0509259 
0 0.38138 0.355093 0.0502604 0.0592593 
0 0.347005 0.745602 0.0320312 0.0476852 
0 0.520443 0.0328704 0.0278646 0.0601852 
0 0.629948 0.356713 0.034375 0.0458333 
0 0.176172 0.9375 0.0382813 0.0388889 
0 0.572786 0.334491 0.0236979 0.0467593 
0 0.379297 0.526852 0.0351562 0.0583333 
0 0.548828 0.490046 0.0382813 0.0643518 
0 0.667448 0.438426 0.028125 0.0564815 
0 0.184896 0.689583 0.0411458 0.0439815 
0 0.630859 0.673611 0.0299479 0.0638889 
0 0.147786 0.889815 0.0424479 0.0388889 
0 0.15612 0.364583 0.0320312 0.0523148 
0 0.399219 0.595139 0.0494792 0.0569444 
0 0.644531 0.202546 0.0416667 0.0550926 
0 0.510807 0.622685 0.0346354 0.062963 
0 0.589323 0.763889 0.0432292 0.0731481 
0 0.642057 0.453935 0.0393229 0.0550926 
0 0.248307 0.871528 0.0377604 0.0449074 
0 0.10651 0.928704 0.0322917 0.0518519 
0 0.657161 0.819444 0.0330729 0.0472222 
0 0.665495 0.702315 0.0236979 0.0805556 
0 0.280729 0.0381944 0.034375 0.0458333 
0 0.71875 0.681944 0.0296875 0.0740741 
0 0.350391 0.89838 0.0346354 0.0662037 
0 0.563542 0.978472 0.0395833 0.0430556 
0 0.380859 0.0358796 0.0231771 0.0643518 
0 0.410417 0.894213 0.0453125 0.0402778 
0 0.462109 0.431944 0.0184896 0.0944444 
0 0.515625 0.742593 0.0286458 0.0712963 
0 0.792578 0.872222 0.0513021 0.10463 
0 0.19987 0.0275463 0.0382813 0.0402778 
0 0.108594 0.282639 0.0369792 0.0541667 
0 0.663542 0.879861 0.0692708 0.0615741 
0 0.652344 0.142593 0.0276042 0.0675926 
0 0.525911 0.378935 0.0252604 0.0680556 
