0 0.938021 0.211343 0.117708 0.106019 
0 0.635677 0.579398 0.0760417 0.139352 
0 0.509245 0.626157 0.0700521 0.106019 
0 0.725651 0.512963 0.0976562 0.139815 
0 0.791536 0.684491 0.0940104 0.160648 
0 0.472917 0.955787 0.0817708 0.0865741 
0 0.680078 0.726852 0.0486979 0.0759259 
0 0.651302 0.133796 0.0604167 0.168519 
0 0.861849 0.41412 0.0820312 0.0606481 
0 0.713411 0.338194 0.0643229 0.0902778 
0 0.646484 0.857176 0.0523437 0.119907 
0 0.505339 0.816435 0.0544271 0.0513889 
0 0.826172 0.192361 0.0726563 0.0699074 
0 0.707031 0.572222 0.0479167 0.162037 
0 0.818359 0.0423611 0.0679687 0.0810185 
0 0.807161 0.783565 0.0367187 0.0430556 
0 0.70026 0.836343 0.0380208 0.126389 
0 0.711458 0.207176 0.071875 0.161574 
0 0.60651 0.412731 0.0375 0.0912037 
0 0.111068 0.441435 0.0419271 0.0513889 
0 0.294922 0.795139 0.0544271 0.0643518 
0 0.489062 0.350231 0.0432292 0.0893519 
0 0.0352865 0.956481 0.0513021 0.0842593 
0 0.713802 0.734259 0.0572917 0.0805556 
0 0.239453 0.959954 0.0440104 0.0578704 
0 0.541536 0.368519 0.0710938 0.0527778 
0 0.451172 0.241204 0.0669271 0.0509259 
0 0.23776 0.112269 0.0432292 0.0541667 
0 0.628906 0.9375 0.0447917 0.0740741 
0 0.707552 0.10162 0.0557292 0.049537 
0 0.119922 0.284491 0.0638021 0.0726852 
0 0.545443 0.859491 0.0330729 0.0597222 
0 0.0729167 0.34838 0.040625 0.0476852 
0 0.33112 0.0354167 0.0325521 0.0689815 
0 0.590365 0.777315 0.065625 0.0935185 
0 0.251693 0.371759 0.0424479 0.0675926 
0 0.741667 0.140972 0.0401042 0.111574 
0 0.577083 0.909722 0.0328125 0.0490741 
0 0.928646 0.0256944 0.0875 0.0513889 
0 0.283724 0.482176 0.0268229 0.0550926 
0 0.480208 0.412269 0.0458333 0.0625 
0 0.566406 0.559491 0.0338542 0.123611 
0 0.149609 0.0233796 0.0299479 0.0458333 
0 0.555729 0.113889 0.0348958 0.05 
0 0.454557 0.159028 0.0315104 0.0865741 
0 0.398438 0.0599537 0.0755208 0.0726852 
0 0.0838542 0.782176 0.0578125 0.0578704 
0 0.234896 0.781713 0.0463542 0.0763889 
0 0.257552 0.308565 0.053125 0.0643518 
0 0.41263 0.142593 0.0388021 0.0861111 
0 0.0411458 0.0296296 0.0442708 0.0583333 
