0 0.44375 0.347454 0.040625 0.0680556 
0 0.301302 0.41875 0.046875 0.0689815 
0 0.0652344 0.623148 0.0549479 0.0768519 
0 0.428776 0.0597222 0.0419271 0.119444 
0 0.31862 0.952315 0.0986979 0.0916667 
0 0.289583 0.0550926 0.0479167 0.0666667 
0 0.397396 0.0261574 0.0302083 0.0523148 
0 0.548828 0.378935 0.0325521 0.0439815 
0 0.0675781 0.49213 0.0341146 0.0898148 
0 0.173568 0.881944 0.0580729 0.0712963 
0 0.299609 0.621065 0.0414063 0.0550926 
0 0.365495 0.303472 0.0294271 0.0717593 
0 0.125651 0.407407 0.0585938 0.114815 
0 0.23112 0.916667 0.0533854 0.15 
0 0.240104 0.462963 0.0583333 0.0592593 
0 0.259245 0.0983796 0.0617188 0.0828704 
0 0.405078 0.730556 0.0596354 0.062037 
0 0.251042 0.574074 0.0588542 0.062037 
0 0.585417 0.0981481 0.0515625 0.0527778 
0 0.119271 0.871528 0.0619792 0.0569444 
0 0.348307 0.0733796 0.0523437 0.0662037 
0 0.51901 0.321991 0.0411458 0.0671296 
0 0.17526 0.574306 0.034375 0.0902778 
0 0.554167 0.30162 0.0416667 0.050463 
0 0.465755 0.629398 0.0606771 0.0430556 
0 0.418099 0.560185 0.0351562 0.144444 
0 0.0158854 0.679398 0.0302083 0.11713 
0 0.605469 0.948843 0.0494792 0.0958333 
0 0.184375 0.827315 0.0291667 0.0722222 
0 0.206901 0.142824 0.0304688 0.129167 
0 0.583984 0.866435 0.0533854 0.0699074 
0 0.348307 0.374537 0.0419271 0.0398148 
0 0.299349 0.47963 0.0622396 0.0861111 
0 0.755859 0.0303241 0.0460938 0.0606481 
0 0.325391 0.132639 0.0414063 0.0800926 
0 0.691406 0.90463 0.0541667 0.0759259 
0 0.516667 0.122454 0.0416667 0.108796 
0 0.200391 0.482639 0.0346354 0.0680556 
