0 0.742188 0.247685 0.0557292 0.110185 
0 0.420703 0.123611 0.0664062 0.112037 
0 0.864193 0.379398 0.119531 0.0865741 
0 0.499089 0.286574 0.0908854 0.0583333 
0 0.208073 0.5625 0.0505208 0.103704 
0 0.194792 0.932176 0.0984375 0.075463 
0 0.757812 0.725231 0.040625 0.049537 
0 0.48763 0.919444 0.0721354 0.0722222 
0 0.672396 0.721759 0.0901042 0.0824074 
0 0.626562 0.549074 0.0619792 0.0592593 
0 0.0667969 0.560648 0.0419271 0.0472222 
0 0.788151 0.0581019 0.110677 0.0680556 
0 0.257292 0.0787037 0.0692708 0.0518519 
0 0.138281 0.297222 0.0359375 0.106481 
0 0.354948 0.574537 0.0479167 0.062963 
0 0.538542 0.814583 0.0505208 0.0550926 
0 0.712891 0.118056 0.0622396 0.087963 
0 0.667578 0.859491 0.0460938 0.0708333 
0 0.521484 0.386343 0.0804688 0.133796 
0 0.611849 0.290278 0.0346354 0.0916667 
0 0.223568 0.646991 0.0476562 0.0763889 
0 0.0755208 0.403472 0.0307292 0.0541667 
0 0.51901 0.134259 0.0489583 0.0648148 
0 0.57526 0.826852 0.0369792 0.0712963 
0 0.173568 0.0782407 0.0346354 0.0805556 
0 0.561979 0.0819444 0.0359375 0.135185 
0 0.0963542 0.864583 0.0411458 0.0856481 
0 0.329818 0.784954 0.0632813 0.0532407 
0 0.153646 0.145602 0.0380208 0.0875 
0 0.275651 0.862731 0.0294271 0.0569444 
0 0.493229 0.533565 0.0848958 0.0606481 
0 0.323047 0.650694 0.0611979 0.0597222 
0 0.638151 0.75787 0.0325521 0.0824074 
0 0.364714 0.705787 0.0424479 0.100463 
0 0.522005 0.603704 0.0361979 0.168519 
0 0.485547 0.0340278 0.0424479 0.0671296 
0 0.0529948 0.487037 0.0585938 0.0435185 
0 0.0220052 0.431019 0.0440104 0.0564815 
0 0.647917 0.0337963 0.0963542 0.0675926 
0 0.102214 0.0347222 0.0309896 0.0675926 
0 0.600521 0.958796 0.100521 0.0824074 
0 0.583073 0.55463 0.0359375 0.110185 
0 0.273177 0.666667 0.0270833 0.0675926 
0 0.182943 0.225694 0.0455729 0.131019 
0 0.958073 0.4125 0.0369792 0.0546296 
0 0.140885 0.70787 0.0723958 0.0444444 
0 0.260677 0.0155093 0.0432292 0.0300926 
0 0.32526 0.875694 0.059375 0.0606481 
0 0.717188 0.844213 0.0541667 0.0856481 
0 0.633333 0.249074 0.03125 0.0694444 
0 0.167057 0.775694 0.0382813 0.124537 
0 0.159245 0.863657 0.0559896 0.0569444 
0 0.197005 0.869444 0.0492188 0.0537037 
0 0.248828 0.753009 0.0690104 0.0726852 
0 0.822786 0.942593 0.0440104 0.103704 
0 0.463411 0.208102 0.0622396 0.050463 
0 0.11862 0.4875 0.0356771 0.0962963 
0 0.455469 0.477546 0.0734375 0.0847222 
