0 0.14375 0.828472 0.0677083 0.102315 
0 0.238932 0.878935 0.0429688 0.0902778 
0 0.963932 0.419907 0.0533854 0.161111 
0 0.307031 0.94838 0.05 0.103241 
0 0.761198 0.950694 0.0416667 0.0847222 
0 0.263672 0.846065 0.0476562 0.0726852 
0 0.361068 0.46088 0.0382813 0.0634259 
0 0.846224 0.688194 0.0325521 0.0939815 
0 0.589323 0.778241 0.0630208 0.125 
0 0.365495 0.928009 0.0476562 0.0689815 
0 0.180208 0.480556 0.0411458 0.0453704 
0 0.0839844 0.670602 0.0486979 0.0662037 
0 0.416016 0.955787 0.0700521 0.0523148 
0 0.575651 0.920139 0.0539063 0.0875 
0 0.95651 0.656713 0.05 0.0449074 
0 0.972135 0.743981 0.0244792 0.119444 
0 0.107031 0.607176 0.0348958 0.0625 
0 0.635677 0.607176 0.0447917 0.0976852 
0 0.445833 0.834491 0.0317708 0.0800926 
0 0.808594 0.684722 0.0229167 0.0824074 
0 0.814062 0.489583 0.034375 0.0856481 
0 0.185937 0.352778 0.04375 0.062037 
0 0.953125 0.848148 0.0427083 0.119444 
0 0.884766 0.383796 0.0424479 0.0592593 
0 0.767057 0.842361 0.0377604 0.0680556 
0 0.748047 0.661343 0.0736979 0.0615741 
0 0.3125 0.813889 0.028125 0.112037 
0 0.372786 0.562963 0.0304688 0.087037 
0 0.848177 0.953472 0.0223958 0.0930556 
0 0.948307 0.573843 0.0507812 0.0634259 
0 0.302214 0.715046 0.0544271 0.0467593 
0 0.526432 0.963657 0.0393229 0.0680556 
0 0.175781 0.587269 0.0375 0.0634259 
0 0.90625 0.891435 0.0541667 0.0439815 
0 0.746615 0.731944 0.03125 0.0638889 
0 0.194922 0.685648 0.0231771 0.0657407 
0 0.078776 0.483565 0.0320312 0.0430556 
0 0.330599 0.684028 0.0356771 0.0412037 
0 0.562109 0.419213 0.0315104 0.0467593 
0 0.0394531 0.211111 0.0445312 0.0703704 
0 0.113802 0.493981 0.0260417 0.0675926 
0 0.232812 0.674537 0.03125 0.0592593 
0 0.0401042 0.313657 0.03125 0.0625 
0 0.541927 0.7125 0.0166667 0.0583333 
0 0.242318 0.58287 0.0393229 0.0787037 
