0 0.255339 0.559954 0.0523437 0.103241 
0 0.64987 0.351389 0.0429688 0.119444 
0 0.591797 0.197917 0.0653646 0.102315 
0 0.516016 0.458796 0.0539063 0.121296 
0 0.554167 0.50787 0.0598958 0.161111 
0 0.686458 0.584722 0.0447917 0.0981481 
0 0.246745 0.670602 0.0554687 0.106944 
0 0.0958333 0.542593 0.0703125 0.0925926 
0 0.745182 0.40787 0.0481771 0.126852 
0 0.794922 0.496065 0.0580729 0.0625 
0 0.70599 0.135417 0.0859375 0.0847222 
0 0.597656 0.656713 0.0453125 0.0736111 
0 0.290234 0.639815 0.0382813 0.125 
0 0.443099 0.654861 0.0466146 0.0875 
0 0.933594 0.538657 0.0598958 0.128241 
0 0.164844 0.518287 0.0348958 0.106944 
0 0.728906 0.451157 0.0401042 0.099537 
0 0.220964 0.566898 0.0476562 0.150463 
0 0.883724 0.719676 0.0414063 0.121759 
0 0.972135 0.715278 0.0505208 0.087037 
0 0.777344 0.604167 0.0630208 0.0740741 
0 0.98724 0.545139 0.021875 0.126389 
0 0.680208 0.861111 0.0546875 0.087963 
0 0.79388 0.355093 0.0335938 0.0722222 
0 0.615755 0.408333 0.0403646 0.136111 
0 0.468359 0.579861 0.0513021 0.0847222 
0 0.688542 0.419676 0.0270833 0.125463 
0 0.695833 0.484028 0.040625 0.111574 
0 0.548828 0.36713 0.0278646 0.0972222 
0 0.849089 0.923611 0.0585938 0.112963 
0 0.736328 0.78125 0.0591146 0.0708333 
0 0.938021 0.96713 0.0557292 0.0657407 
0 0.980469 0.811111 0.0255208 0.0796296 
0 0.735417 0.853704 0.0359375 0.087037 
0 0.0863281 0.97662 0.0414063 0.0467593 
0 0.617708 0.75 0.0302083 0.112037 
