0 0.748047 0.772454 0.0356771 0.0578704 
0 0.719661 0.325926 0.0528646 0.121296 
0 0.57526 0.177546 0.059375 0.0652778 
0 0.451693 0.851157 0.0330729 0.0430556 
0 0.227474 0.317361 0.0414063 0.0625 
0 0.643099 0.608102 0.0492188 0.0439815 
0 0.976823 0.821528 0.0463542 0.0625 
0 0.73138 0.55 0.0627604 0.0444444 
0 0.767578 0.126389 0.0294271 0.118519 
0 0.595703 0.961806 0.0471354 0.0717593 
0 0.799349 0.902778 0.0434896 0.0990741 
0 0.407161 0.868981 0.0351562 0.0851852 
0 0.709896 0.834722 0.0901042 0.0768519 
0 0.582031 0.714815 0.0723958 0.0592593 
0 0.382552 0.73125 0.0401042 0.049537 
0 0.166406 0.145833 0.0359375 0.0703704 
0 0.585026 0.879861 0.0434896 0.0865741 
0 0.398698 0.141435 0.0307292 0.075463 
0 0.34987 0.861806 0.0408854 0.0513889 
0 0.589844 0.0930556 0.034375 0.0685185 
0 0.851562 0.263194 0.0244792 0.0532407 
0 0.102344 0.128472 0.0401042 0.0662037 
0 0.625391 0.314352 0.0481771 0.0972222 
0 0.520052 0.813889 0.0385417 0.0527778 
0 0.257031 0.956713 0.0364583 0.074537 
0 0.260026 0.604167 0.0455729 0.037037 
0 0.041276 0.285185 0.0450521 0.0638889 
0 0.383594 0.508102 0.0479167 0.0550926 
0 0.510156 0.670139 0.0416667 0.0578704 
0 0.872526 0.477315 0.0315104 0.0518519 
0 0.340104 0.198611 0.0276042 0.0583333 
0 0.896094 0.0430556 0.046875 0.0777778 
0 0.858464 0.213657 0.0325521 0.0587963 
0 0.19974 0.0805556 0.0442708 0.0472222 
0 0.306641 0.842824 0.0388021 0.0486111 
0 0.0688802 0.569907 0.0434896 0.037963 
0 0.504948 0.772917 0.0484375 0.0939815 
0 0.431641 0.602083 0.0497396 0.106019 
0 0.548307 0.269907 0.0361979 0.0916667 
0 0.071875 0.981713 0.0286458 0.0328704 
0 0.0692708 0.352778 0.0432292 0.0425926 
0 0.101693 0.894213 0.0289063 0.050463 
0 0.30612 0.941898 0.0361979 0.0671296 
0 0.142057 0.579167 0.0424479 0.0462963 
0 0.213281 0.204398 0.0244792 0.0717593 
0 0.184375 0.947917 0.0526042 0.0773148 
0 0.953125 0.711806 0.0442708 0.074537 
