0 0.364974 0.67963 0.0549479 0.105556 
0 0.910156 0.559954 0.06875 0.100463 
0 0.388672 0.428935 0.0575521 0.0791667 
0 0.509766 0.510417 0.0518229 0.0912037 
0 0.445443 0.600231 0.0434896 0.131944 
0 0.252214 0.429861 0.0585938 0.0800926 
0 0.854036 0.51088 0.0528646 0.127315 
0 0.315234 0.460417 0.0257812 0.0875 
0 0.810026 0.6625 0.0424479 0.0842593 
0 0.0990885 0.528935 0.0518229 0.0949074 
0 0.395964 0.778704 0.0419271 0.115741 
0 0.502474 0.581944 0.0335938 0.0925926 
0 0.190495 0.640972 0.0372396 0.0921296 
0 0.802214 0.960185 0.0372396 0.0777778 
0 0.413411 0.559491 0.0445312 0.0569444 
0 0.179688 0.790972 0.0395833 0.0763889 
0 0.472656 0.490278 0.0265625 0.123148 
0 0.447005 0.406713 0.0523437 0.0736111 
0 0.747656 0.920139 0.0489583 0.0699074 
0 0.827604 0.38287 0.0697917 0.0601852 
0 0.973568 0.373843 0.0434896 0.0773148 
0 0.508854 0.430787 0.0604167 0.075463 
0 0.534245 0.569444 0.0361979 0.0435185 
0 0.348958 0.533796 0.0307292 0.128704 
0 0.746615 0.3125 0.0354167 0.087037 
0 0.315625 0.346759 0.0223958 0.087963 
0 0.79401 0.504167 0.03125 0.0601852 
0 0.285417 0.809491 0.0416667 0.0625 
0 0.628516 0.951389 0.0434896 0.062963 
0 0.289453 0.375463 0.0377604 0.062963 
0 0.235938 0.503009 0.0338542 0.0819444 
0 0.0229167 0.624306 0.0333333 0.0578704 
0 0.333073 0.791667 0.0510417 0.0768519 
0 0.638672 0.578009 0.0492188 0.0634259 
0 0.239974 0.590046 0.0700521 0.106019 
0 0.836458 0.259028 0.0317708 0.0726852 
0 0.163672 0.476852 0.0315104 0.087037 
0 0.667448 0.322222 0.0552083 0.128704 
0 0.738802 0.434259 0.0458333 0.0731481 
0 0.867708 0.713426 0.0661458 0.0666667 
0 0.320052 0.0268519 0.0359375 0.0537037 
0 0.935547 0.253241 0.0674479 0.0611111 
0 0.922786 0.396528 0.0570313 0.0643518 
0 0.151042 0.690046 0.0317708 0.0736111 
0 0.0809896 0.550463 0.0432292 0.0833333 
0 0.497266 0.771991 0.0372396 0.0736111 
0 0.70013 0.291667 0.0367187 0.0416667 
0 0.90625 0.90625 0.0296875 0.0689815 
0 0.970703 0.474306 0.0372396 0.109722 
0 0.0169271 0.383565 0.0317708 0.074537 
