0 0.764583 0.0435185 0.0401042 0.0851852 
0 0.741276 0.628009 0.0424479 0.0680556 
0 0.95651 0.641435 0.0375 0.0671296 
0 0.445833 0.264815 0.0494792 0.0916667 
0 0.918359 0.346296 0.0356771 0.0768519 
0 0.214974 0.509259 0.0335938 0.0981481 
0 0.552214 0.34537 0.0382813 0.0601852 
0 0.971224 0.0571759 0.0554687 0.0578704 
0 0.584375 0.691435 0.0333333 0.119907 
0 0.847656 0.0456019 0.0546875 0.0810185 
0 0.521484 0.257407 0.0335938 0.0555556 
0 0.88763 0.146528 0.0601562 0.0680556 
0 0.591797 0.372917 0.0231771 0.0967593 
0 0.820833 0.338194 0.053125 0.0671296 
0 0.866667 0.343981 0.03125 0.126852 
0 0.191406 0.389815 0.0260417 0.102778 
0 0.402604 0.60162 0.0432292 0.0615741 
0 0.897526 0.314815 0.0341146 0.112037 
0 0.643099 0.328472 0.0533854 0.0597222 
0 0.936589 0.135648 0.0299479 0.0990741 
0 0.898438 0.392361 0.03125 0.0597222 
0 0.531771 0.170833 0.0354167 0.0537037 
0 0.359375 0.231019 0.065625 0.0546296 
0 0.878516 0.583333 0.0382813 0.0546296 
0 0.247396 0.350926 0.025 0.0601852 
0 0.897526 0.4875 0.0304688 0.0768519 
0 0.43151 0.746991 0.046875 0.0782407 
0 0.788542 0.184028 0.0708333 0.099537 
0 0.748047 0.101389 0.0315104 0.0666667 
0 0.91901 0.78287 0.0484375 0.0555556 
0 0.621094 0.399769 0.0416667 0.0560185 
0 0.765625 0.341898 0.0286458 0.0458333 
0 0.407161 0.467361 0.0424479 0.0930556 
0 0.164844 0.551157 0.0359375 0.113426 
0 0.0708333 0.642824 0.0390625 0.0615741 
0 0.807031 0.73125 0.0286458 0.0828704 
0 0.310547 0.38287 0.0424479 0.0675926 
0 0.729036 0.0604167 0.0341146 0.0800926 
0 0.46849 0.441898 0.028125 0.0597222 
0 0.445052 0.566667 0.0380208 0.0490741 
0 0.661068 0.641898 0.0528646 0.0699074 
0 0.708984 0.196296 0.0190104 0.0842593 
0 0.972656 0.318056 0.0416667 0.0703704 
0 0.0617188 0.81412 0.0359375 0.0513889 
0 0.522005 0.390278 0.0263021 0.0712963 
