0 0.237891 0.637963 0.0575521 0.107407 
0 0.327865 0.761343 0.0364583 0.074537 
0 0.905729 0.807639 0.0625 0.108796 
0 0.292708 0.851852 0.0630208 0.0898148 
0 0.0972656 0.629398 0.0559896 0.0680556 
0 0.614193 0.892361 0.0492188 0.114352 
0 0.633333 0.38287 0.0901042 0.0694444 
0 0.252995 0.353009 0.0309896 0.0606481 
0 0.432292 0.405787 0.0364583 0.0717593 
0 0.395443 0.621991 0.0518229 0.0643518 
0 0.976432 0.0349537 0.0471354 0.0699074 
0 0.452214 0.809491 0.0393229 0.0550926 
0 0.0796875 0.546759 0.0765625 0.0592593 
0 0.973177 0.819907 0.0515625 0.0805556 
0 0.338802 0.542361 0.0333333 0.116204 
0 0.380208 0.368056 0.0479167 0.0666667 
0 0.156771 0.391204 0.0291667 0.0601852 
0 0.420703 0.53588 0.0320312 0.0625 
0 0.455469 0.49375 0.0255208 0.0902778 
0 0.457292 0.611111 0.0489583 0.05 
0 0.802734 0.210417 0.0372396 0.0652778 
0 0.205599 0.334259 0.0455729 0.0490741 
0 0.203516 0.43125 0.0429688 0.0449074 
0 0.332943 0.358102 0.0356771 0.0569444 
0 0.853516 0.696065 0.0460938 0.0893519 
0 0.560156 0.807407 0.0213542 0.0648148 
0 0.855469 0.762963 0.0276042 0.0657407 
