0 0.573177 0.734028 0.0567708 0.109722 
0 0.292188 0.277778 0.0411458 0.087963 
0 0.684635 0.0956018 0.0536458 0.143981 
0 0.396354 0.653009 0.0302083 0.0486111 
0 0.495182 0.2125 0.0341146 0.0546296 
0 0.647917 0.257639 0.0463542 0.0560185 
0 0.728516 0.599306 0.0361979 0.108796 
0 0.473177 0.375231 0.0380208 0.0606481 
0 0.401172 0.765046 0.0408854 0.0921296 
0 0.261979 0.746991 0.0291667 0.0486111 
0 0.64349 0.645139 0.0302083 0.0550926 
0 0.767187 0.378241 0.0286458 0.0972222 
0 0.184896 0.346528 0.0385417 0.100463 
0 0.0455729 0.818981 0.0348958 0.0759259 
0 0.252214 0.851852 0.0419271 0.0759259 
0 0.740755 0.0592593 0.0815104 0.0657407 
0 0.73138 0.966898 0.0388021 0.0606481 
0 0.228776 0.733333 0.0304688 0.0481481 
0 0.178125 0.953009 0.0510417 0.0634259 
0 0.356641 0.275 0.0486979 0.0583333 
0 0.355729 0.665741 0.0557292 0.05 
0 0.177474 0.54375 0.0403646 0.0689815 
0 0.459245 0.549306 0.0632813 0.0726852 
0 0.0617188 0.457407 0.04375 0.0462963 
0 0.0795573 0.0402778 0.0341146 0.0574074 
0 0.421094 0.398148 0.0447917 0.0851852 
0 0.440885 0.689583 0.0510417 0.0643518 
0 0.369141 0.942593 0.0434896 0.0583333 
0 0.95651 0.787731 0.0380208 0.0587963 
0 0.913672 0.408102 0.0351562 0.0689815 
0 0.555599 0.252546 0.0341146 0.0699074 
0 0.376563 0.578009 0.059375 0.0615741 
0 0.131901 0.864583 0.0539063 0.0782407 
0 0.385677 0.513889 0.053125 0.0462963 
0 0.241797 0.262037 0.0315104 0.0574074 
0 0.588802 0.536574 0.0411458 0.087037 
0 0.631771 0.390972 0.0411458 0.0921296 
0 0.0785156 0.61088 0.0346354 0.0791667 
0 0.922786 0.694444 0.0346354 0.0601852 
0 0.0697917 0.205093 0.0286458 0.0601852 
0 0.674349 0.376157 0.0351562 0.0791667 
0 0.498698 0.399074 0.0479167 0.0435185 
0 0.711849 0.212037 0.0638021 0.0888889 
0 0.957943 0.505324 0.0731771 0.0606481 
0 0.616276 0.74213 0.0559896 0.1 
0 0.10026 0.381481 0.0598958 0.0740741 
0 0.582031 0.521991 0.0328125 0.0726852 
0 0.517578 0.933333 0.0377604 0.0398148 
0 0.270573 0.628009 0.0432292 0.0856481 
0 0.69388 0.958333 0.0346354 0.0796296 
0 0.0160156 0.261574 0.0315104 0.0648148 
0 0.595703 0.959259 0.0481771 0.0787037 
0 0.590365 0.81412 0.0848958 0.0699074 
0 0.291536 0.540278 0.0330729 0.0833333 
