0 0.145313 0.262269 0.0927083 0.151389 
0 0.934505 0.641898 0.0627604 0.173611 
0 0.976302 0.269907 0.0473958 0.0796296 
0 0.119792 0.532639 0.0380208 0.0986111 
0 0.51862 0.0386574 0.108073 0.0773148 
0 0.23099 0.463889 0.0458333 0.108333 
0 0.447526 0.55463 0.0335938 0.0638889 
0 0.764193 0.419213 0.0695312 0.0726852 
0 0.471745 0.47338 0.0559896 0.0791667 
0 0.325521 0.642361 0.0494792 0.0986111 
0 0.761719 0.64375 0.0604167 0.10787 
0 0.507292 0.743519 0.0453125 0.0990741 
0 0.554688 0.742593 0.046875 0.159259 
0 0.799349 0.776389 0.0674479 0.0666667 
0 0.103255 0.687037 0.0434896 0.113889 
