0 0.967318 0.95787 0.0606771 0.0842593 
0 0.792969 0.389583 0.0390625 0.0699074 
0 0.895964 0.756019 0.0492188 0.143519 
0 0.90625 0.618519 0.0505208 0.131481 
0 0.285677 0.67662 0.0401042 0.118981 
0 0.352865 0.0291667 0.0411458 0.0583333 
0 0.740755 0.712269 0.0528646 0.0847222 
0 0.329297 0.263194 0.0528646 0.105093 
0 0.681641 0.154398 0.0773437 0.104167 
0 0.945703 0.697222 0.0440104 0.0805556 
0 0.158333 0.758565 0.0682292 0.0671296 
0 0.805208 0.152315 0.0583333 0.0907407 
0 0.493359 0.272917 0.0658854 0.193981 
0 0.196745 0.644213 0.0476562 0.14213 
0 0.652344 0.319213 0.0359375 0.115278 
0 0.621094 0.448843 0.0427083 0.127315 
0 0.707031 0.948843 0.0369792 0.101389 
0 0.866797 0.321991 0.0611979 0.0828704 
0 0.923828 0.914815 0.0367187 0.0638889 
0 0.626432 0.615509 0.0372396 0.0921296 
0 0.108203 0.454398 0.0518229 0.0643518 
0 0.247656 0.811111 0.0401042 0.0740741 
0 0.064974 0.416898 0.0502604 0.0958333 
0 0.704687 0.546296 0.0317708 0.0537037 
0 0.842839 0.872454 0.0341146 0.130093 
0 0.880469 0.125 0.04375 0.0722222 
0 0.554688 0.89838 0.0427083 0.0921296 
0 0.682552 0.649769 0.0255208 0.0560185 
0 0.492188 0.855556 0.0458333 0.0907407 
0 0.189844 0.524306 0.0291667 0.0837963 
0 0.277344 0.948843 0.0578125 0.0810185 
0 0.602474 0.930556 0.0653646 0.0712963 
0 0.047526 0.70787 0.0533854 0.0481481 
0 0.642057 0.08125 0.0382813 0.0958333 
0 0.837891 0.350463 0.0591146 0.134259 
0 0.758203 0.283565 0.0601562 0.0680556 
0 0.246354 0.183102 0.0401042 0.099537 
0 0.328906 0.656713 0.04375 0.0606481 
0 0.415495 0.469676 0.0580729 0.075463 
0 0.747005 0.795602 0.0684896 0.0736111 
0 0.949219 0.504861 0.0276042 0.0819444 
0 0.399349 0.651157 0.0481771 0.0560185 
