0 0.647396 0.829861 0.0864583 0.134722 
0 0.852474 0.0525463 0.0783854 0.0847222 
0 0.398177 0.680556 0.0604167 0.0574074 
0 0.580599 0.961806 0.0617188 0.0699074 
0 0.544922 0.127083 0.0940104 0.0939815 
0 0.71875 0.123843 0.0520833 0.0717593 
0 0.976042 0.534722 0.0333333 0.0648148 
0 0.425521 0.561111 0.0453125 0.0527778 
0 0.180078 0.674769 0.0549479 0.0643518 
0 0.845182 0.206944 0.0684896 0.0564815 
0 0.445312 0.430093 0.0932292 0.0759259 
0 0.472396 0.0405093 0.0307292 0.0652778 
0 0.785156 0.503009 0.0416667 0.049537 
0 0.229948 0.702778 0.0375 0.0462963 
0 0.472917 0.13588 0.0619792 0.0625 
0 0.207682 0.265741 0.0466146 0.0546296 
0 0.228125 0.0777778 0.0630208 0.0518519 
0 0.830078 0.268981 0.0351562 0.0490741 
0 0.0395833 0.460185 0.0369792 0.075 
0 0.197396 0.191898 0.0510417 0.0671296 
0 0.570312 0.821296 0.0484375 0.0944444 
0 0.414062 0.01875 0.05625 0.0356481 
0 0.166406 0.895833 0.0473958 0.0694444 
0 0.651302 0.67963 0.0604167 0.0546296 
0 0.266406 0.24213 0.0354167 0.0990741 
0 0.73776 0.335417 0.04375 0.0625 
0 0.283464 0.0293981 0.0528646 0.0569444 
0 0.413932 0.910648 0.0351562 0.0898148 
0 0.302734 0.175926 0.0434896 0.0935185 
0 0.0660156 0.72662 0.0450521 0.0513889 
0 0.498307 0.798611 0.0585938 0.0740741 
0 0.605469 0.623611 0.0385417 0.151852 
0 0.385677 0.98125 0.065625 0.0375 
0 0.267969 0.846759 0.0473958 0.0675926 
0 0.360156 0.197222 0.0708333 0.0527778 
0 0.0424479 0.552083 0.0427083 0.0550926 
0 0.813411 0.855093 0.0825521 0.112963 
0 0.239063 0.442361 0.0442708 0.075463 
0 0.705599 0.433333 0.0361979 0.0435185 
0 0.605469 0.53125 0.0395833 0.0976852 
0 0.351302 0.699306 0.0296875 0.0847222 
0 0.053125 0.171528 0.0510417 0.0717593 
0 0.515625 0.55162 0.0364583 0.115278 
0 0.11875 0.347685 0.0411458 0.0462963 
0 0.783724 0.411806 0.0695312 0.100463 
0 0.764583 0.905324 0.0989583 0.0662037 
0 0.0539063 0.317361 0.0421875 0.0699074 
0 0.191146 0.802083 0.0572917 0.0513889 
0 0.513151 0.687037 0.0335938 0.0694444 
0 0.152344 0.628472 0.0276042 0.0736111 
0 0.630859 0.413194 0.0695312 0.0625 
0 0.116406 0.182407 0.034375 0.0574074 
0 0.166667 0.0446759 0.0213542 0.0791667 
0 0.272396 0.515741 0.0588542 0.112037 
0 0.391797 0.615972 0.0372396 0.0523148 
0 0.565365 0.904398 0.0635417 0.0717593 
0 0.105469 0.1625 0.0270833 0.0555556 
0 0.697266 0.252778 0.0346354 0.103704 
0 0.774479 0.77662 0.0333333 0.0689815 
