0 0.557161 0.684491 0.0393229 0.0680556 
0 0.844271 0.0398148 0.0442708 0.0796296 
0 0.611849 0.378009 0.0565104 0.0856481 
0 0.514583 0.734028 0.028125 0.0717593 
0 0.789062 0.476157 0.0296875 0.0689815 
0 0.871094 0.776852 0.046875 0.0527778 
0 0.427995 0.676157 0.0330729 0.0680556 
0 0.275911 0.677083 0.0330729 0.0893519 
0 0.0988281 0.399537 0.0367187 0.0824074 
0 0.556641 0.197685 0.0273438 0.0888889 
0 0.215755 0.212731 0.0429688 0.0643518 
0 0.16875 0.397917 0.0630208 0.0652778 
0 0.690495 0.0328704 0.0570313 0.0564815 
0 0.69974 0.324306 0.0390625 0.0569444 
0 0.740625 0.13125 0.0619792 0.0662037 
0 0.657812 0.590278 0.0453125 0.0907407 
0 0.661719 0.262963 0.05625 0.0453704 
0 0.309115 0.758565 0.0411458 0.0587963 
0 0.874609 0.420602 0.0304688 0.0865741 
0 0.765104 0.847917 0.0317708 0.0773148 
0 0.58737 0.240278 0.0408854 0.0925926 
0 0.715365 0.228704 0.0369792 0.0685185 
0 0.659766 0.199074 0.0601562 0.0675926 
0 0.727083 0.759491 0.0359375 0.0736111 
0 0.378516 0.243981 0.0299479 0.108333 
0 0.907292 0.0780093 0.0255208 0.0726852 
0 0.380599 0.696065 0.0414063 0.0800926 
0 0.525911 0.43287 0.0361979 0.0638889 
0 0.0858073 0.326389 0.0460938 0.075 
0 0.626953 0.803241 0.0351562 0.0657407 
0 0.813542 0.798611 0.0359375 0.0555556 
0 0.701693 0.427315 0.0299479 0.0712963 
0 0.859896 0.538194 0.0411458 0.0421296 
0 0.740755 0.175463 0.0664062 0.0546296 
0 0.223698 0.715278 0.03125 0.0537037 
0 0.678776 0.75787 0.0309896 0.0666667 
0 0.180078 0.101852 0.0335938 0.12037 
0 0.0240885 0.237269 0.0377604 0.0643518 
0 0.754818 0.724074 0.0414063 0.0601852 
0 0.849089 0.64375 0.0434896 0.0587963 
0 0.292708 0.101852 0.0380208 0.05 
0 0.565885 0.41088 0.0447917 0.074537 
0 0.980599 0.0178241 0.0388021 0.0356481 
0 0.913672 0.764815 0.0341146 0.0694444 
0 0.145443 0.309954 0.0539063 0.100463 
0 0.631901 0.707407 0.0242187 0.0574074 
0 0.895052 0.147685 0.0505208 0.0537037 
0 0.987891 0.295139 0.0200521 0.0958333 
0 0.652865 0.895833 0.0479167 0.05 
0 0.820312 0.602546 0.0364583 0.0560185 
0 0.294922 0.955787 0.0403646 0.0652778 
0 0.616276 0.545602 0.0403646 0.0819444 
0 0.77487 0.793519 0.0263021 0.0638889 
0 0.849609 0.704398 0.0440104 0.0523148 
0 0.365234 0.348611 0.0617188 0.0907407 
0 0.0872396 0.952083 0.0385417 0.0837963 
