0 0.686068 0.0701389 0.0674479 0.125463 
0 0.737891 0.392824 0.0518229 0.0800926 
0 0.636719 0.7 0.0760417 0.087037 
0 0.253255 0.218981 0.0632813 0.0694444 
0 0.401823 0.129861 0.09375 0.0912037 
0 0.528776 0.399769 0.0492188 0.1875 
0 0.114583 0.490509 0.0583333 0.0884259 
0 0.0932292 0.901852 0.078125 0.0694444 
0 0.514583 0.690972 0.0619792 0.0652778 
0 0.470964 0.0849537 0.0565104 0.0606481 
0 0.267057 0.486111 0.0356771 0.0777778 
0 0.59375 0.966204 0.0640625 0.0675926 
0 0.410937 0.743056 0.0677083 0.0694444 
0 0.0449219 0.634491 0.0335938 0.0587963 
0 0.107813 0.784259 0.0380208 0.103704 
0 0.390104 0.380787 0.0723958 0.0708333 
0 0.620052 0.34537 0.0734375 0.126852 
0 0.124479 0.150463 0.04375 0.0740741 
0 0.613281 0.554167 0.0505208 0.187037 
0 0.483203 0.261343 0.0367187 0.0773148 
0 0.258464 0.325926 0.0268229 0.0666667 
0 0.320312 0.455324 0.0260417 0.106944 
0 0.361328 0.466204 0.0523437 0.0685185 
0 0.474089 0.95625 0.0622396 0.0875 
0 0.411589 0.625926 0.0591146 0.14537 
0 0.228776 0.393519 0.0486979 0.0777778 
0 0.354557 0.334028 0.0591146 0.0486111 
0 0.400651 0.572917 0.0507812 0.110648 
0 0.299349 0.0578704 0.0455729 0.0944444 
0 0.308464 0.586806 0.0481771 0.0578704 
0 0.450651 0.405787 0.0606771 0.0699074 
0 0.030599 0.791898 0.0528646 0.0893519 
0 0.617708 0.817361 0.0473958 0.0597222 
0 0.307682 0.240509 0.0440104 0.125463 
0 0.044401 0.580324 0.0523437 0.0569444 
0 0.559505 0.803472 0.0565104 0.0578704 
0 0.183594 0.895833 0.0677083 0.0638889 
0 0.0873698 0.58287 0.0497396 0.0990741 
0 0.507422 0.56088 0.0382813 0.0643518 
0 0.06875 0.67963 0.0338542 0.0759259 
0 0.821745 0.71875 0.0393229 0.0763889 
0 0.614323 0.137731 0.0385417 0.0717593 
0 0.478516 0.5 0.0304688 0.118519 
0 0.0829427 0.173843 0.0372396 0.103241 
0 0.46849 0.806713 0.0713542 0.0736111 
0 0.680729 0.70787 0.05 0.0546296 
0 0.600521 0.909722 0.0484375 0.0490741 
0 0.448177 0.641898 0.0302083 0.113426 
0 0.678646 0.371528 0.0541667 0.0569444 
0 0.604036 0.164352 0.0481771 0.134259 
0 0.876953 0.655324 0.0367187 0.0541667 
0 0.726562 0.792593 0.0630208 0.0777778 
0 0.258984 0.932176 0.0950521 0.0717593 
0 0.27474 0.6 0.0364583 0.0685185 
