0 0.690885 0.439815 0.0411458 0.0592593 
0 0.582031 0.298611 0.0364583 0.0546296 
0 0.41862 0.627083 0.0424479 0.0902778 
0 0.567448 0.044213 0.0515625 0.0662037 
0 0.270052 0.670139 0.0473958 0.0939815 
0 0.40625 0.322917 0.0442708 0.143056 
0 0.510677 0.618056 0.0703125 0.0805556 
0 0.399609 0.0356481 0.0257812 0.0712963 
0 0.650911 0.821528 0.0523437 0.0662037 
0 0.383724 0.855787 0.0361979 0.140278 
0 0.660677 0.332176 0.0255208 0.0467593 
0 0.382292 0.237963 0.0317708 0.109259 
0 0.141797 0.822454 0.0341146 0.0680556 
0 0.23151 0.377546 0.075 0.0773148 
0 0.477214 0.0333333 0.0601562 0.0648148 
0 0.510156 0.469676 0.0375 0.0856481 
0 0.63138 0.202083 0.0830729 0.074537 
0 0.279557 0.240972 0.0476562 0.0819444 
0 0.361849 0.174769 0.0257812 0.11713 
0 0.101823 0.087037 0.0364583 0.0694444 
0 0.26263 0.323148 0.0476562 0.0583333 
0 0.203906 0.173148 0.0619792 0.0555556 
0 0.30599 0.347917 0.0442708 0.0717593 
0 0.14375 0.240972 0.0479167 0.0430556 
0 0.47513 0.770833 0.0466146 0.062963 
0 0.441927 0.882407 0.0604167 0.0453704 
0 0.811979 0.750926 0.0401042 0.0555556 
0 0.30013 0.497917 0.0398437 0.101389 
0 0.342578 0.549074 0.0330729 0.0888889 
0 0.285156 0.0483796 0.0291667 0.0689815 
0 0.341797 0.667593 0.0242187 0.0731481 
0 0.0984375 0.470602 0.0432292 0.0560185 
0 0.184505 0.950463 0.0549479 0.0916667 
0 0.235938 0.0708333 0.0552083 0.0759259 
0 0.196094 0.71088 0.0828125 0.074537 
0 0.589844 0.235648 0.0286458 0.037037 
0 0.0552083 0.0324074 0.0223958 0.0648148 
0 0.490625 0.41088 0.0359375 0.11713 
0 0.182161 0.291435 0.0315104 0.0921296 
0 0.129948 0.523843 0.0635417 0.0671296 
0 0.275651 0.451389 0.0544271 0.0435185 
