0 0.815885 0.414815 0.0630208 0.114815 
0 0.417448 0.713657 0.0744792 0.106019 
0 0.86276 0.262963 0.0635417 0.0648148 
0 0.819792 0.199537 0.125521 0.103704 
0 0.785156 0.796528 0.103646 0.0708333 
0 0.365495 0.297222 0.0763021 0.107407 
0 0.89349 0.129398 0.109375 0.0930556 
0 0.697786 0.820833 0.0861979 0.125 
0 0.157161 0.683333 0.0325521 0.125 
0 0.5 0.487963 0.0572917 0.0666667 
0 0.717839 0.155556 0.0752604 0.10463 
0 0.970182 0.548611 0.0398437 0.0462963 
0 0.302995 0.341898 0.0403646 0.0810185 
0 0.568359 0.15625 0.0903646 0.121759 
0 0.749479 0.378704 0.0578125 0.0814815 
0 0.316927 0.197917 0.0703125 0.0625 
0 0.507422 0.741204 0.0570313 0.0796296 
0 0.478125 0.600694 0.04375 0.0458333 
0 0.0791667 0.439583 0.0348958 0.075463 
0 0.521484 0.0400463 0.0507812 0.0717593 
0 0.0959635 0.950694 0.0335938 0.074537 
0 0.492188 0.917593 0.0911458 0.075 
0 0.602474 0.0636574 0.0403646 0.127315 
0 0.407422 0.491667 0.0643229 0.0796296 
0 0.115885 0.688426 0.0338542 0.107407 
0 0.394531 0.124074 0.0328125 0.05 
0 0.415495 0.627546 0.0554687 0.0662037 
0 0.556641 0.696528 0.0351562 0.158796 
0 0.198047 0.16713 0.0617188 0.0472222 
0 0.242708 0.605556 0.06875 0.0675926 
0 0.165495 0.969676 0.0575521 0.0569444 
0 0.239583 0.241204 0.05625 0.0527778 
0 0.280339 0.128704 0.0294271 0.0777778 
0 0.210807 0.0243056 0.0382813 0.0486111 
0 0.160938 0.0331019 0.0411458 0.0662037 
0 0.0773437 0.374537 0.0630208 0.0453704 
0 0.122786 0.062037 0.0669271 0.0833333 
0 0.260938 0.365278 0.0369792 0.0962963 
0 0.270703 0.881019 0.0268229 0.135185 
0 0.153255 0.517824 0.0372396 0.0976852 
0 0.436198 0.44213 0.0291667 0.0861111 
0 0.0351562 0.934028 0.0401042 0.0578704 
0 0.270964 0.472222 0.0606771 0.0481481 
0 0.766667 0.175463 0.0328125 0.0685185 
0 0.490495 0.674769 0.0341146 0.0578704 
0 0.0472656 0.752546 0.0315104 0.0402778 
0 0.238542 0.721296 0.071875 0.0518519 
0 0.078776 0.902778 0.0335938 0.0472222 
0 0.934115 0.930556 0.0473958 0.0657407 
0 0.266406 0.203009 0.0442708 0.050463 
0 0.101042 0.539583 0.0640625 0.0652778 
0 0.620182 0.770833 0.0888021 0.134259 
0 0.0533854 0.478472 0.0536458 0.0393519 
0 0.0326823 0.671991 0.0585938 0.0541667 
0 0.323828 0.47963 0.0398437 0.0462963 
0 0.19987 0.543519 0.0278646 0.0824074 
0 0.584896 0.483565 0.0338542 0.108796 
0 0.607422 0.892361 0.0450521 0.113426 
0 0.130078 0.119444 0.0382813 0.0731481 
0 0.0886719 0.130787 0.0565104 0.0726852 
0 0.0298177 0.871528 0.0580729 0.0356481 
0 0.178125 0.905324 0.0307292 0.0949074 
0 0.135156 0.559491 0.0453125 0.0662037 
0 0.286458 0.569907 0.0390625 0.0666667 
0 0.232812 0.342824 0.0348958 0.126389 
0 0.130859 0.832407 0.0476562 0.0481481 
0 0.0983073 0.784259 0.0242187 0.0648148 
