0 0.616146 0.675231 0.0536458 0.0958333 
0 0.752995 0.724769 0.0471354 0.0976852 
0 0.868099 0.72037 0.0283854 0.0601852 
0 0.401042 0.547685 0.0479167 0.087963 
0 0.45599 0.664352 0.046875 0.102778 
0 0.167318 0.402546 0.0820312 0.0550926 
0 0.0696615 0.281019 0.0372396 0.0768519 
0 0.745182 0.568981 0.0382813 0.0666667 
0 0.232943 0.255324 0.0481771 0.121759 
0 0.703646 0.460185 0.0354167 0.125 
0 0.0730469 0.40787 0.0455729 0.0907407 
0 0.439453 0.568981 0.0611979 0.0787037 
0 0.1625 0.298843 0.034375 0.135648 
0 0.963411 0.820833 0.0351562 0.0657407 
0 0.119792 0.786111 0.0411458 0.0981481 
0 0.318359 0.574769 0.0351562 0.0763889 
0 0.334505 0.284491 0.0257812 0.0856481 
0 0.238672 0.879398 0.0575521 0.0476852 
0 0.623568 0.519907 0.0575521 0.0722222 
0 0.120964 0.631019 0.0388021 0.0787037 
0 0.403906 0.403472 0.0338542 0.0791667 
0 0.984896 0.289583 0.0296875 0.0912037 
0 0.251432 0.352778 0.0315104 0.0962963 
0 0.0813802 0.582639 0.0377604 0.0643518 
0 0.107161 0.957407 0.0346354 0.0851852 
0 0.839844 0.747454 0.0369792 0.0800926 
0 0.79349 0.443519 0.0541667 0.0675926 
0 0.469661 0.455324 0.0424479 0.0634259 
0 0.727995 0.641435 0.0221354 0.0708333 
0 0.837891 0.473611 0.0289063 0.0694444 
0 0.961458 0.46088 0.0317708 0.0837963 
0 0.675781 0.559954 0.040625 0.106019 
0 0.833984 0.549074 0.0664062 0.0685185 
0 0.26263 0.46875 0.0570313 0.0930556 
0 0.309766 0.861111 0.0398437 0.062963 
0 0.432161 0.874537 0.0367187 0.062037 
0 0.291016 0.74537 0.0486979 0.0768519 
0 0.816927 0.865046 0.0572917 0.0912037 
0 0.206641 0.913194 0.0294271 0.0810185 
0 0.141797 0.480556 0.0523437 0.0666667 
0 0.628385 0.445833 0.0354167 0.0601852 
0 0.369792 0.965278 0.0578125 0.0648148 
0 0.85599 0.423843 0.0401042 0.0458333 
0 0.666927 0.828241 0.04375 0.0555556 
0 0.356901 0.559491 0.0346354 0.0430556 
0 0.375521 0.428935 0.0364583 0.0930556 
0 0.149219 0.0356481 0.0401042 0.0694444 
0 0.738281 0.812732 0.0307292 0.101389 
0 0.364583 0.622454 0.0239583 0.099537 
0 0.917969 0.402315 0.0333333 0.101852 
0 0.241406 0.793981 0.0421875 0.107407 
0 0.753906 0.47037 0.0588542 0.0824074 
