0 0.506901 0.758796 0.0450521 0.0898148 
0 0.626432 0.784954 0.0450521 0.0912037 
0 0.623047 0.461806 0.0393229 0.113426 
0 0.108464 0.581481 0.0388021 0.0824074 
0 0.760286 0.32037 0.0408854 0.0703704 
0 0.811979 0.271991 0.065625 0.0689815 
0 0.708984 0.342361 0.0398437 0.0893519 
0 0.804688 0.190509 0.0348958 0.0587963 
0 0.439453 0.502546 0.0513021 0.123611 
0 0.565885 0.577315 0.0583333 0.0722222 
0 0.865625 0.430093 0.0364583 0.100926 
0 0.9375 0.625926 0.053125 0.0814815 
0 0.378255 0.711806 0.0492188 0.0726852 
0 0.0182292 0.0361111 0.0322917 0.0675926 
0 0.68112 0.499769 0.0335938 0.0689815 
0 0.772396 0.394444 0.0744792 0.0638889 
0 0.433594 0.0270833 0.0458333 0.0523148 
0 0.975 0.919213 0.0473958 0.0921296 
0 0.758203 0.625 0.0398437 0.100926 
0 0.19349 0.693056 0.0494792 0.0944444 
0 0.95651 0.56088 0.0390625 0.0930556 
0 0.947786 0.244444 0.0429688 0.0537037 
0 0.459245 0.865278 0.0450521 0.0777778 
0 0.500911 0.508565 0.0481771 0.0717593 
0 0.586849 0.894213 0.0424479 0.0912037 
0 0.376172 0.566435 0.0559896 0.0597222 
0 0.192839 0.594213 0.0580729 0.0884259 
0 0.204688 0.488889 0.0692708 0.0574074 
