0 0.774479 0.158333 0.0421875 0.136111 
0 0.611849 0.62037 0.0408854 0.12037 
0 0.713802 0.352315 0.0348958 0.0833333 
0 0.654297 0.366435 0.0492188 0.0606481 
0 0.0339844 0.619213 0.0429688 0.0773148 
0 0.107161 0.403935 0.0513021 0.0569444 
0 0.110417 0.633796 0.040625 0.0953704 
0 0.507812 0.312037 0.0447917 0.0787037 
0 0.564974 0.598843 0.0377604 0.101389 
0 0.0980469 0.335417 0.0283854 0.0847222 
0 0.95013 0.331481 0.0434896 0.0981481 
0 0.669401 0.49838 0.0664062 0.0606481 
0 0.334766 0.0622685 0.0460938 0.075463 
0 0.254167 0.454398 0.0369792 0.0782407 
0 0.127344 0.312269 0.0291667 0.115278 
0 0.709896 0.802083 0.0328125 0.0726852 
0 0.511719 0.447917 0.0260417 0.0949074 
0 0.660156 0.900926 0.0484375 0.0907407 
0 0.31875 0.847685 0.0338542 0.0611111 
0 0.654688 0.712731 0.0354167 0.0976852 
0 0.099349 0.50787 0.0393229 0.0648148 
0 0.586328 0.415972 0.0518229 0.0763889 
0 0.267057 0.644907 0.0278646 0.1 
0 0.888151 0.443519 0.0627604 0.0972222 
0 0.388672 0.476852 0.0408854 0.147222 
0 0.805599 0.318056 0.0434896 0.0824074 
0 0.566016 0.504398 0.0450521 0.108796 
