0 0.633854 0.902778 0.0791667 0.132407 
0 0.657682 0.127315 0.0471354 0.05 
0 0.58099 0.615278 0.0583333 0.116667 
0 0.736328 0.464815 0.0351562 0.0925926 
0 0.391406 0.426852 0.0526042 0.0481481 
0 0.138542 0.785648 0.0604167 0.087037 
0 0.594792 0.429398 0.04375 0.0847222 
0 0.533203 0.615509 0.0450521 0.049537 
0 0.424089 0.293287 0.0424479 0.0791667 
0 0.652344 0.51088 0.0296875 0.0458333 
0 0.624479 0.62338 0.0536458 0.0810185 
0 0.499479 0.102778 0.0317708 0.0407407 
0 0.0696615 0.13125 0.0294271 0.0550926 
0 0.367448 0.853704 0.0458333 0.0574074 
0 0.700781 0.850694 0.0348958 0.0800926 
0 0.646484 0.677083 0.0388021 0.0541667 
0 0.616667 0.0354167 0.03125 0.0662037 
0 0.465234 0.494907 0.0346354 0.0712963 
0 0.294141 0.186343 0.0377604 0.075463 
0 0.176042 0.460185 0.0307292 0.0453704 
0 0.380859 0.484028 0.0575521 0.0652778 
0 0.561589 0.137269 0.0377604 0.0736111 
0 0.723177 0.0935185 0.0625 0.0861111 
0 0.0425781 0.757407 0.0382813 0.087037 
0 0.51862 0.361574 0.0304688 0.0796296 
0 0.177865 0.883102 0.0536458 0.0726852 
0 0.488542 0.269676 0.0651042 0.0736111 
0 0.583594 0.0768519 0.0447917 0.0851852 
0 0.596224 0.700926 0.0820312 0.075 
0 0.756901 0.0423611 0.0627604 0.0763889 
0 0.636198 0.262963 0.040625 0.101852 
0 0.455339 0.735648 0.0299479 0.0824074 
0 0.776823 0.237037 0.0338542 0.125 
0 0.0582031 0.394907 0.0466146 0.0472222 
0 0.960938 0.695602 0.0421875 0.0606481 
0 0.359896 0.569444 0.0567708 0.0398148 
0 0.364453 0.177546 0.0533854 0.0532407 
0 0.086849 0.546991 0.0528646 0.0782407 
0 0.469792 0.658102 0.034375 0.0782407 
0 0.765625 0.886806 0.0697917 0.106019 
0 0.257812 0.656713 0.0401042 0.0439815 
0 0.690495 0.226389 0.0455729 0.115741 
0 0.0421875 0.263657 0.0401042 0.0513889 
0 0.466276 0.43912 0.0643229 0.0699074 
0 0.182943 0.25625 0.0398437 0.0736111 
0 0.292578 0.454861 0.0351562 0.0819444 
