0 0.440104 0.824074 0.0802083 0.0731481 
0 0.160417 0.947917 0.0479167 0.0587963 
0 0.427474 0.927083 0.0424479 0.0939815 
0 0.455599 0.766435 0.0539063 0.118981 
0 0.821224 0.920139 0.0486979 0.0662037 
0 0.11862 0.704398 0.0382813 0.156944 
0 0.852995 0.725694 0.0393229 0.128241 
0 0.723047 0.93912 0.0502604 0.0791667 
0 0.476823 0.9375 0.0473958 0.0768519 
0 0.529297 0.750926 0.0528646 0.0583333 
0 0.0539063 0.947917 0.0588542 0.0847222 
0 0.509766 0.807639 0.0356771 0.0949074 
0 0.119531 0.900231 0.03125 0.120833 
0 0.166146 0.890509 0.0572917 0.0643518 
0 0.23776 0.948843 0.04375 0.0671296 
0 0.564453 0.948843 0.0283854 0.0578704 
0 0.39349 0.883796 0.0291667 0.108333 
0 0.760677 0.80463 0.0416667 0.138889 
0 0.423177 0.665046 0.0546875 0.0865741 
0 0.211849 0.77963 0.0268229 0.0703704 
0 0.178385 0.173148 0.0416667 0.0759259 
0 0.98151 0.796065 0.0354167 0.115278 
0 0.135417 0.0780093 0.0515625 0.0986111 
0 0.114583 0.818981 0.0484375 0.0712963 
0 0.0765625 0.708796 0.0411458 0.0759259 
0 0.723047 0.665741 0.0252604 0.0685185 
0 0.575781 0.595833 0.0359375 0.123148 
