0 0.903255 0.855324 0.0351562 0.0902778 
0 0.42513 0.78912 0.0304688 0.168981 
0 0.386458 0.796065 0.0421875 0.11713 
0 0.845703 0.96088 0.0736979 0.0726852 
0 0.123438 0.874074 0.0442708 0.128704 
0 0.906771 0.959954 0.0567708 0.0708333 
0 0.266146 0.70625 0.0953125 0.0634259 
0 0.729557 0.928935 0.0325521 0.075463 
0 0.712891 0.802546 0.0294271 0.121759 
0 0.188932 0.934722 0.0648438 0.0685185 
0 0.760286 0.825463 0.0445312 0.0555556 
0 0.374219 0.698843 0.0807292 0.0856481 
0 0.72513 0.686574 0.0330729 0.0675926 
0 0.20625 0.863657 0.0291667 0.10787 
0 0.363542 0.255093 0.0348958 0.116667 
0 0.123047 0.689352 0.0763021 0.0833333 
0 0.317187 0.886343 0.0609375 0.0800926 
0 0.296875 0.287269 0.0317708 0.0819444 
