0 0.79401 0.0641204 0.0541667 0.110648 
0 0.463151 0.197685 0.0414063 0.0898148 
0 0.969661 0.67662 0.0554687 0.0467593 
0 0.663542 0.685648 0.0333333 0.0768519 
0 0.473437 0.399074 0.046875 0.0564815 
0 0.78125 0.24213 0.0432292 0.0731481 
0 0.961328 0.248843 0.0346354 0.155093 
0 0.716276 0.703472 0.0361979 0.0689815 
0 0.646875 0.603472 0.0432292 0.0699074 
0 0.848177 0.0881944 0.0473958 0.0939815 
0 0.372135 0.313657 0.0421875 0.0912037 
0 0.59375 0.682176 0.0229167 0.0726852 
0 0.627865 0.660648 0.0442708 0.05 
0 0.523828 0.300463 0.0507812 0.0601852 
0 0.686979 0.297222 0.0385417 0.0787037 
0 0.125391 0.47963 0.0294271 0.0814815 
0 0.767578 0.382639 0.0419271 0.0662037 
0 0.0751302 0.720602 0.0414063 0.0587963 
0 0.279818 0.422917 0.0549479 0.100463 
0 0.011849 0.54838 0.0200521 0.123611 
0 0.689453 0.423611 0.0455729 0.0935185 
0 0.822656 0.698611 0.0296875 0.105556 
0 0.871094 0.287963 0.0567708 0.0527778 
0 0.175781 0.287963 0.0505208 0.0472222 
0 0.740234 0.881944 0.0575521 0.0722222 
0 0.666927 0.830093 0.0598958 0.0777778 
0 0.325651 0.343056 0.0466146 0.0796296 
0 0.939974 0.0555556 0.0632813 0.0944444 
0 0.813542 0.125231 0.0411458 0.0532407 
0 0.597656 0.767361 0.0505208 0.0615741 
0 0.713932 0.553935 0.0486979 0.0523148 
0 0.396745 0.733333 0.0632813 0.0638889 
0 0.180859 0.399306 0.0398437 0.128241 
0 0.541016 0.714352 0.0440104 0.0833333 
0 0.235547 0.707407 0.0440104 0.0722222 
0 0.745182 0.0215278 0.0278646 0.0421296 
0 0.189453 0.511806 0.0393229 0.0458333 
0 0.798307 0.589352 0.0315104 0.0722222 
0 0.896094 0.640741 0.028125 0.100926 
0 0.620573 0.327083 0.04375 0.102315 
0 0.239193 0.354167 0.0382813 0.116667 
0 0.361849 0.555556 0.0424479 0.0611111 
0 0.481641 0.854167 0.0414063 0.062037 
0 0.484635 0.281944 0.046875 0.0648148 
0 0.39388 0.273148 0.0429688 0.0768519 
0 0.446094 0.293056 0.0380208 0.05 
