0 0.965755 0.475694 0.0419271 0.105093 
0 0.755469 0.525 0.0442708 0.0981481 
0 0.842839 0.417593 0.0351562 0.103704 
0 0.884245 0.695602 0.0356771 0.0921296 
0 0.285807 0.460185 0.0361979 0.0944444 
0 0.452865 0.34537 0.0395833 0.0962963 
0 0.560026 0.869676 0.0377604 0.0763889 
0 0.265885 0.678935 0.0328125 0.099537 
0 0.430339 0.5625 0.0367187 0.0824074 
0 0.380339 0.56412 0.0445312 0.0587963 
0 0.106901 0.558102 0.0658854 0.101389 
0 0.801302 0.294676 0.075 0.104167 
0 0.470313 0.547222 0.034375 0.0685185 
0 0.558594 0.628935 0.0536458 0.0708333 
0 0.314453 0.645833 0.0388021 0.0703704 
0 0.859896 0.837269 0.0526042 0.0810185 
0 0.40651 0.518981 0.04375 0.0546296 
0 0.404036 0.911343 0.0440104 0.0782407 
0 0.560026 0.754398 0.0434896 0.0652778 
0 0.676172 0.84375 0.0356771 0.108796 
0 0.951563 0.897454 0.0536458 0.0800926 
0 0.982422 0.229398 0.0351562 0.0671296 
0 0.242318 0.727778 0.0304688 0.0759259 
0 0.295443 0.787731 0.0684896 0.0708333 
0 0.970703 0.557176 0.0414063 0.049537 
0 0.876953 0.290278 0.0611979 0.075 
0 0.141927 0.763194 0.0322917 0.0680556 
0 0.0580729 0.855093 0.0546875 0.0916667 
0 0.805208 0.462731 0.0338542 0.101389 
0 0.226562 0.524074 0.04375 0.0703704 
0 0.370443 0.387037 0.0236979 0.10463 
0 0.916406 0.598843 0.0583333 0.0708333 
0 0.642578 0.394676 0.0710938 0.0958333 
0 0.835417 0.572917 0.0359375 0.0912037 
0 0.741146 0.240509 0.03125 0.0810185 
0 0.739714 0.672222 0.0325521 0.0546296 
0 0.884245 0.528704 0.0388021 0.0648148 
0 0.716276 0.721759 0.0372396 0.0657407 
0 0.458984 0.758565 0.0549479 0.0550926 
0 0.688411 0.645833 0.0408854 0.087037 
0 0.186328 0.67037 0.0304688 0.0981481 
0 0.523438 0.21875 0.04375 0.118056 
0 0.0414063 0.687037 0.0442708 0.0805556 
0 0.291536 0.348148 0.0408854 0.0601852 
0 0.477734 0.942593 0.0424479 0.0925926 
0 0.747005 0.605093 0.0367187 0.0824074 
0 0.662109 0.434259 0.0544271 0.0907407 
0 0.606901 0.633565 0.0205729 0.0717593 
