0 0.591797 0.0710648 0.0486979 0.126389 
0 0.954687 0.291435 0.0598958 0.118981 
0 0.867188 0.367593 0.0364583 0.106481 
0 0.658203 0.856019 0.0382813 0.0731481 
0 0.469401 0.868519 0.0492188 0.087037 
0 0.655729 0.263426 0.0432292 0.15 
0 0.839453 0.131481 0.0518229 0.0648148 
0 0.671875 0.0486111 0.0552083 0.0907407 
0 0.691406 0.377083 0.05 0.109722 
0 0.533203 0.289352 0.0289063 0.0574074 
0 0.449219 0.234259 0.0416667 0.087037 
0 0.54987 0.235417 0.0283854 0.0560185 
0 0.0839844 0.279398 0.0429688 0.0625 
0 0.754427 0.386806 0.0369792 0.0708333 
0 0.612891 0.316435 0.0382813 0.0597222 
0 0.428516 0.0479167 0.0617188 0.0865741 
0 0.0911458 0.704861 0.0390625 0.0708333 
0 0.958464 0.824537 0.0419271 0.062037 
0 0.725 0.429398 0.0427083 0.049537 
0 0.233984 0.211806 0.0309896 0.0606481 
0 0.779818 0.790046 0.0507812 0.0634259 
0 0.35612 0.715741 0.0471354 0.0768519 
0 0.619661 0.912269 0.0414063 0.0569444 
0 0.305859 0.751157 0.0346354 0.0736111 
0 0.509766 0.515741 0.0398437 0.0648148 
