0 0.523438 0.0740741 0.101042 0.0777778 
0 0.46237 0.249074 0.0356771 0.0787037 
0 0.839844 0.0587963 0.0401042 0.115741 
0 0.957031 0.74537 0.0567708 0.118519 
0 0.735807 0.177083 0.0388021 0.138426 
0 0.269922 0.515972 0.0986979 0.0782407 
0 0.814974 0.412269 0.0429688 0.0967593 
0 0.520052 0.890509 0.06875 0.143981 
0 0.900911 0.134954 0.0414063 0.0726852 
0 0.941927 0.485648 0.05625 0.0564815 
0 0.954557 0.347917 0.0710938 0.0615741 
0 0.933984 0.119676 0.0325521 0.0597222 
0 0.215885 0.0916667 0.053125 0.0777778 
0 0.360547 0.26088 0.0278646 0.0717593 
0 0.588411 0.681944 0.0789063 0.075 
0 0.395703 0.157407 0.0393229 0.062963 
0 0.372396 0.453704 0.0411458 0.128704 
0 0.953125 0.897685 0.0807292 0.0944444 
0 0.540104 0.178241 0.0401042 0.0805556 
0 0.257552 0.280787 0.0880208 0.145833 
0 0.766146 0.251852 0.0322917 0.10463 
0 0.932682 0.0347222 0.0424479 0.0694444 
0 0.832943 0.309028 0.0351562 0.0810185 
0 0.59375 0.754167 0.05625 0.107407 
0 0.464193 0.485185 0.0403646 0.14537 
0 0.195703 0.5625 0.0898438 0.106481 
0 0.760156 0.179861 0.0296875 0.0587963 
