0 0.795833 0.861806 0.0567708 0.1125 
0 0.0990885 0.948843 0.0554687 0.0893519 
0 0.439193 0.268519 0.0643229 0.0675926 
0 0.638672 0.86875 0.0539063 0.104167 
0 0.870573 0.768981 0.0395833 0.0833333 
0 0.25612 0.0465278 0.0518229 0.0930556 
0 0.492839 0.934954 0.0585938 0.114352 
0 0.58099 0.800463 0.0494792 0.103704 
0 0.580078 0.696065 0.0513021 0.0902778 
0 0.929167 0.931481 0.0515625 0.0703704 
0 0.494661 0.219676 0.0460938 0.131019 
0 0.86237 0.338657 0.0481771 0.0615741 
0 0.482552 0.664815 0.0635417 0.0888889 
0 0.19375 0.649306 0.0692708 0.113426 
0 0.0467448 0.848843 0.0450521 0.113426 
0 0.721094 0.159954 0.0385417 0.075463 
