0 0.948698 0.240046 0.0578125 0.150463 
0 0.514714 0.394676 0.0377604 0.0921296 
0 0.285937 0.458333 0.0536458 0.100926 
0 0.453125 0.339815 0.078125 0.108333 
0 0.586328 0.365972 0.0617188 0.0847222 
0 0.565365 0.629398 0.0515625 0.108796 
0 0.912109 0.308796 0.0934896 0.0601852 
0 0.977995 0.395139 0.0434896 0.0541667 
0 0.206901 0.665741 0.0486979 0.0972222 
0 0.730469 0.367824 0.0510417 0.0782407 
0 0.889193 0.178241 0.0309896 0.0768519 
0 0.361328 0.408796 0.0304688 0.12037 
0 0.54388 0.465741 0.0351562 0.128704 
0 0.514583 0.268519 0.0296875 0.110185 
0 0.114193 0.573843 0.0539063 0.0763889 
0 0.860286 0.531944 0.0455729 0.0675926 
0 0.672396 0.852546 0.0411458 0.0625 
0 0.633333 0.505093 0.0645833 0.0666667 
0 0.216016 0.85463 0.0460938 0.0712963 
0 0.913151 0.912269 0.0669271 0.0763889 
0 0.407031 0.680556 0.0380208 0.0694444 
0 0.021224 0.508102 0.0414063 0.0958333 
0 0.435026 0.861574 0.0445312 0.0861111 
0 0.167969 0.889815 0.0354167 0.0611111 
0 0.677214 0.544444 0.0424479 0.087037 
0 0.694401 0.65625 0.0523437 0.0532407 
0 0.700651 0.424769 0.0320312 0.118981 
0 0.280729 0.643056 0.0291667 0.0888889 
0 0.640625 0.652778 0.0364583 0.0527778 
0 0.0825521 0.639815 0.0375 0.0722222 
0 0.104818 0.725231 0.0481771 0.0782407 
0 0.197266 0.160417 0.0481771 0.109722 
0 0.318359 0.766435 0.0388021 0.0791667 
0 0.241797 0.497222 0.0481771 0.0722222 
0 0.551302 0.742593 0.0473958 0.0981481 
0 0.516536 0.61713 0.0497396 0.0796296 
0 0.89349 0.648843 0.0411458 0.0421296 
0 0.804167 0.366204 0.0359375 0.0703704 
0 0.0747396 0.225231 0.0578125 0.0597222 
0 0.239193 0.565972 0.0523437 0.0763889 
0 0.475781 0.3 0.0333333 0.0814815 
0 0.046875 0.533796 0.0421875 0.0592593 
0 0.7875 0.92963 0.0296875 0.0759259 
0 0.803255 0.0384259 0.0575521 0.0592593 
0 0.420443 0.435648 0.0273438 0.0731481 
0 0.413802 0.779398 0.0395833 0.0708333 
0 0.0476562 0.900926 0.0453125 0.087963 
0 0.684505 0.752546 0.0445312 0.0856481 
0 0.318359 0.703935 0.0611979 0.103241 
