0 0.867188 0.777315 0.0661458 0.137963 
0 0.177083 0.625 0.046875 0.146296 
0 0.517057 0.428009 0.0367187 0.102315 
0 0.0869792 0.769907 0.0885417 0.102778 
0 0.80026 0.89838 0.0619792 0.0662037 
0 0.344792 0.810648 0.0515625 0.075 
0 0.539062 0.246528 0.0317708 0.074537 
0 0.429948 0.358565 0.0354167 0.131944 
0 0.365234 0.534722 0.0554687 0.062037 
0 0.823698 0.534722 0.0416667 0.0462963 
0 0.933594 0.465741 0.0625 0.101852 
0 0.745182 0.96713 0.0419271 0.0592593 
0 0.309375 0.642361 0.0625 0.0736111 
0 0.472526 0.431481 0.0466146 0.0490741 
0 0.480078 0.746528 0.0679687 0.099537 
0 0.715234 0.415741 0.0429688 0.0657407 
