0 0.575651 0.876389 0.0747396 0.107407 
0 0.501432 0.519907 0.0289063 0.062037 
0 0.54401 0.133102 0.0328125 0.0680556 
0 0.224479 0.788657 0.0390625 0.0476852 
0 0.582031 0.701852 0.0427083 0.153704 
0 0.669401 0.659722 0.0361979 0.112963 
0 0.413021 0.859259 0.0546875 0.0574074 
0 0.517578 0.736111 0.0570313 0.0592593 
0 0.752474 0.936574 0.0440104 0.0666667 
0 0.680599 0.917593 0.0591146 0.0703704 
0 0.585417 0.39375 0.0416667 0.100463 
0 0.695312 0.391435 0.0526042 0.106944 
0 0.632812 0.05625 0.0307292 0.0560185 
0 0.0923177 0.684954 0.0372396 0.0643518 
0 0.0792969 0.558333 0.0403646 0.0611111 
0 0.482682 0.465741 0.0424479 0.103704 
0 0.600651 0.302315 0.0778646 0.0453704 
0 0.795833 0.211343 0.034375 0.0439815 
0 0.520052 0.369213 0.0796875 0.0875 
0 0.800781 0.807639 0.0364583 0.108796 
0 0.154818 0.175463 0.0627604 0.0444444 
0 0.747135 0.353704 0.0520833 0.0907407 
0 0.0428385 0.22338 0.0434896 0.0680556 
0 0.570312 0.075463 0.0369792 0.0722222 
0 0.34375 0.312269 0.040625 0.0412037 
0 0.242969 0.437963 0.0416667 0.0472222 
0 0.363542 0.271065 0.0442708 0.0597222 
0 0.703646 0.298611 0.0666667 0.0611111 
0 0.0970052 0.203241 0.0309896 0.0564815 
0 0.642057 0.498611 0.0424479 0.109259 
0 0.0535156 0.862731 0.0179687 0.0819444 
0 0.605469 0.951157 0.0390625 0.0976852 
0 0.605469 0.25625 0.107292 0.0810185 
0 0.248958 0.604167 0.0348958 0.0787037 
0 0.734766 0.177778 0.0752604 0.0861111 
0 0.472396 0.715741 0.0307292 0.0703704 
0 0.167708 0.670139 0.0239583 0.0550926 
0 0.101432 0.0347222 0.0299479 0.0490741 
0 0.0286458 0.0414352 0.0322917 0.0782407 
0 0.676302 0.168287 0.03125 0.103241 
0 0.185937 0.364815 0.021875 0.0703704 
0 0.129036 0.40787 0.0335938 0.0435185 
0 0.346484 0.0275463 0.0351562 0.0550926 
0 0.523958 0.299769 0.04375 0.0541667 
0 0.117188 0.603704 0.0380208 0.0361111 
0 0.301302 0.153935 0.0291667 0.0430556 
0 0.494141 0.886343 0.0570313 0.0699074 
0 0.364583 0.206481 0.0359375 0.0759259 
0 0.0171875 0.364583 0.0338542 0.0393519 
0 0.130599 0.75463 0.0382813 0.0703704 
0 0.197396 0.146991 0.0421875 0.0412037 
0 0.664583 0.47662 0.0328125 0.0569444 
0 0.611849 0.0796296 0.0377604 0.0685185 
0 0.356641 0.967824 0.0492188 0.0587963 
0 0.128255 0.539815 0.0388021 0.0388889 
0 0.0200521 0.675 0.0354167 0.0407407 
0 0.266927 0.171759 0.0333333 0.0490741 
0 0.238542 0.0886574 0.040625 0.0606481 
0 0.220182 0.50162 0.0309896 0.0541667 
0 0.421615 0.319907 0.0328125 0.0657407 
0 0.29375 0.700463 0.0354167 0.0685185 
0 0.0583333 0.713657 0.0364583 0.0430556 
0 0.0779948 0.430324 0.0325521 0.0597222 
0 0.320052 0.0715278 0.05 0.050463 
0 0.167187 0.517824 0.0375 0.0662037 
0 0.189193 0.570602 0.0309896 0.0662037 
0 0.0173177 0.766204 0.0184896 0.0583333 
