0 0.723698 0.170602 0.0432292 0.184722 
0 0.229167 0.561806 0.0421875 0.0810185 
0 0.553125 0.510417 0.0401042 0.129167 
0 0.801302 0.519444 0.084375 0.0722222 
0 0.680599 0.651852 0.0799479 0.0898148 
0 0.613672 0.645833 0.0346354 0.0814815 
0 0.542969 0.075463 0.075 0.0666667 
0 0.507812 0.452778 0.0546875 0.062963 
0 0.583073 0.464815 0.0234375 0.0953704 
0 0.367448 0.459722 0.0317708 0.112037 
0 0.700781 0.119213 0.0385417 0.075463 
0 0.461198 0.398843 0.0796875 0.049537 
0 0.242318 0.687963 0.0518229 0.05 
0 0.33763 0.221991 0.0361979 0.0717593 
0 0.459635 0.31713 0.028125 0.0481481 
0 0.264453 0.423611 0.0294271 0.0564815 
0 0.413281 0.819444 0.0395833 0.0509259 
0 0.196615 0.760417 0.040625 0.0449074 
0 0.694271 0.351157 0.106771 0.0662037 
0 0.727604 0.803935 0.0333333 0.0689815 
0 0.46263 0.136343 0.0372396 0.0837963 
0 0.692969 0.87963 0.0489583 0.0685185 
0 0.662109 0.45 0.0882813 0.0694444 
0 0.733464 0.940046 0.0325521 0.0819444 
0 0.164974 0.454861 0.0434896 0.0800926 
0 0.611328 0.386806 0.0533854 0.0365741 
0 0.415755 0.763426 0.0388021 0.0407407 
0 0.101953 0.533333 0.0440104 0.037963 
0 0.590234 0.759259 0.0565104 0.0657407 
0 0.284375 0.6625 0.0520833 0.0564815 
0 0.0497396 0.762269 0.0229167 0.0736111 
0 0.25612 0.168519 0.0450521 0.0824074 
0 0.416927 0.918287 0.05 0.0606481 
0 0.803776 0.593287 0.0502604 0.0782407 
0 0.549219 0.400231 0.0489583 0.0412037 
0 0.332292 0.604167 0.0552083 0.0537037 
0 0.913542 0.969444 0.0598958 0.0601852 
0 0.311719 0.0537037 0.0619792 0.0796296 
0 0.0752604 0.159954 0.0427083 0.0569444 
0 0.403776 0.467824 0.0653646 0.0569444 
0 0.654297 0.890509 0.0367187 0.0560185 
0 0.298568 0.270139 0.0367187 0.0523148 
0 0.218099 0.503472 0.0361979 0.0773148 
0 0.0197917 0.512963 0.0333333 0.0675926 
0 0.047526 0.290972 0.0372396 0.0634259 
0 0.261979 0.223843 0.0578125 0.0532407 
0 0.305208 0.192824 0.0401042 0.0523148 
0 0.540495 0.958333 0.0398437 0.0814815 
0 0.230599 0.325926 0.0460938 0.0787037 
0 0.626562 0.500926 0.0505208 0.0740741 
0 0.542057 0.651852 0.0304688 0.0685185 
0 0.366406 0.670602 0.0234375 0.0643518 
0 0.619141 0.875926 0.0445312 0.0388889 
0 0.492969 0.584491 0.0338542 0.0597222 
0 0.105469 0.0412037 0.0229167 0.0824074 
0 0.507292 0.829861 0.0572917 0.0532407 
0 0.035026 0.379398 0.0591146 0.0541667 
0 0.12526 0.290278 0.0302083 0.062037 
0 0.810156 0.283796 0.0494792 0.0537037 
0 0.342057 0.735185 0.0283854 0.0694444 
0 0.571875 0.665741 0.0411458 0.0648148 
0 0.549219 0.865509 0.0270833 0.0643518 
0 0.10625 0.471296 0.0489583 0.0351852 
0 0.547266 0.231713 0.0236979 0.0689815 
0 0.280078 0.321296 0.0289063 0.0888889 
0 0.491276 0.650463 0.0320312 0.0731481 
0 0.309766 0.433333 0.0263021 0.0333333 
0 0.367448 0.958333 0.0354167 0.0777778 
0 0.27487 0.809954 0.0330729 0.0810185 
