0 0.958073 0.700231 0.0322917 0.143981 
0 0.864323 0.0821759 0.0463542 0.124537 
0 0.905729 0.171991 0.0333333 0.125463 
0 0.53125 0.508565 0.0375 0.134722 
0 0.220703 0.749306 0.0424479 0.0717593 
0 0.851042 0.809954 0.0375 0.108796 
0 0.102604 0.0798611 0.0317708 0.0689815 
0 0.680599 0.788194 0.0429688 0.0958333 
0 0.935026 0.286111 0.0450521 0.075 
0 0.780339 0.535185 0.0309896 0.0657407 
0 0.195703 0.971296 0.0388021 0.0574074 
0 0.553255 0.777778 0.0716146 0.0666667 
0 0.61862 0.304167 0.0778646 0.0648148 
0 0.0320312 0.627546 0.0432292 0.0550926 
0 0.547396 0.0891204 0.0354167 0.13287 
0 0.983854 0.856713 0.0317708 0.0634259 
0 0.508724 0.874537 0.0367187 0.0944444 
0 0.284115 0.712269 0.040625 0.0736111 
0 0.294401 0.430093 0.0388021 0.0796296 
0 0.603516 0.678472 0.0403646 0.0828704 
0 0.260807 0.338426 0.0320312 0.115741 
0 0.685026 0.604861 0.0403646 0.131944 
0 0.0873698 0.872917 0.0325521 0.101389 
0 0.0794271 0.659722 0.0307292 0.0638889 
0 0.0640625 0.166898 0.03125 0.118981 
0 0.938411 0.382407 0.0434896 0.0907407 
0 0.386458 0.709259 0.053125 0.0564815 
0 0.978906 0.173843 0.0401042 0.144907 
0 0.353125 0.868981 0.0572917 0.0722222 
0 0.257812 0.909722 0.0598958 0.111111 
0 0.933984 0.591435 0.0664062 0.0699074 
0 0.501042 0.437037 0.0317708 0.0675926 
0 0.410807 0.903704 0.0690104 0.0583333 
0 0.765104 0.884491 0.0557292 0.0671296 
