0 0.886328 0.253935 0.0497396 0.102315 
0 0.792969 0.1625 0.0447917 0.0851852 
0 0.78125 0.080787 0.0598958 0.075463 
0 0.0828125 0.562037 0.046875 0.0611111 
0 0.395964 0.540509 0.0377604 0.0615741 
0 0.219661 0.532639 0.0414063 0.074537 
0 0.585547 0.258565 0.0351562 0.0513889 
0 0.27474 0.26713 0.0390625 0.116667 
0 0.327604 0.159259 0.0609375 0.062963 
0 0.400391 0.056713 0.0273438 0.109722 
0 0.954167 0.0456019 0.0322917 0.0634259 
0 0.954036 0.203009 0.0382813 0.0884259 
0 0.521484 0.185417 0.0414063 0.0662037 
0 0.575651 0.0256944 0.0330729 0.0513889 
0 0.128776 0.311574 0.0450521 0.0898148 
0 0.484896 0.0993056 0.0369792 0.074537 
0 0.840885 0.156713 0.0286458 0.0837963 
0 0.746094 0.420833 0.0484375 0.0546296 
0 0.84375 0.292824 0.0359375 0.0865741 
0 0.726042 0.33912 0.0557292 0.0893519 
0 0.969792 0.517361 0.0578125 0.0717593 
0 0.559505 0.0949074 0.0341146 0.0805556 
0 0.461198 0.0162037 0.0526042 0.0324074 
0 0.599089 0.121296 0.0346354 0.0685185 
0 0.0389323 0.451852 0.0539063 0.0861111 
0 0.451953 0.06875 0.0356771 0.0578704 
0 0.8125 0.734722 0.0583333 0.105556 
0 0.289583 0.122222 0.028125 0.0472222 
