0 0.71237 0.0715278 0.0554687 0.133796 
0 0.546484 0.125694 0.0669271 0.172685 
0 0.725651 0.233796 0.0460938 0.0972222 
0 0.915495 0.24375 0.0361979 0.154167 
0 0.774479 0.234722 0.0578125 0.062963 
0 0.380339 0.74213 0.0393229 0.121296 
0 0.96875 0.589815 0.04375 0.0768519 
0 0.683203 0.522685 0.0320312 0.0805556 
0 0.672266 0.439352 0.0502604 0.0925926 
0 0.492708 0.81875 0.0401042 0.0967593 
0 0.635286 0.227083 0.0335938 0.146759 
0 0.961458 0.897454 0.0510417 0.106944 
0 0.388802 0.437963 0.0473958 0.0675926 
0 0.43125 0.662963 0.04375 0.138889 
0 0.785547 0.575463 0.0606771 0.106481 
0 0.336328 0.82338 0.0856771 0.0865741 
0 0.941406 0.760185 0.0427083 0.0805556 
0 0.471745 0.564352 0.0523437 0.0666667 
0 0.707552 0.733102 0.0354167 0.1375 
0 0.0300781 0.391667 0.0263021 0.108333 
0 0.888672 0.387269 0.0783854 0.0634259 
0 0.827083 0.743519 0.0796875 0.0685185 
0 0.046224 0.198611 0.0440104 0.103704 
0 0.566927 0.875463 0.0583333 0.0944444 
0 0.307422 0.759722 0.0445312 0.0814815 
0 0.777734 0.88125 0.0351562 0.0652778 
0 0.276302 0.0326389 0.0505208 0.0652778 
0 0.660547 0.746528 0.0414063 0.0828704 
0 0.333724 0.455324 0.0341146 0.0865741 
0 0.846224 0.0293981 0.0309896 0.0578704 
0 0.200521 0.690509 0.0276042 0.0986111 
0 0.937891 0.346065 0.0492188 0.049537 
0 0.0417969 0.460417 0.0632813 0.049537 
0 0.131771 0.856713 0.046875 0.0736111 
0 0.328906 0.368056 0.0546875 0.0592593 
0 0.345964 0.658565 0.0533854 0.0773148 
0 0.658203 0.671991 0.0356771 0.0569444 
0 0.0916667 0.747454 0.0541667 0.0763889 
0 0.775 0.184259 0.078125 0.0648148 
0 0.558594 0.578009 0.05625 0.0726852 
