0 0.54974 0.743981 0.0651042 0.0805556 
0 0.400391 0.574769 0.0320312 0.149537 
0 0.489974 0.566898 0.0398437 0.147685 
0 0.522396 0.881019 0.0416667 0.160185 
0 0.0203125 0.912269 0.0401042 0.130093 
0 0.557552 0.628472 0.04375 0.0699074 
0 0.196484 0.959259 0.0554687 0.0666667 
0 0.0976562 0.96088 0.0375 0.075463 
0 0.071224 0.941667 0.0309896 0.0712963 
0 0.346224 0.525694 0.0361979 0.0884259 
0 0.560547 0.957407 0.0419271 0.0805556 
0 0.509766 0.839352 0.0283854 0.10463 
0 0.54974 0.642361 0.0302083 0.0736111 
0 0.15013 0.979167 0.0341146 0.0407407 
0 0.514714 0.34213 0.0361979 0.1 
