0 0.271745 0.252083 0.0497396 0.115278 
0 0.563932 0.0921296 0.0763021 0.0768519 
0 0.546354 0.525231 0.0682292 0.110648 
0 0.41263 0.378472 0.0408854 0.144907 
0 0.863802 0.440278 0.0848958 0.118519 
0 0.969661 0.73287 0.0523437 0.167593 
0 0.315885 0.549306 0.0770833 0.0875 
0 0.622656 0.349537 0.0494792 0.087037 
0 0.751953 0.0425926 0.0335938 0.0574074 
0 0.227995 0.72963 0.0398437 0.150926 
0 0.270573 0.407176 0.0536458 0.108796 
0 0.439714 0.143056 0.0445312 0.150926 
0 0.495833 0.229167 0.0338542 0.152778 
0 0.89401 0.378009 0.078125 0.143981 
0 0.508333 0.433565 0.0786458 0.0976852 
0 0.448307 0.82963 0.0544271 0.062037 
0 0.872656 0.571065 0.078125 0.0791667 
0 0.254427 0.953241 0.0598958 0.0657407 
0 0.179427 0.537731 0.0484375 0.0615741 
0 0.95599 0.525463 0.0546875 0.167593 
0 0.735286 0.716898 0.0429688 0.0902778 
0 0.485547 0.603704 0.0388021 0.0833333 
0 0.609375 0.791667 0.0546875 0.0888889 
0 0.332031 0.835185 0.0822917 0.112037 
0 0.73776 0.856481 0.0703125 0.106481 
0 0.322917 0.468056 0.0364583 0.111111 
0 0.150651 0.886574 0.0554687 0.0722222 
0 0.974609 0.18287 0.0497396 0.172222 
0 0.380339 0.661806 0.0440104 0.0958333 
0 0.533594 0.632407 0.028125 0.124074 
0 0.941797 0.896759 0.0320312 0.10463 
0 0.178125 0.1625 0.0708333 0.0703704 
0 0.70599 0.711343 0.0364583 0.0513889 
