0 0.689453 0.0780093 0.0575521 0.141204 
0 0.763672 0.0636574 0.0596354 0.110648 
0 0.761198 0.225926 0.0333333 0.12037 
0 0.16276 0.234259 0.0432292 0.103704 
0 0.103516 0.366435 0.0393229 0.0847222 
0 0.584896 0.0337963 0.0427083 0.0675926 
0 0.772396 0.784722 0.0588542 0.111111 
0 0.631771 0.524537 0.05 0.105556 
0 0.651953 0.657176 0.0382813 0.0625 
0 0.122786 0.103935 0.0320312 0.0680556 
0 0.220964 0.0625 0.0382813 0.0805556 
0 0.254818 0.13588 0.0617188 0.0893519 
0 0.567839 0.216204 0.0403646 0.102778 
0 0.533724 0.459259 0.0601562 0.075 
0 0.296615 0.177778 0.034375 0.134259 
0 0.573177 0.611111 0.0411458 0.108333 
0 0.259766 0.948843 0.0486979 0.0819444 
0 0.646484 0.809259 0.0539063 0.10463 
0 0.835938 0.533565 0.0869792 0.0689815 
0 0.185026 0.349537 0.0492188 0.0583333 
0 0.23151 0.332639 0.0359375 0.0782407 
0 0.336849 0.262037 0.0695312 0.0777778 
0 0.354427 0.18588 0.0390625 0.118981 
0 0.10638 0.800694 0.0325521 0.0847222 
0 0.515104 0.563889 0.0286458 0.106481 
0 0.455599 0.202083 0.0361979 0.0587963 
0 0.565495 0.90625 0.0653646 0.075463 
0 0.757422 0.598148 0.0549479 0.0592593 
0 0.0203125 0.911574 0.0364583 0.0703704 
0 0.988281 0.756944 0.0203125 0.12037 
0 0.422786 0.309954 0.0580729 0.0560185 
0 0.20638 0.681019 0.0664062 0.0722222 
0 0.252734 0.58287 0.0263021 0.121296 
0 0.76901 0.469444 0.0369792 0.0685185 
0 0.939844 0.808796 0.0536458 0.136111 
0 0.133724 0.576389 0.0513021 0.0731481 
0 0.642578 0.718982 0.0632813 0.062037 
0 0.771094 0.673611 0.0541667 0.0814815 
0 0.315625 0.0641204 0.053125 0.0439815 
0 0.571745 0.093287 0.0695312 0.131019 
0 0.406771 0.491435 0.0541667 0.0439815 
0 0.0367187 0.311343 0.0421875 0.0560185 
0 0.139844 0.509954 0.0578125 0.0541667 
0 0.90625 0.432176 0.0416667 0.0587963 
0 0.5 0.0969907 0.0557292 0.0949074 
