0 0.714844 0.615509 0.0630208 0.161574 
0 0.315885 0.547917 0.03125 0.0625 
0 0.84375 0.240509 0.0578125 0.0949074 
0 0.420964 0.683102 0.0346354 0.0902778 
0 0.299349 0.0319444 0.0960938 0.0638889 
0 0.276302 0.544213 0.0401042 0.0921296 
0 0.721615 0.24838 0.0432292 0.074537 
0 0.639714 0.752083 0.0502604 0.0671296 
0 0.591406 0.299769 0.0317708 0.0884259 
0 0.822266 0.406019 0.0419271 0.112963 
0 0.083724 0.761806 0.0507812 0.124537 
0 0.37487 0.730093 0.0429688 0.0981481 
0 0.838932 0.921991 0.0346354 0.106944 
0 0.506901 0.795602 0.0523437 0.0736111 
0 0.422135 0.7625 0.0369792 0.112037 
0 0.716406 0.96875 0.046875 0.0597222 
0 0.970182 0.959028 0.0502604 0.0763889 
0 0.310156 0.745833 0.0473958 0.101852 
0 0.541927 0.0983796 0.0489583 0.100463 
