0 0.527865 0.100231 0.0619792 0.123611 
0 0.76276 0.421296 0.06875 0.112963 
0 0.182552 0.234028 0.0401042 0.123611 
0 0.188281 0.464815 0.0541667 0.119444 
0 0.805208 0.248611 0.0510417 0.075 
0 0.427344 0.642361 0.03125 0.152315 
0 0.654688 0.252778 0.0453125 0.162037 
0 0.744661 0.550463 0.0315104 0.115741 
0 0.41263 0.0270833 0.0513021 0.0541667 
0 0.0373698 0.403009 0.0632813 0.0615741 
0 0.554688 0.793519 0.0484375 0.0694444 
0 0.506901 0.374537 0.0361979 0.117593 
0 0.268099 0.213889 0.0294271 0.0666667 
0 0.283333 0.60162 0.05 0.122685 
0 0.960417 0.0840278 0.0458333 0.0532407 
0 0.740755 0.31875 0.107031 0.0902778 
0 0.28737 0.835417 0.0507812 0.0708333 
0 0.0714844 0.302778 0.0325521 0.087963 
0 0.273698 0.419907 0.0416667 0.152778 
0 0.628385 0.763426 0.078125 0.062037 
0 0.891536 0.378472 0.0273438 0.0967593 
0 0.523828 0.456713 0.0898438 0.0893519 
0 0.542057 0.599769 0.0341146 0.0736111 
0 0.966406 0.964352 0.05625 0.0675926 
0 0.811589 0.679398 0.0643229 0.0800926 
0 0.718229 0.0923611 0.0359375 0.147685 
0 0.155859 0.626852 0.0611979 0.0796296 
0 0.116667 0.366435 0.0369792 0.0652778 
0 0.199349 0.734954 0.0393229 0.099537 
0 0.630339 0.507407 0.0710938 0.0583333 
0 0.407292 0.904398 0.0635417 0.0597222 
0 0.654818 0.0560185 0.0299479 0.112037 
0 0.360156 0.459722 0.053125 0.0527778 
0 0.844271 0.576852 0.0255208 0.0833333 
0 0.23737 0.712731 0.0393229 0.0680556 
0 0.818359 0.328009 0.0502604 0.0476852 
0 0.441276 0.559028 0.0617188 0.0708333 
0 0.0565104 0.849306 0.0364583 0.106944 
0 0.157292 0.548611 0.059375 0.05 
0 0.517578 0.796991 0.0549479 0.0708333 
0 0.588411 0.466667 0.0497396 0.0509259 
0 0.45026 0.294907 0.0421875 0.0583333 
0 0.119661 0.735417 0.0424479 0.0560185 
0 0.913151 0.622222 0.0351562 0.062037 
0 0.134635 0.498148 0.0270833 0.0472222 
0 0.697266 0.972454 0.0565104 0.0550926 
0 0.761198 0.580787 0.0369792 0.074537 
0 0.700651 0.469676 0.0268229 0.0949074 
0 0.525 0.741667 0.040625 0.0962963 
0 0.192969 0.63287 0.0380208 0.0944444 
0 0.596224 0.416435 0.0367187 0.0476852 
0 0.291536 0.939352 0.0570313 0.0694444 
0 0.782292 0.966204 0.0557292 0.0638889 
0 0.892578 0.761806 0.0518229 0.0782407 
0 0.421875 0.866435 0.0317708 0.0532407 
0 0.684115 0.524306 0.040625 0.075463 
0 0.172656 0.430093 0.0348958 0.062037 
0 0.261458 0.888889 0.0307292 0.0546296 
0 0.654297 0.449769 0.0518229 0.050463 
0 0.0501302 0.707639 0.0721354 0.0773148 
0 0.6875 0.725694 0.0385417 0.0439815 
0 0.396875 0.613426 0.034375 0.105556 
0 0.689453 0.349074 0.0393229 0.0907407 
