0 0.861849 0.345139 0.0492188 0.0606481 
0 0.702214 0.29375 0.0705729 0.0773148 
0 0.775911 0.0342593 0.104427 0.0583333 
0 0.728516 0.699306 0.0434896 0.18287 
0 0.70612 0.187037 0.0351562 0.132407 
0 0.366016 0.787963 0.0356771 0.109259 
0 0.544401 0.480556 0.0679687 0.0703704 
0 0.0408854 0.500926 0.0401042 0.062037 
0 0.775781 0.244907 0.0255208 0.0703704 
0 0.706641 0.629167 0.0408854 0.102778 
0 0.509766 0.895833 0.0492188 0.0981481 
0 0.653776 0.181481 0.0434896 0.171296 
0 0.0438802 0.967824 0.0278646 0.0625 
0 0.403516 0.292593 0.0575521 0.0564815 
0 0.323307 0.418056 0.0627604 0.0851852 
0 0.816927 0.71713 0.0578125 0.0537037 
0 0.488802 0.142824 0.0692708 0.0939815 
0 0.466667 0.786574 0.0739583 0.0527778 
0 0.402865 0.796528 0.0604167 0.0606481 
0 0.342708 0.545139 0.040625 0.0819444 
0 0.0992187 0.761574 0.0484375 0.0462963 
0 0.557682 0.928935 0.0367187 0.130093 
0 0.478776 0.0384259 0.0460938 0.0768519 
0 0.33099 0.963426 0.0671875 0.0703704 
0 0.461328 0.49838 0.0289063 0.0773148 
0 0.264453 0.709259 0.0320312 0.0537037 
0 0.67526 0.77338 0.0588542 0.0708333 
0 0.628906 0.934028 0.059375 0.110648 
0 0.304427 0.688657 0.0375 0.0467593 
0 0.071224 0.371528 0.0507812 0.0810185 
0 0.61862 0.775926 0.0539063 0.0425926 
0 0.554688 0.780324 0.0546875 0.0606481 
0 0.671354 0.872685 0.0786458 0.0759259 
0 0.527734 0.206481 0.0497396 0.0916667 
0 0.12474 0.520139 0.0416667 0.0689815 
0 0.0416667 0.586806 0.0359375 0.0541667 
0 0.373307 0.582176 0.0309896 0.0634259 
0 0.0174479 0.72963 0.0302083 0.0972222 
0 0.12474 0.0611111 0.0473958 0.0601852 
0 0.208984 0.0833333 0.0393229 0.0666667 
0 0.42513 0.85 0.0377604 0.075 
0 0.0792969 0.421759 0.0507812 0.05 
0 0.814453 0.978009 0.0986979 0.0439815 
