0 0.628906 0.278935 0.0489583 0.0921296 
0 0.936589 0.351157 0.0460938 0.115278 
0 0.944922 0.0486111 0.0481771 0.0972222 
0 0.0246094 0.550926 0.0492188 0.0824074 
0 0.158854 0.478241 0.0416667 0.0759259 
0 0.395964 0.367593 0.0393229 0.0537037 
0 0.496875 0.453241 0.0375 0.087037 
0 0.754427 0.343519 0.0510417 0.0648148 
0 0.860286 0.0525463 0.0523437 0.0930556 
0 0.417708 0.859491 0.040625 0.0819444 
0 0.570312 0.466204 0.0432292 0.0555556 
0 0.121875 0.598611 0.0588542 0.0861111 
0 0.0234375 0.951389 0.0255208 0.0935185 
0 0.958464 0.53125 0.0304688 0.0819444 
0 0.0790365 0.499537 0.0502604 0.0740741 
0 0.836328 0.958333 0.0361979 0.0740741 
0 0.974609 0.594213 0.0304688 0.0819444 
0 0.0203125 0.437269 0.0364583 0.106944 
0 0.338932 0.366204 0.0346354 0.106481 
0 0.389714 0.448611 0.0325521 0.087963 
0 0.178385 0.7125 0.0307292 0.0916667 
0 0.836328 0.604167 0.0398437 0.062037 
0 0.730469 0.50625 0.0359375 0.0763889 
0 0.830078 0.772222 0.0330729 0.0583333 
0 0.444792 0.920139 0.0348958 0.0708333 
0 0.0488281 0.670602 0.0585938 0.074537 
0 0.76862 0.569444 0.0252604 0.0916667 
0 0.180859 0.591667 0.0393229 0.0657407 
0 0.44974 0.44838 0.0307292 0.0875 
0 0.900391 0.251157 0.0445312 0.0523148 
0 0.272135 0.740509 0.0458333 0.0726852 
0 0.824219 0.299769 0.0203125 0.0939815 
0 0.489193 0.788194 0.0450521 0.0736111 
0 0.825781 0.075 0.0427083 0.062963 
0 0.671354 0.462269 0.0479167 0.0513889 
0 0.758724 0.85463 0.0388021 0.0833333 
0 0.0630208 0.137731 0.0510417 0.0828704 
0 0.540625 0.69213 0.0427083 0.0574074 
0 0.353776 0.913194 0.0424479 0.0597222 
0 0.808073 0.533796 0.0286458 0.0851852 
0 0.502474 0.314352 0.0273438 0.0564815 
