0 0.666016 0.315972 0.0960938 0.131944 
0 0.663021 0.51713 0.0604167 0.114815 
0 0.629818 0.683565 0.0632813 0.103241 
0 0.589453 0.24537 0.0736979 0.146296 
0 0.516667 0.04375 0.075 0.0800926 
0 0.573177 0.927083 0.090625 0.0763889 
0 0.798828 0.210648 0.0294271 0.126852 
0 0.703516 0.53125 0.0606771 0.179167 
0 0.0330729 0.374074 0.0270833 0.0953704 
0 0.51224 0.320833 0.0338542 0.139815 
0 0.0959635 0.836806 0.0638021 0.0430556 
0 0.767057 0.688657 0.0330729 0.168981 
0 0.489714 0.165972 0.0554687 0.0532407 
0 0.602474 0.395602 0.146094 0.116204 
0 0.341927 0.40625 0.0661458 0.0865741 
0 0.626562 0.452315 0.05625 0.0833333 
0 0.604036 0.794907 0.0361979 0.181481 
0 0.346615 0.263194 0.0291667 0.103241 
0 0.167578 0.439815 0.0539063 0.125926 
0 0.592318 0.546296 0.0736979 0.101852 
0 0.501042 0.426852 0.0416667 0.0490741 
0 0.108854 0.616204 0.0463542 0.0509259 
0 0.0945313 0.913194 0.0364583 0.0643518 
0 0.0588542 0.209491 0.0411458 0.0800926 
0 0.290755 0.693519 0.0341146 0.0842593 
0 0.188802 0.273611 0.0755208 0.0759259 
0 0.0438802 0.659259 0.0346354 0.0435185 
0 0.708073 0.952315 0.0609375 0.0888889 
0 0.0828125 0.346991 0.0369792 0.0606481 
0 0.348047 0.143287 0.0361979 0.151389 
0 0.211589 0.979167 0.0252604 0.037963 
0 0.158073 0.655556 0.0432292 0.0787037 
0 0.0227865 0.302778 0.0414063 0.0518519 
0 0.111458 0.232176 0.0677083 0.0513889 
0 0.253776 0.238426 0.0393229 0.0435185 
0 0.216146 0.720139 0.0567708 0.0476852 
0 0.379167 0.940972 0.0578125 0.100463 
0 0.103516 0.685185 0.0648438 0.0537037 
0 0.294271 0.758565 0.0859375 0.0587963 
0 0.414583 0.59213 0.05 0.168519 
0 0.184766 0.211343 0.0466146 0.0643518 
0 0.127865 0.340278 0.0432292 0.087037 
0 0.25638 0.88588 0.0502604 0.128241 
0 0.390104 0.792593 0.0432292 0.0648148 
0 0.88138 0.97662 0.0809896 0.0467593 
0 0.219661 0.0835648 0.0669271 0.0652778 
0 0.549219 0.670602 0.0385417 0.168981 
0 0.284505 0.363657 0.0398437 0.0875 
0 0.288281 0.272917 0.0401042 0.0819444 
0 0.0291667 0.14213 0.0265625 0.10463 
0 0.132682 0.0516204 0.0341146 0.0689815 
0 0.74362 0.458565 0.0283854 0.0717593 
0 0.528776 0.463426 0.0481771 0.103704 
