0 0.0876302 0.358102 0.0585938 0.1125 
0 0.141406 0.594213 0.114583 0.0884259 
0 0.667969 0.403241 0.0411458 0.112037 
0 0.252734 0.95162 0.0361979 0.0967593 
0 0.685547 0.0736111 0.0684896 0.0898148 
0 0.802214 0.743056 0.0492188 0.0842593 
0 0.626953 0.0581019 0.0804688 0.100463 
0 0.351042 0.459954 0.0791667 0.109722 
0 0.458073 0.295602 0.0473958 0.197685 
0 0.801302 0.472917 0.0364583 0.153241 
0 0.876953 0.541204 0.0882813 0.17037 
0 0.147135 0.333565 0.0385417 0.0587963 
0 0.286328 0.713194 0.0679687 0.0736111 
0 0.835938 0.796296 0.0541667 0.134259 
0 0.0738281 0.272917 0.0559896 0.0652778 
0 0.583984 0.667593 0.0992187 0.0861111 
0 0.760156 0.700926 0.0390625 0.0916667 
0 0.308073 0.9375 0.0635417 0.103704 
0 0.483854 0.676157 0.0515625 0.0884259 
0 0.744141 0.0914352 0.0481771 0.145833 
0 0.815495 0.253704 0.0559896 0.0537037 
0 0.751562 0.773148 0.075 0.130556 
0 0.583984 0.521759 0.0544271 0.187037 
0 0.86276 0.262269 0.0557292 0.135648 
0 0.25625 0.622454 0.0885417 0.145833 
0 0.93125 0.892361 0.0869792 0.106944 
0 0.366927 0.674074 0.0651042 0.0861111 
0 0.621615 0.186574 0.0421875 0.0583333 
0 0.697266 0.600463 0.101823 0.0935185 
0 0.128906 0.790741 0.0901042 0.0787037 
0 0.867708 0.902778 0.0401042 0.0851852 
0 0.973177 0.642824 0.0510417 0.0541667 
0 0.688932 0.323611 0.0658854 0.0722222 
0 0.451823 0.956713 0.0786458 0.0865741 
0 0.136719 0.212037 0.05 0.0657407 
