0 0.648828 0.961111 0.0460938 0.0583333 
0 0.755859 0.349306 0.0330729 0.113426 
0 0.621094 0.793056 0.0703125 0.0731481 
0 0.546354 0.666204 0.078125 0.0851852 
0 0.73776 0.706481 0.0354167 0.0407407 
0 0.613281 0.68912 0.03125 0.0699074 
0 0.363021 0.29375 0.0354167 0.0736111 
0 0.18125 0.340278 0.0442708 0.0648148 
0 0.451172 0.900231 0.0403646 0.110648 
0 0.441927 0.608565 0.0760417 0.0560185 
0 0.389583 0.520833 0.0416667 0.0509259 
0 0.650911 0.55 0.0575521 0.109259 
0 0.423307 0.17037 0.0278646 0.0462963 
0 0.317318 0.300926 0.0429688 0.0638889 
0 0.45 0.684491 0.0557292 0.0828704 
0 0.728516 0.967824 0.0356771 0.0606481 
0 0.823698 0.354398 0.0770833 0.128241 
0 0.771484 0.863657 0.0278646 0.0476852 
0 0.597266 0.870139 0.0591146 0.0717593 
0 0.429688 0.26875 0.0489583 0.120833 
0 0.833464 0.913889 0.0565104 0.0990741 
0 0.282031 0.200231 0.0322917 0.0949074 
0 0.38112 0.191435 0.0596354 0.0560185 
0 0.340625 0.574074 0.0494792 0.087963 
0 0.562891 0.544676 0.0341146 0.106944 
0 0.0425781 0.0196759 0.0367187 0.0384259 
0 0.731901 0.477083 0.0361979 0.0837963 
0 0.0893229 0.0831019 0.0317708 0.0328704 
0 0.266797 0.431944 0.0481771 0.0666667 
0 0.306641 0.785185 0.0341146 0.0490741 
0 0.153906 0.490046 0.0489583 0.0680556 
0 0.308594 0.106713 0.0291667 0.0736111 
0 0.689974 0.371759 0.0742188 0.125926 
0 0.422656 0.36412 0.0557292 0.0439815 
0 0.382031 0.780787 0.0505208 0.0365741 
0 0.503906 0.0752315 0.03125 0.109722 
0 0.716797 0.893287 0.0867188 0.0569444 
0 0.686979 0.150926 0.071875 0.062963 
0 0.114063 0.177315 0.0322917 0.0425926 
0 0.324219 0.699537 0.034375 0.087963 
0 0.127083 0.068287 0.0276042 0.0384259 
0 0.115885 0.335648 0.0322917 0.0861111 
0 0.416016 0.0601852 0.0486979 0.0611111 
0 0.464193 0.326852 0.0388021 0.0462963 
0 0.199219 0.816435 0.0380208 0.0430556 
0 0.335938 0.236574 0.0359375 0.0564815 
0 0.185547 0.161111 0.0351562 0.0537037 
0 0.420964 0.835417 0.0460938 0.0662037 
0 0.344792 0.862269 0.0427083 0.0912037 
0 0.15638 0.838889 0.0606771 0.0592593 
0 0.164844 0.0719907 0.0364583 0.0810185 
0 0.221354 0.973843 0.0359375 0.0523148 
0 0.707031 0.602778 0.0453125 0.05 
0 0.120443 0.0238426 0.0294271 0.0476852 
0 0.61862 0.423611 0.0388021 0.062963 
0 0.0671875 0.13287 0.0317708 0.0472222 
0 0.311198 0.348843 0.0270833 0.0671296 
0 0.273828 0.703704 0.0382813 0.0712963 
0 0.0255208 0.828009 0.0369792 0.0421296 
0 0.288151 0.923611 0.0466146 0.0944444 
0 0.491927 0.284722 0.0286458 0.0814815 
0 0.276302 0.0342593 0.0427083 0.0648148 
0 0.333203 0.178241 0.0278646 0.087963 
0 0.0951823 0.0456019 0.0315104 0.049537 
0 0.148047 0.312731 0.0356771 0.049537 
0 0.245182 0.335185 0.0419271 0.0537037 
0 0.213281 0.478472 0.03125 0.0486111 
0 0.278125 0.329167 0.0328125 0.0351852 
0 0.663021 0.19838 0.053125 0.075463 
0 0.188932 0.65 0.0356771 0.0527778 
0 0.240234 0.785417 0.0429688 0.0893519 
