0 0.28099 0.462037 0.0447917 0.0833333 
0 0.448828 0.403935 0.0528646 0.0967593 
0 0.630339 0.335185 0.0309896 0.121296 
0 0.145052 0.374306 0.028125 0.116204 
0 0.909766 0.65 0.0283854 0.116667 
0 0.34375 0.699537 0.0364583 0.0768519 
0 0.582943 0.353704 0.0466146 0.0851852 
0 0.819792 0.610417 0.0375 0.111574 
0 0.666536 0.451389 0.0335938 0.0657407 
0 0.889193 0.830787 0.0382813 0.0763889 
0 0.919531 0.453472 0.0666667 0.0902778 
0 0.121745 0.521296 0.0330729 0.062037 
0 0.968229 0.961806 0.0484375 0.0662037 
0 0.8125 0.338889 0.0338542 0.0861111 
0 0.815885 0.431713 0.0369792 0.101389 
0 0.433854 0.182407 0.0473958 0.0925926 
0 0.690885 0.70625 0.0333333 0.103241 
0 0.590755 0.856713 0.0403646 0.0513889 
0 0.736849 0.820139 0.0398437 0.0828704 
0 0.735417 0.390741 0.0526042 0.0592593 
0 0.988672 0.722222 0.0184896 0.112037 
0 0.0852865 0.897685 0.0393229 0.0694444 
0 0.798828 0.811111 0.0242187 0.0740741 
0 0.465234 0.959259 0.0570313 0.0805556 
0 0.429688 0.634491 0.04375 0.0699074 
0 0.0769531 0.268287 0.0335938 0.143981 
0 0.0789063 0.513657 0.0364583 0.049537 
0 0.652865 0.730093 0.0354167 0.0537037 
0 0.48112 0.630787 0.0257812 0.0708333 
0 0.690885 0.817361 0.0442708 0.0569444 
0 0.112891 0.629167 0.0273438 0.113889 
0 0.714323 0.254398 0.0588542 0.0680556 
0 0.646484 0.575 0.0388021 0.0583333 
0 0.463151 0.843287 0.0408854 0.0828704 
0 0.588411 0.712731 0.0455729 0.0708333 
0 0.649479 0.662731 0.0265625 0.0541667 
0 0.229818 0.490046 0.0325521 0.0615741 
0 0.57474 0.434259 0.0442708 0.0564815 
0 0.88138 0.560648 0.0289063 0.108333 
0 0.559115 0.782639 0.0359375 0.0587963 
0 0.981901 0.545833 0.0361979 0.0537037 
0 0.0888021 0.592361 0.0286458 0.075463 
0 0.197526 0.360185 0.0455729 0.0611111 
0 0.701693 0.335185 0.0643229 0.0527778 
0 0.373047 0.517824 0.0361979 0.0625 
0 0.342187 0.527315 0.0458333 0.0638889 
0 0.463672 0.741204 0.0252604 0.111111 
0 0.769531 0.845139 0.0348958 0.0699074 
0 0.371875 0.702315 0.0244792 0.0731481 
0 0.754818 0.516435 0.0356771 0.049537 
0 0.710417 0.490046 0.0307292 0.0689815 
0 0.416927 0.768287 0.0515625 0.0652778 
0 0.226432 0.683102 0.0450521 0.0402778 
0 0.503906 0.630093 0.0276042 0.062963 
0 0.535547 0.975694 0.0330729 0.0449074 
0 0.10599 0.436574 0.0322917 0.0759259 
0 0.958464 0.782176 0.0273438 0.0652778 
0 0.160677 0.869676 0.0401042 0.0550926 
