0 0.692318 0.200694 0.0565104 0.0958333 
0 0.176302 0.783333 0.0494792 0.075 
0 0.71875 0.533796 0.0359375 0.0759259 
0 0.851042 0.680324 0.0369792 0.127315 
0 0.730078 0.737269 0.0372396 0.0625 
0 0.430599 0.473611 0.0393229 0.0648148 
0 0.16237 0.893287 0.0341146 0.0939815 
0 0.710938 0.349769 0.0640625 0.0569444 
0 0.569401 0.619444 0.0393229 0.105556 
0 0.620182 0.244907 0.0299479 0.0712963 
0 0.605078 0.903472 0.0341146 0.0828704 
0 0.287109 0.624537 0.0309896 0.0703704 
0 0.494141 0.311574 0.0486979 0.0509259 
0 0.792969 0.156944 0.0552083 0.05 
0 0.021224 0.825 0.0273438 0.0759259 
0 0.0828125 0.692593 0.0333333 0.0824074 
0 0.144922 0.469676 0.0414063 0.0875 
0 0.926693 0.751852 0.0440104 0.0675926 
0 0.910677 0.636806 0.0546875 0.0615741 
0 0.941406 0.293519 0.0510417 0.0490741 
0 0.452865 0.673611 0.0479167 0.0777778 
0 0.248177 0.685417 0.0416667 0.0902778 
0 0.646484 0.811806 0.0236979 0.101389 
0 0.871094 0.910417 0.0515625 0.075463 
0 0.633724 0.367824 0.0268229 0.0819444 
0 0.797396 0.297685 0.053125 0.0694444 
0 0.898047 0.700694 0.0466146 0.0578704 
0 0.23099 0.894213 0.046875 0.075463 
0 0.11224 0.801157 0.065625 0.0615741 
0 0.686068 0.9625 0.0398437 0.0694444 
0 0.336849 0.366435 0.0502604 0.0449074 
0 0.829167 0.405556 0.0291667 0.0925926 
0 0.0432292 0.909722 0.0458333 0.0685185 
0 0.697266 0.262963 0.0382813 0.0657407 
0 0.60013 0.974537 0.0533854 0.0509259 
0 0.360286 0.459259 0.0549479 0.0657407 
0 0.563021 0.733565 0.0317708 0.0856481 
