0 0.724609 0.123148 0.0533854 0.0842593 
0 0.370573 0.459259 0.0473958 0.0759259 
0 0.392839 0.22963 0.0419271 0.087963 
0 0.038151 0.0569444 0.0372396 0.0944444 
0 0.891667 0.493056 0.034375 0.0990741 
0 0.785677 0.536343 0.0442708 0.0847222 
0 0.926172 0.309028 0.0440104 0.0819444 
0 0.831641 0.225 0.0476562 0.0694444 
0 0.75 0.320602 0.0328125 0.0606481 
0 0.135156 0.90463 0.0541667 0.0962963 
0 0.12474 0.28912 0.0479167 0.0810185 
0 0.194792 0.159491 0.0473958 0.0662037 
0 0.659635 0.496065 0.0395833 0.0689815 
0 0.252214 0.481713 0.0299479 0.0800926 
0 0.0173177 0.157407 0.0309896 0.109259 
0 0.430208 0.075463 0.0541667 0.0907407 
0 0.689453 0.522454 0.0356771 0.0606481 
0 0.486849 0.821759 0.0664062 0.0666667 
0 0.385807 0.0310185 0.0398437 0.0592593 
0 0.114974 0.0398148 0.0476562 0.0703704 
0 0.757292 0.801157 0.05 0.0587963 
0 0.18737 0.469676 0.0533854 0.0652778 
0 0.587891 0.538194 0.0419271 0.0476852 
0 0.966797 0.0884259 0.0434896 0.062963 
0 0.894531 0.300926 0.0364583 0.062963 
0 0.29974 0.741667 0.0520833 0.0685185 
0 0.583464 0.397454 0.0476562 0.050463 
0 0.668359 0.21875 0.0429688 0.0587963 
0 0.741667 0.056713 0.0369792 0.106944 
0 0.196484 0.355324 0.0398437 0.0458333 
0 0.630339 0.44838 0.0460938 0.0523148 
0 0.908203 0.400694 0.0299479 0.0449074 
0 0.758203 0.0974537 0.0273438 0.0773148 
0 0.0686198 0.50463 0.0372396 0.0703704 
0 0.726562 0.241667 0.0520833 0.0768519 
