0 0.55026 0.81088 0.0515625 0.131944 
0 0.236719 0.645833 0.0458333 0.0574074 
0 0.759766 0.189815 0.0945313 0.0768519 
0 0.576563 0.147917 0.0729167 0.0597222 
0 0.566406 0.921065 0.0505208 0.0671296 
0 0.65625 0.326852 0.05 0.184259 
0 0.478776 0.784722 0.0763021 0.0592593 
0 0.211328 0.0599537 0.0382813 0.105093 
0 0.114193 0.272454 0.0335938 0.0717593 
0 0.613281 0.238194 0.0369792 0.0597222 
0 0.288672 0.21713 0.0528646 0.0564815 
0 0.669922 0.122917 0.0294271 0.0449074 
0 0.372266 0.0534722 0.0382813 0.0476852 
0 0.608464 0.307407 0.0346354 0.0592593 
0 0.60599 0.875 0.0723958 0.0722222 
0 0.680599 0.765278 0.0325521 0.0555556 
0 0.268099 0.0386574 0.0361979 0.0717593 
0 0.252214 0.979861 0.0335938 0.0402778 
0 0.0782552 0.4375 0.0341146 0.0712963 
0 0.0300781 0.633796 0.0351562 0.0425926 
0 0.434505 0.592824 0.0320312 0.108796 
0 0.247005 0.304167 0.0528646 0.0592593 
0 0.506771 0.886343 0.0635417 0.0476852 
0 0.525 0.971296 0.0666667 0.0574074 
0 0.269661 0.121991 0.0236979 0.0412037 
0 0.684115 0.927083 0.0291667 0.0523148 
0 0.152995 0.719907 0.0559896 0.0601852 
0 0.60638 0.110648 0.0398437 0.05 
0 0.304167 0.475 0.0479167 0.0611111 
0 0.255339 0.366435 0.0476562 0.0587963 
0 0.121094 0.0270833 0.0520833 0.0476852 
0 0.938542 0.46088 0.0703125 0.0708333 
0 0.179948 0.377315 0.034375 0.0731481 
0 0.0540365 0.928935 0.0440104 0.0439815 
0 0.533203 0.530324 0.0309896 0.1375 
0 0.680208 0.505556 0.0458333 0.0481481 
0 0.57513 0.218287 0.0580729 0.0606481 
0 0.98151 0.842824 0.0364583 0.0699074 
0 0.47487 0.568056 0.0549479 0.05 
0 0.579557 0.324306 0.0325521 0.0486111 
0 0.573698 0.561343 0.0536458 0.075463 
0 0.234375 0.254861 0.0286458 0.0532407 
0 0.711979 0.44213 0.0421875 0.0962963 
0 0.411589 0.0238426 0.0257812 0.0476852 
0 0.184505 0.812732 0.0309896 0.0467593 
0 0.182943 0.150463 0.0445312 0.0592593 
0 0.441667 0.972917 0.0526042 0.0541667 
0 0.76276 0.279861 0.0401042 0.050463 
0 0.100911 0.166204 0.0273438 0.0555556 
0 0.219792 0.744907 0.0390625 0.05 
0 0.155859 0.169676 0.0221354 0.0736111 
0 0.0328125 0.952315 0.034375 0.0564815 
0 0.849609 0.663194 0.0445312 0.0773148 
0 0.504427 0.0206019 0.0348958 0.0402778 
0 0.33737 0.59375 0.0304688 0.0560185 
0 0.888672 0.76088 0.0346354 0.0532407 
0 0.636198 0.96088 0.0427083 0.0652778 
