0 0.84375 0.198148 0.0604167 0.0851852 
0 0.565495 0.350694 0.0518229 0.122685 
0 0.117708 0.6 0.0510417 0.131481 
0 0.803776 0.712731 0.0554687 0.124537 
0 0.865234 0.52037 0.0440104 0.0574074 
0 0.636328 0.857639 0.0513021 0.0791667 
0 0.915104 0.495602 0.0395833 0.110648 
0 0.690495 0.0976852 0.0377604 0.0935185 
0 0.588802 0.478472 0.0390625 0.0902778 
0 0.780729 0.812037 0.0635417 0.107407 
0 0.0208333 0.931481 0.0401042 0.111111 
0 0.967318 0.244907 0.0611979 0.0925926 
0 0.567448 0.845833 0.059375 0.0712963 
0 0.415755 0.496065 0.0414063 0.116204 
0 0.48776 0.374769 0.046875 0.0791667 
0 0.588802 0.624306 0.0619792 0.074537 
0 0.111198 0.432639 0.0541667 0.0717593 
0 0.829557 0.106019 0.0653646 0.0722222 
0 0.781771 0.622685 0.0401042 0.0592593 
0 0.51263 0.868981 0.0304688 0.105556 
0 0.841276 0.353704 0.0544271 0.0592593 
0 0.445573 0.565972 0.0354167 0.0773148 
0 0.116927 0.839352 0.0645833 0.0842593 
0 0.258854 0.875926 0.0411458 0.0703704 
0 0.271745 0.407639 0.0804688 0.141204 
0 0.947786 0.172454 0.0736979 0.0662037 
0 0.28151 0.754398 0.0390625 0.0856481 
0 0.297786 0.643981 0.0908854 0.087037 
0 0.160286 0.560185 0.0492188 0.0833333 
0 0.949219 0.675463 0.0401042 0.0953704 
0 0.879818 0.857639 0.0575521 0.11713 
0 0.908203 0.0907407 0.0617188 0.0759259 
0 0.885286 0.350231 0.0414063 0.0810185 
0 0.697786 0.1875 0.0289063 0.117593 
