0 0.498958 0.0479167 0.0645833 0.0902778 
0 0.556641 0.388426 0.0622396 0.121296 
0 0.747005 0.0821759 0.0653646 0.118981 
0 0.869531 0.130324 0.0458333 0.168981 
0 0.826172 0.487037 0.0466146 0.0814815 
0 0.629948 0.186574 0.0359375 0.0777778 
0 0.569271 0.893981 0.0489583 0.111111 
0 0.914974 0.253241 0.0408854 0.135185 
0 0.14987 0.639352 0.0533854 0.1 
0 0.326693 0.227546 0.0700521 0.119907 
0 0.326432 0.413194 0.0705729 0.105093 
0 0.08125 0.757176 0.0520833 0.131019 
0 0.275911 0.29213 0.0528646 0.135185 
0 0.2375 0.792593 0.0635417 0.0768519 
0 0.976172 0.658333 0.0434896 0.0462963 
0 0.41276 0.715741 0.0567708 0.0888889 
0 0.486328 0.515046 0.0486979 0.0708333 
0 0.541536 0.599769 0.0361979 0.0699074 
0 0.863281 0.434028 0.0395833 0.0736111 
0 0.547917 0.233565 0.0421875 0.099537 
0 0.954687 0.440509 0.071875 0.0791667 
0 0.873958 0.261574 0.0442708 0.0657407 
0 0.0420573 0.722222 0.0398437 0.0555556 
0 0.91263 0.591204 0.0507812 0.0666667 
0 0.744531 0.849537 0.0458333 0.128704 
0 0.058724 0.486574 0.0419271 0.122222 
0 0.2375 0.524769 0.0328125 0.0680556 
0 0.0201823 0.565509 0.0372396 0.075463 
0 0.78125 0.419213 0.0390625 0.118981 
0 0.289323 0.561343 0.0708333 0.1625 
0 0.702214 0.56088 0.0377604 0.0856481 
0 0.0167969 0.466667 0.0315104 0.131481 
0 0.740234 0.637037 0.0721354 0.0592593 
0 0.40638 0.398148 0.0419271 0.114815 
0 0.967708 0.972222 0.053125 0.0555556 
0 0.513672 0.398843 0.0361979 0.114352 
0 0.644141 0.977083 0.0513021 0.0458333 
