0 0.912109 0.717593 0.0429688 0.1 
0 0.667448 0.0481481 0.0432292 0.0944444 
0 0.649349 0.262269 0.0497396 0.0606481 
0 0.223047 0.61713 0.0382813 0.0583333 
0 0.805078 0.190741 0.0330729 0.0888889 
0 0.459896 0.286806 0.0526042 0.100463 
0 0.833464 0.155324 0.0325521 0.0865741 
0 0.573307 0.326157 0.0268229 0.0662037 
0 0.402344 0.290741 0.0463542 0.0675926 
0 0.280599 0.352315 0.0283854 0.102778 
0 0.655208 0.410417 0.0416667 0.0726852 
0 0.429948 0.213889 0.0390625 0.124074 
0 0.25638 0.58125 0.0507812 0.0560185 
0 0.50638 0.21412 0.0367187 0.0782407 
0 0.702214 0.471065 0.0398437 0.110648 
0 0.745703 0.669676 0.0460938 0.0625 
0 0.0716146 0.29375 0.0395833 0.11713 
0 0.346745 0.268287 0.0309896 0.147685 
0 0.979557 0.466204 0.0393229 0.0796296 
0 0.314974 0.54213 0.0627604 0.0759259 
0 0.736328 0.0451389 0.0700521 0.0689815 
0 0.519531 0.434491 0.0567708 0.0652778 
0 0.752995 0.250926 0.0445312 0.0777778 
0 0.0186198 0.935648 0.0346354 0.0796296 
0 0.950781 0.753472 0.0348958 0.0662037 
0 0.566016 0.172222 0.0388021 0.0842593 
0 0.151172 0.60463 0.0434896 0.0759259 
0 0.876432 0.604167 0.0434896 0.0740741 
0 0.371745 0.603241 0.0388021 0.0712963 
0 0.98724 0.595833 0.0213542 0.103704 
0 0.0220052 0.761343 0.0273438 0.0680556 
0 0.82474 0.576389 0.0578125 0.075 
0 0.564453 0.119444 0.0309896 0.0944444 
0 0.069401 0.615972 0.0315104 0.0680556 
0 0.846094 0.9125 0.0364583 0.0694444 
0 0.290755 0.672454 0.0393229 0.0671296 
0 0.985417 0.92963 0.0286458 0.106481 
0 0.0494792 0.449306 0.0432292 0.0550926 
0 0.141146 0.187037 0.034375 0.0981481 
0 0.0848958 0.181713 0.0348958 0.0513889 
0 0.884375 0.347685 0.05625 0.0842593 
0 0.888151 0.804861 0.0424479 0.049537 
0 0.76849 0.117824 0.0770833 0.124537 
0 0.590365 0.123148 0.0317708 0.0916667 
0 0.558073 0.616435 0.0442708 0.0476852 
0 0.773047 0.578935 0.0325521 0.0615741 
0 0.86224 0.0421296 0.053125 0.0685185 
0 0.799349 0.325926 0.0492188 0.0666667 
0 0.527344 0.870139 0.0557292 0.0773148 
