0 0.483073 0.234028 0.0614583 0.130093 
0 0.108073 0.155093 0.0385417 0.119444 
0 0.272786 0.558565 0.0388021 0.122685 
0 0.117188 0.400463 0.0651042 0.0925926 
0 0.847656 0.431481 0.059375 0.0675926 
0 0.965755 0.43588 0.0539063 0.0606481 
0 0.150651 0.224537 0.0492188 0.111111 
0 0.0613281 0.190509 0.0507812 0.074537 
0 0.830078 0.840278 0.0471354 0.062037 
0 0.345703 0.519444 0.0674479 0.0666667 
0 0.932031 0.290741 0.0489583 0.0796296 
0 0.839844 0.736574 0.0505208 0.0675926 
0 0.520573 0.912269 0.0505208 0.1125 
0 0.729948 0.345833 0.046875 0.075 
0 0.894141 0.763426 0.0419271 0.14537 
0 0.653385 0.569907 0.0359375 0.087037 
0 0.299219 0.644676 0.0380208 0.0847222 
0 0.692969 0.522685 0.0401042 0.0824074 
0 0.526823 0.28125 0.0427083 0.126389 
0 0.586849 0.581713 0.0330729 0.0782407 
0 0.716276 0.902778 0.0367187 0.0833333 
0 0.0222656 0.786111 0.0429688 0.0833333 
0 0.636198 0.674769 0.0385417 0.0560185 
0 0.664062 0.870602 0.0338542 0.102315 
0 0.248437 0.118287 0.0338542 0.0708333 
0 0.261198 0.714815 0.0505208 0.0851852 
0 0.761328 0.952083 0.0502604 0.0810185 
0 0.960938 0.506944 0.0640625 0.0777778 
0 0.635677 0.249537 0.0505208 0.0972222 
0 0.971745 0.864583 0.0466146 0.0541667 
