0 0.670964 0.892361 0.0643229 0.104167 
0 0.510286 0.589352 0.0533854 0.0935185 
0 0.796875 0.657407 0.03125 0.0851852 
0 0.628906 0.762037 0.0395833 0.182407 
0 0.68112 0.667824 0.0356771 0.116204 
0 0.82513 0.795139 0.0471354 0.0458333 
0 0.756901 0.5625 0.101823 0.0564815 
0 0.702604 0.347917 0.0296875 0.0615741 
0 0.237109 0.790046 0.0440104 0.0671296 
0 0.482943 0.10625 0.0486979 0.0865741 
0 0.461849 0.191898 0.0492188 0.075463 
0 0.304036 0.233565 0.0481771 0.0587963 
0 0.471354 0.551389 0.0703125 0.0740741 
0 0.315885 0.855556 0.0354167 0.0592593 
0 0.520573 0.337269 0.053125 0.0643518 
0 0.797266 0.445833 0.0658854 0.0768519 
0 0.0283854 0.31713 0.0421875 0.0444444 
0 0.275651 0.094213 0.0674479 0.0708333 
0 0.765234 0.271991 0.0309896 0.0912037 
0 0.272917 0.258565 0.0526042 0.049537 
0 0.635286 0.506944 0.0361979 0.0953704 
0 0.393359 0.0490741 0.0226563 0.0444444 
0 0.521875 0.904398 0.071875 0.0699074 
0 0.196354 0.318981 0.0520833 0.0768519 
0 0.109635 0.261343 0.0302083 0.0458333 
0 0.190495 0.103472 0.0507812 0.109722 
0 0.284245 0.520833 0.0367187 0.100926 
0 0.70612 0.434954 0.0273438 0.0421296 
0 0.019401 0.0409722 0.0283854 0.0819444 
0 0.58099 0.0888889 0.0510417 0.157407 
0 0.748438 0.746991 0.0270833 0.0791667 
0 0.302214 0.774306 0.0653646 0.0958333 
0 0.569792 0.225463 0.0416667 0.0925926 
0 0.229427 0.189583 0.040625 0.0643518 
0 0.061849 0.150463 0.0299479 0.0601852 
0 0.232031 0.704398 0.028125 0.100463 
0 0.44987 0.0708333 0.0252604 0.0916667 
0 0.260286 0.39537 0.0304688 0.087963 
0 0.142318 0.13125 0.0236979 0.0532407 
0 0.982031 0.0391204 0.0348958 0.0773148 
0 0.464063 0.377083 0.0411458 0.0652778 
0 0.0898438 0.15625 0.0244792 0.0699074 
0 0.368229 0.0657407 0.0385417 0.0490741 
0 0.415495 0.774537 0.0419271 0.0694444 
0 0.351302 0.875926 0.0390625 0.0740741 
0 0.414323 0.687037 0.0338542 0.0611111 
0 0.254818 0.0296296 0.0351562 0.0592593 
0 0.103385 0.712269 0.0359375 0.0523148 
0 0.15599 0.453472 0.034375 0.0921296 
0 0.0842448 0.806944 0.0440104 0.0657407 
0 0.258333 0.882407 0.0302083 0.0842593 
0 0.175521 0.376157 0.0296875 0.0439815 
0 0.215104 0.885417 0.040625 0.0736111 
0 0.390885 0.606019 0.06875 0.0425926 
0 0.879427 0.307639 0.0510417 0.0800926 
0 0.0522135 0.599074 0.0476562 0.0490741 
0 0.57513 0.450926 0.0351562 0.05 
