0 0.726953 0.741667 0.0320312 0.107407 
0 0.615234 0.85 0.0424479 0.0592593 
0 0.851562 0.568056 0.0645833 0.111111 
0 0.629427 0.488194 0.0572917 0.0773148 
0 0.695312 0.378241 0.0588542 0.0712963 
0 0.369922 0.605093 0.0502604 0.109259 
0 0.83099 0.303009 0.0651042 0.103241 
0 0.775911 0.933102 0.0335938 0.0736111 
0 0.897917 0.819444 0.0463542 0.124074 
0 0.626953 0.385648 0.0585938 0.0666667 
0 0.975521 0.438194 0.0489583 0.0587963 
0 0.599089 0.740509 0.0450521 0.0930556 
0 0.54987 0.721528 0.0325521 0.1125 
0 0.946224 0.545139 0.0356771 0.0606481 
0 0.396745 0.726157 0.0377604 0.0958333 
0 0.651953 0.855093 0.0445312 0.0888889 
0 0.429167 0.505556 0.0328125 0.0740741 
0 0.73099 0.456481 0.0583333 0.0648148 
0 0.501953 0.36875 0.0309896 0.0819444 
0 0.223177 0.758333 0.0427083 0.0935185 
0 0.501953 0.687963 0.0466146 0.0592593 
0 0.411328 0.853241 0.0669271 0.0768519 
0 0.301302 0.61713 0.0416667 0.0796296 
0 0.253385 0.806019 0.0348958 0.075 
0 0.590365 0.547685 0.0354167 0.103704 
0 0.136719 0.953009 0.0302083 0.0875 
0 0.689453 0.763426 0.0419271 0.0537037 
0 0.132812 0.54375 0.0473958 0.0689815 
0 0.352344 0.828241 0.0416667 0.0990741 
0 0.164062 0.740509 0.034375 0.108796 
0 0.105469 0.463889 0.0447917 0.0675926 
0 0.954557 0.211806 0.0309896 0.0486111 
0 0.119531 0.859491 0.0515625 0.0708333 
0 0.946224 0.714352 0.0377604 0.0972222 
0 0.789974 0.877315 0.0330729 0.0953704 
0 0.0321615 0.876389 0.0341146 0.100926 
0 0.651953 0.603472 0.0382813 0.0393519 
0 0.509766 0.451389 0.0294271 0.106481 
