0 0.676302 0.602778 0.090625 0.143519 
0 0.382812 0.102315 0.0494792 0.14537 
0 0.652344 0.51713 0.0369792 0.140741 
0 0.38112 0.930556 0.0648438 0.121296 
0 0.383724 0.514352 0.0710938 0.130556 
0 0.529297 0.300694 0.0429688 0.0782407 
0 0.669922 0.419676 0.0585938 0.125463 
0 0.418359 0.630093 0.0356771 0.0546296 
0 0.225781 0.32037 0.0557292 0.0907407 
0 0.20625 0.756944 0.0744792 0.0990741 
0 0.303776 0.951389 0.0893229 0.0972222 
0 0.485677 0.483102 0.117708 0.0736111 
0 0.378646 0.193056 0.0578125 0.0638889 
0 0.532812 0.740278 0.0364583 0.213889 
0 0.389583 0.600694 0.040625 0.0865741 
0 0.326172 0.679167 0.0377604 0.128704 
0 0.358854 0.467824 0.0333333 0.0671296 
0 0.691016 0.107639 0.0367187 0.0717593 
0 0.0554687 0.967824 0.0395833 0.0643518 
0 0.701172 0.857639 0.0289063 0.0439815 
0 0.238151 0.653241 0.0429688 0.130556 
0 0.438802 0.341204 0.0505208 0.0490741 
0 0.54401 0.0981481 0.0901042 0.187037 
0 0.515104 0.928935 0.0265625 0.0597222 
0 0.130599 0.709028 0.0481771 0.0800926 
0 0.16849 0.312269 0.0677083 0.0541667 
0 0.26849 0.547222 0.0541667 0.0777778 
0 0.126432 0.449306 0.0367187 0.0856481 
0 0.277083 0.612731 0.0375 0.0467593 
0 0.294271 0.831944 0.0536458 0.137963 
0 0.0308594 0.92963 0.0429688 0.0648148 
0 0.733464 0.176852 0.0351562 0.0518519 
0 0.0596354 0.774769 0.0286458 0.0578704 
0 0.403776 0.787731 0.0299479 0.0523148 
0 0.254948 0.869213 0.0369792 0.0578704 
0 0.0994792 0.53287 0.0333333 0.0740741 
0 0.326432 0.344444 0.0377604 0.117593 
0 0.29349 0.276157 0.0520833 0.0560185 
0 0.345443 0.85463 0.0481771 0.0638889 
0 0.438802 0.980787 0.0567708 0.0384259 
0 0.232422 0.847685 0.0341146 0.0787037 
0 0.0402344 0.600231 0.0497396 0.0680556 
0 0.495052 0.743519 0.0473958 0.134259 
0 0.45013 0.43588 0.0898438 0.0597222 
0 0.300781 0.45625 0.0416667 0.168981 
0 0.399349 0.70463 0.0414063 0.0444444 
0 0.114844 0.215509 0.0645833 0.120833 
0 0.136458 0.85625 0.0416667 0.050463 
0 0.450651 0.711343 0.0341146 0.131019 
