0 0.498047 0.882407 0.0341146 0.0574074 
0 0.464063 0.941898 0.05 0.0513889 
0 0.583594 0.767824 0.046875 0.0699074 
0 0.70013 0.0715278 0.0450521 0.118981 
0 0.626953 0.374537 0.0429688 0.0416667 
0 0.426042 0.246528 0.0567708 0.0662037 
0 0.369141 0.574769 0.0393229 0.0430556 
0 0.783724 0.852083 0.0830729 0.0671296 
0 0.57474 0.877315 0.0635417 0.0675926 
0 0.132812 0.556019 0.0338542 0.0555556 
0 0.0557292 0.246528 0.046875 0.0513889 
0 0.776953 0.651389 0.0372396 0.0824074 
0 0.70612 0.268519 0.0585938 0.0351852 
0 0.607031 0.0435185 0.0427083 0.0805556 
0 0.247135 0.458102 0.0416667 0.0393519 
0 0.338932 0.69537 0.0346354 0.0472222 
0 0.963802 0.588194 0.0505208 0.0615741 
0 0.604427 0.518981 0.0380208 0.108333 
0 0.43776 0.563889 0.0364583 0.0648148 
0 0.438021 0.684954 0.03125 0.0356481 
0 0.241406 0.78912 0.034375 0.0569444 
0 0.703125 0.688194 0.0682292 0.0652778 
0 0.0928385 0.0958333 0.0403646 0.0407407 
0 0.565885 0.649769 0.0369792 0.0800926 
0 0.36875 0.248611 0.0307292 0.0546296 
0 0.39987 0.0261574 0.0434896 0.0449074 
0 0.500391 0.619444 0.0299479 0.0518519 
0 0.727474 0.512269 0.0403646 0.0671296 
0 0.564062 0.488426 0.0578125 0.0694444 
0 0.270312 0.565046 0.0328125 0.074537 
0 0.852474 0.242361 0.0278646 0.049537 
0 0.357682 0.801157 0.0528646 0.0634259 
0 0.676823 0.878472 0.0645833 0.113426 
0 0.364453 0.130093 0.0263021 0.0444444 
0 0.527344 0.0386574 0.0276042 0.0773148 
0 0.158984 0.59375 0.0403646 0.0458333 
0 0.586979 0.706944 0.0255208 0.0888889 
0 0.178385 0.186806 0.0255208 0.0643518 
0 0.690885 0.520833 0.0255208 0.0527778 
0 0.0352865 0.645602 0.0315104 0.0532407 
0 0.129688 0.461343 0.0494792 0.0458333 
0 0.171354 0.815972 0.0473958 0.0634259 
0 0.541016 0.262269 0.0304688 0.0476852 
0 0.439714 0.0412037 0.0304688 0.0824074 
0 0.589844 0.594676 0.0333333 0.0597222 
0 0.660547 0.633565 0.0533854 0.0800926 
0 0.305208 0.69838 0.0484375 0.049537 
0 0.0665365 0.355556 0.0414063 0.0564815 
0 0.130599 0.313194 0.0315104 0.0847222 
0 0.495573 0.0328704 0.0421875 0.0546296 
0 0.323177 0.0243056 0.0239583 0.0467593 
0 0.211458 0.165509 0.0411458 0.0643518 
0 0.117969 0.973148 0.0322917 0.05 
0 0.124479 0.40787 0.0348958 0.0444444 
0 0.296224 0.790741 0.0346354 0.0574074 
0 0.155078 0.427083 0.0289063 0.0467593 
0 0.36224 0.321065 0.0302083 0.0569444 
0 0.204167 0.0673611 0.0317708 0.0736111 
0 0.333464 0.50787 0.0263021 0.0787037 
0 0.116016 0.0435185 0.0502604 0.062963 
0 0.604557 0.107639 0.0414063 0.0597222 
0 0.411328 0.447917 0.0414063 0.103241 
0 0.614193 0.924537 0.0341146 0.0648148 
0 0.734766 0.366898 0.0440104 0.0902778 
0 0.0561198 0.0872685 0.0335938 0.049537 
0 0.394271 0.662731 0.0354167 0.049537 
