0 0.431641 0.225 0.0351562 0.0777778 
0 0.70599 0.162963 0.0822917 0.0518519 
0 0.95651 0.087037 0.0447917 0.105556 
0 0.301562 0.23125 0.0317708 0.0791667 
0 0.520443 0.140741 0.0252604 0.0685185 
0 0.966276 0.356481 0.0356771 0.0583333 
0 0.784635 0.326157 0.0421875 0.0986111 
0 0.870703 0.0238426 0.0424479 0.0476852 
0 0.332812 0.432639 0.0317708 0.0708333 
0 0.882812 0.176852 0.0390625 0.0953704 
0 0.472396 0.12338 0.0296875 0.101389 
0 0.583464 0.125694 0.0289063 0.0680556 
0 0.416276 0.0872685 0.0221354 0.0791667 
0 0.911068 0.0247685 0.0570313 0.049537 
0 0.260026 0.690972 0.0388021 0.0736111 
0 0.233594 0.0643518 0.0359375 0.0648148 
0 0.679688 0.334722 0.0369792 0.0694444 
0 0.547396 0.0398148 0.0348958 0.0712963 
0 0.411328 0.144444 0.0497396 0.0981481 
0 0.18737 0.430093 0.0268229 0.0907407 
0 0.446354 0.0581019 0.0385417 0.109722 
0 0.596094 0.478241 0.0338542 0.0601852 
0 0.917969 0.240741 0.0302083 0.0527778 
0 0.828646 0.11875 0.0432292 0.050463 
0 0.832422 0.221759 0.0320312 0.0583333 
0 0.97513 0.843287 0.0434896 0.0791667 
0 0.977995 0.725694 0.0429688 0.0587963 
0 0.664974 0.0560185 0.0486979 0.0907407 
0 0.49388 0.350231 0.0315104 0.0606481 
0 0.530729 0.624074 0.0354167 0.0796296 
0 0.630859 0.340509 0.0382813 0.0986111 
