0 0.840885 0.117593 0.0505208 0.146296 
0 0.682161 0.231944 0.0580729 0.108333 
0 0.622005 0.441435 0.0736979 0.105093 
0 0.557682 0.271065 0.0575521 0.116204 
0 0.431641 0.850694 0.0893229 0.0615741 
0 0.526823 0.342824 0.0703125 0.0671296 
0 0.200781 0.465278 0.0427083 0.075 
0 0.652344 0.287731 0.0411458 0.188426 
0 0.602083 0.900231 0.0911458 0.0893519 
0 0.0710938 0.0243056 0.0328125 0.0486111 
0 0.547396 0.617593 0.0291667 0.0805556 
0 0.960417 0.111111 0.0354167 0.0546296 
0 0.613281 0.274537 0.0390625 0.101852 
0 0.453776 0.815509 0.0330729 0.0458333 
0 0.467187 0.594213 0.0416667 0.0837963 
0 0.270052 0.529398 0.0630208 0.0680556 
0 0.370182 0.538194 0.0471354 0.0717593 
0 0.570312 0.543056 0.0395833 0.0694444 
0 0.916406 0.378935 0.0578125 0.0893519 
0 0.663151 0.842824 0.0502604 0.0625 
0 0.425521 0.0837963 0.0630208 0.0555556 
0 0.362109 0.302315 0.0315104 0.0518519 
0 0.160286 0.827315 0.0221354 0.0898148 
0 0.684505 0.454861 0.0351562 0.0458333 
0 0.504427 0.844444 0.059375 0.0694444 
0 0.453125 0.694907 0.0432292 0.0805556 
0 0.0358073 0.618056 0.0434896 0.0555556 
0 0.269531 0.645833 0.0557292 0.0537037 
0 0.28151 0.236343 0.0369792 0.106019 
0 0.392318 0.200231 0.0294271 0.149537 
0 0.0195312 0.182407 0.0364583 0.0851852 
0 0.075 0.474537 0.0520833 0.0592593 
0 0.703516 0.32963 0.0414063 0.10463 
0 0.555599 0.757407 0.0419271 0.0944444 
0 0.710417 0.308333 0.0395833 0.0962963 
0 0.548437 0.131019 0.0489583 0.131481 
0 0.056901 0.86713 0.0403646 0.0851852 
0 0.805208 0.0696759 0.0458333 0.0393519 
0 0.959896 0.897454 0.0458333 0.0791667 
0 0.227474 0.578704 0.0539063 0.0833333 
0 0.43724 0.562732 0.0270833 0.0763889 
0 0.0901042 0.340972 0.0375 0.0458333 
0 0.73776 0.854167 0.0333333 0.109259 
0 0.196745 0.134954 0.0643229 0.0708333 
0 0.36888 0.18287 0.0351562 0.075 
0 0.65625 0.649306 0.0369792 0.0569444 
0 0.0539063 0.698611 0.0708333 0.0481481 
0 0.0246094 0.571065 0.0492188 0.0606481 
0 0.21237 0.221991 0.0554687 0.0402778 
0 0.410156 0.42963 0.0359375 0.0805556 
