0 0.20026 0.826852 0.0609375 0.0953704 
0 0.363281 0.739815 0.0567708 0.0925926 
0 0.848698 0.587731 0.0734375 0.0662037 
0 0.15651 0.758333 0.0536458 0.166667 
0 0.291667 0.0497685 0.0807292 0.0893519 
0 0.911198 0.949074 0.0703125 0.101852 
0 0.33099 0.926157 0.0791667 0.114352 
0 0.412891 0.60162 0.0434896 0.0856481 
0 0.752995 0.620602 0.0752604 0.0689815 
0 0.82474 0.727546 0.0453125 0.111574 
0 0.853516 0.85463 0.0606771 0.0833333 
0 0.279036 0.302315 0.0783854 0.164815 
0 0.851042 0.434722 0.0552083 0.0759259 
0 0.0717448 0.699306 0.0471354 0.156944 
0 0.966797 0.826389 0.0643229 0.0759259 
0 0.814453 0.877546 0.0361979 0.0773148 
0 0.455078 0.543287 0.0377604 0.0967593 
0 0.0592448 0.923611 0.0455729 0.0916667 
0 0.969271 0.536111 0.0520833 0.0666667 
0 0.170182 0.353241 0.0440104 0.087037 
0 0.534115 0.673611 0.0276042 0.127778 
0 0.276042 0.947917 0.0463542 0.0949074 
0 0.445573 0.859491 0.0427083 0.0921296 
0 0.472135 0.813426 0.0453125 0.062963 
0 0.64362 0.901852 0.0414063 0.123148 
0 0.879427 0.502778 0.0703125 0.0759259 
0 0.717318 0.754861 0.0502604 0.0615741 
