0 0.775911 0.140972 0.0466146 0.164352 
0 0.136198 0.568519 0.0546875 0.0953704 
0 0.403776 0.246296 0.0388021 0.114815 
0 0.164453 0.780787 0.0914062 0.0689815 
0 0.561979 0.484954 0.101042 0.121759 
0 0.417448 0.149769 0.0697917 0.0662037 
0 0.466276 0.101389 0.0351562 0.0888889 
0 0.860417 0.568056 0.104687 0.0759259 
0 0.717708 0.844213 0.065625 0.131944 
0 0.559505 0.831481 0.0674479 0.103704 
0 0.478906 0.761574 0.05625 0.0944444 
0 0.88776 0.365278 0.0598958 0.127778 
0 0.555078 0.968287 0.0419271 0.0634259 
0 0.629427 0.700926 0.0765625 0.0648148 
0 0.728516 0.574306 0.0497396 0.0921296 
0 0.483203 0.210417 0.0440104 0.0652778 
0 0.794922 0.811111 0.0914062 0.151852 
0 0.221224 0.868981 0.0283854 0.0898148 
0 0.47487 0.875 0.0382813 0.112037 
0 0.466016 0.472685 0.0794271 0.0768519 
0 0.629427 0.35625 0.0958333 0.114352 
0 0.426693 0.672222 0.0830729 0.0796296 
0 0.277734 0.75162 0.0513021 0.0865741 
0 0.853516 0.892361 0.0497396 0.0902778 
0 0.180339 0.909028 0.0502604 0.150463 
0 0.171875 0.724769 0.0614583 0.0671296 
0 0.598698 0.653241 0.0541667 0.0546296 
