0 0.47513 0.160417 0.0710938 0.15787 
0 0.71237 0.42963 0.0486979 0.167593 
0 0.588281 0.146759 0.0505208 0.22037 
0 0.408854 0.157407 0.0625 0.0731481 
0 0.272526 0.0798611 0.0924479 0.0708333 
0 0.529167 0.374769 0.046875 0.153241 
0 0.459635 0.0821759 0.0375 0.0523148 
0 0.198828 0.654861 0.0382813 0.110648 
0 0.677214 0.307176 0.0393229 0.0708333 
0 0.729557 0.647917 0.0617188 0.0912037 
0 0.973698 0.576389 0.0463542 0.0842593 
0 0.388411 0.41875 0.0429688 0.115278 
0 0.66901 0.373148 0.0546875 0.0731481 
0 0.208464 0.177083 0.0372396 0.104167 
0 0.542969 0.0847222 0.075 0.0601852 
0 0.951563 0.131481 0.0385417 0.0685185 
0 0.182031 0.329398 0.0395833 0.127315 
0 0.954167 0.294907 0.078125 0.0888889 
0 0.274609 0.535185 0.0502604 0.0685185 
0 0.29349 0.834722 0.0354167 0.115741 
0 0.856901 0.225463 0.0867188 0.0916667 
0 0.788151 0.163194 0.0315104 0.158796 
0 0.797786 0.727546 0.0315104 0.1125 
0 0.148047 0.821528 0.0648438 0.0819444 
0 0.785156 0.923611 0.0354167 0.0990741 
0 0.621484 0.420602 0.0408854 0.103241 
0 0.836458 0.674074 0.0265625 0.0944444 
0 0.547786 0.323611 0.0799479 0.0685185 
0 0.238411 0.961806 0.0471354 0.0717593 
0 0.344271 0.409028 0.0505208 0.0625 
0 0.405469 0.73125 0.0307292 0.0523148 
0 0.391146 0.2875 0.05625 0.0657407 
0 0.413802 0.653241 0.0317708 0.0462963 
0 0.85651 0.628704 0.0583333 0.0583333 
0 0.976042 0.407176 0.0453125 0.113426 
0 0.343099 0.0706019 0.0398437 0.0671296 
0 0.452083 0.677778 0.0458333 0.0685185 
0 0.95599 0.964583 0.0369792 0.0662037 
0 0.785156 0.446296 0.0421875 0.0814815 
0 0.607422 0.713426 0.0304688 0.062037 
0 0.753906 0.188426 0.0385417 0.0759259 
0 0.820312 0.952315 0.0359375 0.0925926 
0 0.499089 0.432639 0.0320312 0.0736111 
0 0.258073 0.659722 0.0359375 0.0944444 
0 0.263672 0.763889 0.0273438 0.0703704 
0 0.12474 0.337963 0.0765625 0.157407 
0 0.619661 0.231944 0.0606771 0.0509259 
0 0.0479167 0.403704 0.0354167 0.05 
0 0.512109 0.215972 0.0341146 0.130093 
0 0.290755 0.0263889 0.0257812 0.0527778 
0 0.0526042 0.456481 0.0625 0.0425926 
0 0.0657552 0.894907 0.0460938 0.0787037 
0 0.243229 0.816435 0.0307292 0.0523148 
0 0.228125 0.630556 0.0369792 0.0675926 
0 0.608854 0.823611 0.0317708 0.0685185 
0 0.0351562 0.295139 0.0635417 0.0689815 
0 0.448958 0.383565 0.0333333 0.0615741 
