0 0.688021 0.0435185 0.0666667 0.0805556 
0 0.734375 0.372685 0.0411458 0.116667 
0 0.75625 0.0405093 0.0770833 0.0810185 
0 0.155339 0.34213 0.0528646 0.121296 
0 0.531771 0.653704 0.0583333 0.0953704 
0 0.515104 0.247222 0.0453125 0.157407 
0 0.763281 0.575694 0.0822917 0.0856481 
0 0.858854 0.444907 0.0375 0.160185 
0 0.345182 0.6875 0.0606771 0.0759259 
0 0.218099 0.311111 0.0356771 0.0638889 
0 0.365495 0.912269 0.0690104 0.103241 
0 0.209375 0.573611 0.102604 0.0787037 
0 0.8125 0.0722222 0.0479167 0.127778 
0 0.189453 0.756944 0.0955729 0.087963 
0 0.299089 0.93588 0.0408854 0.099537 
0 0.971745 0.855556 0.0502604 0.0907407 
0 0.936589 0.524306 0.0888021 0.152315 
0 0.630469 0.652778 0.090625 0.0768519 
0 0.511719 0.926157 0.0572917 0.115278 
0 0.863281 0.716435 0.0598958 0.0856481 
0 0.931641 0.22037 0.0523437 0.137037 
0 0.755339 0.291667 0.0794271 0.0759259 
0 0.823177 0.658102 0.0354167 0.128241 
0 0.808594 0.348611 0.0333333 0.0703704 
0 0.402344 0.440278 0.0911458 0.122222 
0 0.873047 0.225463 0.0585938 0.0509259 
0 0.894531 0.768981 0.0713542 0.138889 
0 0.568359 0.90625 0.0726563 0.1375 
0 0.814844 0.745139 0.071875 0.11713 
0 0.978125 0.151389 0.04375 0.062037 
0 0.0298177 0.812963 0.0544271 0.1 
0 0.490755 0.788657 0.0388021 0.0791667 
0 0.43125 0.64537 0.0703125 0.0898148 
0 0.295573 0.836806 0.0604167 0.0791667 
0 0.447526 0.771296 0.0825521 0.062037 
0 0.0541667 0.92963 0.0286458 0.0833333 
0 0.514583 0.356713 0.053125 0.101389 
0 0.816927 0.29537 0.0604167 0.0611111 
0 0.678255 0.955787 0.0591146 0.0856481 
0 0.145703 0.255093 0.0544271 0.0666667 
