0 0.893099 0.346528 0.0565104 0.125463 
0 0.289062 0.513889 0.053125 0.0824074 
0 0.451432 0.598843 0.0580729 0.0976852 
0 0.516536 0.452546 0.0408854 0.103241 
0 0.422135 0.450463 0.065625 0.0981481 
0 0.38737 0.556019 0.0455729 0.0953704 
0 0.346484 0.463426 0.0638021 0.0592593 
0 0.865234 0.188889 0.0570313 0.122222 
0 0.681641 0.0958333 0.0434896 0.0509259 
0 0.18151 0.458333 0.0734375 0.0925926 
0 0.946745 0.528472 0.0513021 0.0976852 
0 0.38112 0.68912 0.0424479 0.0791667 
0 0.532682 0.342593 0.0289063 0.0861111 
0 0.515104 0.559954 0.0411458 0.0680556 
0 0.713411 0.622454 0.0466146 0.0875 
0 0.93125 0.450926 0.078125 0.0537037 
0 0.833984 0.739583 0.0388021 0.0865741 
0 0.386198 0.358102 0.0567708 0.0523148 
0 0.649479 0.36088 0.0463542 0.0865741 
0 0.0404948 0.18287 0.0460938 0.0861111 
0 0.880859 0.884491 0.0424479 0.0837963 
0 0.0904948 0.548611 0.0544271 0.0666667 
0 0.961458 0.793056 0.0416667 0.102778 
0 0.415755 0.940046 0.0528646 0.0625 
0 0.0502604 0.614352 0.0369792 0.106481 
0 0.334896 0.381944 0.0390625 0.0962963 
0 0.852474 0.683333 0.0497396 0.0583333 
0 0.821745 0.560185 0.0528646 0.101852 
