0 0.24362 0.189352 0.0877604 0.132407 
0 0.317839 0.178935 0.0476562 0.1375 
0 0.95026 0.234028 0.0713542 0.163426 
0 0.875521 0.0421296 0.0645833 0.0777778 
0 0.114714 0.0395833 0.0476562 0.0773148 
0 0.583984 0.390509 0.0445312 0.135648 
0 0.939062 0.771528 0.0385417 0.110648 
0 0.466146 0.264352 0.034375 0.17963 
0 0.277083 0.798611 0.0359375 0.101852 
0 0.027474 0.686111 0.0388021 0.0675926 
0 0.0221354 0.551157 0.0442708 0.0569444 
0 0.659635 0.218981 0.046875 0.0574074 
0 0.525391 0.37662 0.0950521 0.074537 
0 0.257943 0.27338 0.10026 0.0921296 
0 0.344531 0.65162 0.0328125 0.14213 
0 0.679688 0.684491 0.0401042 0.0958333 
0 0.678776 0.551389 0.0450521 0.0916667 
0 0.0339844 0.364815 0.0638021 0.119444 
0 0.158203 0.264583 0.0679687 0.0782407 
0 0.811589 0.684028 0.0544271 0.109722 
0 0.0285156 0.621528 0.0539063 0.0708333 
0 0.59375 0.268056 0.0442708 0.0888889 
0 0.0894531 0.638657 0.0539063 0.0680556 
0 0.597656 0.478472 0.0515625 0.0837963 
0 0.641146 0.0793981 0.0302083 0.0717593 
0 0.192578 0.373611 0.0398437 0.138889 
0 0.116536 0.568056 0.0429688 0.0851852 
0 0.834375 0.597454 0.0380208 0.106944 
0 0.722656 0.627083 0.0395833 0.111574 
0 0.871615 0.14838 0.0234375 0.0569444 
0 0.776302 0.931481 0.0395833 0.0583333 
0 0.630859 0.0199074 0.0783854 0.037037 
0 0.883333 0.774769 0.03125 0.0699074 
0 0.568359 0.622917 0.0580729 0.0865741 
0 0.911198 0.528704 0.0359375 0.107407 
0 0.201953 0.560648 0.0372396 0.0916667 
0 0.657161 0.131019 0.0643229 0.0592593 
0 0.24388 0.525463 0.0372396 0.100926 
0 0.541536 0.266667 0.0486979 0.087037 
0 0.732943 0.84213 0.0403646 0.0685185 
0 0.572266 0.12662 0.0294271 0.075463 
0 0.120964 0.308102 0.0414063 0.166204 
0 0.279297 0.584259 0.0549479 0.126852 
0 0.623958 0.952315 0.03125 0.0935185 
0 0.122526 0.790046 0.0263021 0.0634259 
0 0.751953 0.673611 0.0351562 0.106481 
0 0.833984 0.813194 0.0299479 0.106944 
0 0.064974 0.848843 0.0419271 0.0902778 
0 0.0402344 0.145602 0.0455729 0.0476852 
0 0.180339 0.484954 0.0377604 0.114352 
0 0.501953 0.536574 0.0518229 0.0546296 
0 0.756771 0.580556 0.0239583 0.1 
0 0.616276 0.715741 0.0533854 0.0666667 
0 0.962891 0.0928241 0.0382813 0.0939815 
0 0.23125 0.948843 0.0411458 0.0569444 
0 0.469661 0.487963 0.0299479 0.0962963 
0 0.270964 0.429167 0.0440104 0.125 
0 0.33763 0.373843 0.0486979 0.0523148 
0 0.437891 0.809028 0.0554687 0.0717593 
0 0.421875 0.527778 0.0494792 0.0787037 
0 0.883333 0.982407 0.0510417 0.0351852 
0 0.841276 0.976389 0.0330729 0.0462963 
0 0.776823 0.81875 0.0302083 0.0875 
0 0.111068 0.897454 0.0408854 0.0782407 
0 0.196745 0.881481 0.0476562 0.123148 
