0 0.45625 0.341435 0.0510417 0.122685 
0 0.190495 0.534028 0.0492188 0.0884259 
0 0.688542 0.598611 0.0364583 0.0777778 
0 0.966797 0.770833 0.0601562 0.0777778 
0 0.60013 0.297454 0.0440104 0.0699074 
0 0.889193 0.50787 0.0419271 0.106481 
0 0.510677 0.310648 0.0421875 0.0731481 
0 0.702083 0.732176 0.0348958 0.0810185 
0 0.401042 0.382407 0.0489583 0.10463 
0 0.970703 0.258565 0.0398437 0.0717593 
0 0.971615 0.102315 0.0567708 0.0574074 
0 0.553255 0.627546 0.0408854 0.0893519 
0 0.301823 0.589815 0.0380208 0.0787037 
0 0.413542 0.683102 0.0307292 0.0949074 
0 0.0546875 0.361111 0.0317708 0.0481481 
0 0.466797 0.939352 0.0450521 0.0592593 
0 0.789062 0.753935 0.0421875 0.0763889 
0 0.578125 0.571991 0.0338542 0.099537 
0 0.498568 0.470833 0.0471354 0.062963 
0 0.598177 0.431481 0.0302083 0.0787037 
0 0.683073 0.2375 0.0385417 0.0564815 
0 0.8125 0.638889 0.040625 0.0546296 
0 0.823307 0.208796 0.0539063 0.0787037 
0 0.0660156 0.717824 0.0356771 0.0634259 
0 0.423438 0.936574 0.0463542 0.0694444 
0 0.0226563 0.719213 0.0328125 0.0976852 
0 0.0735677 0.980324 0.0596354 0.0393519 
0 0.349609 0.601157 0.0252604 0.0865741 
