0 0.631901 0.809722 0.0528646 0.111111 
0 0.803255 0.33588 0.0747396 0.108796 
0 0.592318 0.289815 0.0382813 0.105556 
0 0.4875 0.162037 0.0520833 0.139815 
0 0.563932 0.143056 0.0565104 0.135185 
0 0.150521 0.257639 0.0354167 0.119907 
0 0.960417 0.164352 0.0619792 0.149074 
0 0.428516 0.0523148 0.0783854 0.103704 
0 0.412109 0.291898 0.0414063 0.101389 
0 0.786198 0.822917 0.04375 0.141204 
0 0.963932 0.440046 0.0585938 0.0949074 
0 0.666016 0.56412 0.0679687 0.0773148 
0 0.613281 0.627546 0.0557292 0.0569444 
0 0.860807 0.154167 0.0622396 0.0638889 
0 0.385807 0.606713 0.0268229 0.118056 
0 0.0375 0.311806 0.0369792 0.0967593 
0 0.108464 0.222917 0.0486979 0.0828704 
0 0.89987 0.90463 0.0851562 0.0777778 
0 0.828125 0.781018 0.0411458 0.103704 
0 0.744661 0.468287 0.0341146 0.0634259 
0 0.981901 0.727546 0.0325521 0.0875 
0 0.395703 0.0868056 0.0575521 0.125463 
0 0.444401 0.641435 0.0403646 0.119907 
0 0.0923177 0.409491 0.0403646 0.0671296 
0 0.399349 0.512269 0.0466146 0.075463 
0 0.492448 0.571991 0.0463542 0.106019 
0 0.448828 0.923611 0.0632813 0.075 
0 0.861328 0.578704 0.0440104 0.087037 
0 0.40625 0.182407 0.0609375 0.087963 
0 0.529297 0.685648 0.0403646 0.062037 
0 0.60599 0.502315 0.0505208 0.0768519 
0 0.313542 0.270602 0.0479167 0.0652778 
0 0.166276 0.150926 0.0575521 0.0425926 
0 0.825781 0.26412 0.0614583 0.0652778 
0 0.517578 0.849537 0.0518229 0.0768519 
0 0.878906 0.680787 0.0625 0.0625 
0 0.302734 0.600694 0.0393229 0.0847222 
0 0.497135 0.750926 0.0479167 0.0648148 
0 0.79974 0.116204 0.0427083 0.0657407 
0 0.723698 0.0293981 0.0463542 0.0541667 
0 0.284375 0.37662 0.065625 0.0486111 
0 0.144792 0.638889 0.0302083 0.0925926 
0 0.177083 0.876389 0.0333333 0.0740741 
0 0.688021 0.684028 0.0473958 0.0652778 
0 0.213932 0.249306 0.0341146 0.0958333 
0 0.0861979 0.6875 0.0354167 0.124074 
0 0.716276 0.394444 0.0502604 0.0546296 
0 0.663021 0.0902778 0.0375 0.0518519 
0 0.780339 0.0476852 0.0341146 0.0888889 
0 0.973177 0.979861 0.046875 0.0402778 
