0 0.228516 0.069213 0.0398437 0.128241 
0 0.594271 0.318056 0.0895833 0.110185 
0 0.575651 0.231713 0.0414063 0.116204 
0 0.346224 0.467593 0.0434896 0.125 
0 0.910547 0.637037 0.0752604 0.107407 
0 0.0714844 0.381944 0.0627604 0.0944444 
0 0.418229 0.310648 0.0416667 0.169444 
0 0.811068 0.140972 0.0445312 0.0791667 
0 0.879427 0.0974537 0.0635417 0.0782407 
0 0.489453 0.0625 0.0580729 0.109259 
0 0.958073 0.350463 0.0609375 0.0805556 
0 0.745703 0.718287 0.0367187 0.139352 
0 0.983333 0.0951389 0.0286458 0.186574 
0 0.450651 0.421759 0.0424479 0.102778 
0 0.780208 0.228704 0.0354167 0.134259 
0 0.726172 0.493519 0.0585938 0.087037 
0 0.427474 0.953241 0.0388021 0.0925926 
0 0.363021 0.930556 0.0463542 0.132407 
0 0.0147135 0.959722 0.0294271 0.0805556 
0 0.499219 0.27037 0.0630208 0.0722222 
0 0.613802 0.853704 0.078125 0.0972222 
0 0.913542 0.841435 0.065625 0.0939815 
0 0.0635417 0.531944 0.071875 0.12963 
0 0.76263 0.143056 0.0372396 0.105556 
0 0.130078 0.83588 0.0341146 0.0856481 
0 0.770964 0.805093 0.0898438 0.0509259 
0 0.113932 0.518981 0.0481771 0.0712963 
0 0.039974 0.740509 0.0414063 0.118981 
0 0.566927 0.471528 0.0604167 0.0615741 
0 0.480078 0.941667 0.0382813 0.106481 
0 0.691797 0.844444 0.0700521 0.087037 
0 0.95026 0.526852 0.040625 0.0611111 
0 0.404297 0.809028 0.0585938 0.11713 
0 0.446875 0.623611 0.0630208 0.101852 
0 0.733464 0.291898 0.0486979 0.0671296 
0 0.441146 0.199769 0.0411458 0.0662037 
0 0.431641 0.736574 0.0351562 0.0824074 
0 0.359635 0.361111 0.084375 0.109259 
0 0.616797 0.967824 0.0440104 0.0625 
0 0.70599 0.954861 0.0708333 0.075463 
0 0.103906 0.270139 0.0401042 0.0615741 
0 0.162109 0.655324 0.0565104 0.0625 
0 0.105078 0.912269 0.0513021 0.124537 
0 0.639193 0.174074 0.0544271 0.115741 
0 0.66888 0.279167 0.0377604 0.122222 
