0 0.590885 0.236111 0.0333333 0.113889 
0 0.966797 0.146759 0.0330729 0.0888889 
0 0.589844 0.371065 0.04375 0.0949074 
0 0.328255 0.626389 0.0309896 0.0824074 
0 0.6625 0.33588 0.0546875 0.0763889 
0 0.617708 0.443981 0.0286458 0.127778 
0 0.788151 0.399306 0.0398437 0.128241 
0 0.930729 0.512963 0.0536458 0.0722222 
0 0.35612 0.427778 0.0544271 0.0972222 
0 0.632812 0.616204 0.0541667 0.108333 
0 0.529297 0.301157 0.0804688 0.125463 
0 0.879297 0.346065 0.0434896 0.0699074 
0 0.515625 0.488657 0.0442708 0.119907 
0 0.722656 0.841667 0.0484375 0.062037 
0 0.434766 0.379398 0.0335938 0.105093 
0 0.0291667 0.571065 0.0364583 0.0884259 
0 0.101823 0.557176 0.046875 0.0782407 
0 0.816406 0.333102 0.040625 0.0643518 
0 0.455339 0.659954 0.0445312 0.075463 
0 0.505339 0.757639 0.0528646 0.0782407 
0 0.972135 0.276389 0.0541667 0.0657407 
0 0.424089 0.562037 0.0518229 0.109259 
0 0.78125 0.863194 0.0520833 0.0939815 
0 0.36862 0.702546 0.0627604 0.146759 
0 0.289062 0.537269 0.065625 0.0875 
0 0.168359 0.552083 0.0622396 0.0773148 
0 0.090625 0.475 0.05 0.102778 
0 0.296615 0.462037 0.0515625 0.0935185 
0 0.402083 0.422685 0.0489583 0.075 
0 0.353776 0.841667 0.0393229 0.0694444 
0 0.882292 0.927083 0.05 0.0550926 
0 0.130859 0.714815 0.0408854 0.0694444 
0 0.305339 0.702315 0.0502604 0.0592593 
0 0.622005 0.734491 0.0403646 0.118056 
0 0.965755 0.632407 0.0559896 0.0462963 
0 0.727995 0.532639 0.0580729 0.0949074 
0 0.777734 0.647222 0.0419271 0.0916667 
0 0.253906 0.640741 0.0364583 0.0925926 
0 0.482422 0.394444 0.0346354 0.062037 
0 0.165234 0.810648 0.0455729 0.0555556 
0 0.54388 0.269907 0.0330729 0.0851852 
0 0.349349 0.494444 0.0388021 0.0888889 
