0 0.435807 0.0648148 0.0377604 0.128704 
0 0.23737 0.0912037 0.0419271 0.123148 
0 0.778385 0.357407 0.0333333 0.087037 
0 0.93112 0.0837963 0.0450521 0.0962963 
0 0.640625 0.191204 0.04375 0.0953704 
0 0.359766 0.231481 0.0424479 0.0648148 
0 0.0302083 0.82338 0.0296875 0.0523148 
0 0.672396 0.505324 0.0255208 0.0791667 
0 0.166276 0.123611 0.0486979 0.087037 
0 0.82513 0.509028 0.0466146 0.0949074 
0 0.811458 0.855556 0.03125 0.0712963 
0 0.979557 0.441898 0.0377604 0.0967593 
0 0.501042 0.684491 0.0458333 0.0717593 
0 0.853516 0.290046 0.0533854 0.0634259 
0 0.0178385 0.0657407 0.0320312 0.0972222 
0 0.123958 0.737269 0.0276042 0.0615741 
0 0.401432 0.515972 0.0361979 0.0828704 
0 0.16224 0.482176 0.0359375 0.102315 
0 0.900391 0.327546 0.0544271 0.0717593 
0 0.790495 0.292593 0.0585938 0.062037 
0 0.942839 0.288657 0.0309896 0.0486111 
0 0.489062 0.754861 0.0458333 0.0625 
0 0.890625 0.646759 0.0265625 0.0777778 
0 0.534635 0.459954 0.0427083 0.0513889 
0 0.266146 0.268056 0.0364583 0.0361111 
0 0.893099 0.366204 0.0445312 0.0666667 
0 0.0994792 0.207639 0.0463542 0.0587963 
0 0.835417 0.649074 0.0578125 0.0944444 
0 0.774349 0.523148 0.0466146 0.0787037 
0 0.558594 0.362269 0.0385417 0.0541667 
0 0.821354 0.749074 0.0322917 0.0842593 
0 0.294401 0.438194 0.0544271 0.0958333 
0 0.719661 0.393287 0.0518229 0.0810185 
0 0.682161 0.268981 0.0398437 0.0907407 
0 0.810156 0.946991 0.0322917 0.0726852 
0 0.075651 0.103472 0.0309896 0.128241 
0 0.480729 0.0719907 0.0520833 0.0986111 
0 0.648958 0.430093 0.05625 0.0601852 
0 0.182682 0.213426 0.0471354 0.0916667 
0 0.400391 0.916667 0.0382813 0.0805556 
0 0.166797 0.930556 0.0377604 0.0768519 
0 0.678255 0.201389 0.0299479 0.108333 
0 0.812891 0.125231 0.0294271 0.0458333 
0 0.370182 0.918519 0.0434896 0.0675926 
0 0.486849 0.423148 0.0429688 0.0611111 
0 0.785677 0.756944 0.0359375 0.0675926 
0 0.819401 0.2 0.0377604 0.101852 
0 0.708464 0.572685 0.0356771 0.0925926 
0 0.510286 0.966204 0.0346354 0.0611111 
0 0.103906 0.665509 0.0526042 0.0578704 
0 0.347656 0.509491 0.0458333 0.0560185 
0 0.942318 0.416435 0.0283854 0.049537 
0 0.245443 0.755093 0.0434896 0.087963 
0 0.751432 0.900231 0.0273438 0.0865741 
0 0.317448 0.956481 0.0359375 0.0814815 
0 0.403125 0.607176 0.0578125 0.0634259 
0 0.0911458 0.79213 0.0588542 0.0601852 
0 0.83112 0.361574 0.0341146 0.0435185 
0 0.166536 0.374769 0.0398437 0.0430556 
0 0.891536 0.797222 0.0398437 0.100926 
0 0.324479 0.320139 0.0427083 0.0625 
0 0.67474 0.813889 0.0338542 0.102778 
0 0.473177 0.224769 0.034375 0.151389 
