0 0.265104 0.0631944 0.0802083 0.113426 
0 0.246745 0.252546 0.0903646 0.154167 
0 0.517057 0.538889 0.0330729 0.062037 
0 0.166536 0.678935 0.0434896 0.108796 
0 0.865234 0.403241 0.0846354 0.0648148 
0 0.309115 0.280556 0.04375 0.0555556 
0 0.627474 0.0293981 0.100781 0.0587963 
0 0.633854 0.683102 0.04375 0.0893519 
0 0.866667 0.288426 0.0375 0.0814815 
0 0.397396 0.625463 0.053125 0.0898148 
0 0.0315104 0.396296 0.0572917 0.0972222 
0 0.475391 0.526389 0.0403646 0.0972222 
0 0.166797 0.357176 0.0471354 0.111574 
0 0.0876302 0.429167 0.0497396 0.0851852 
0 0.38112 0.427083 0.0585938 0.0699074 
0 0.302734 0.531482 0.0585938 0.0787037 
0 0.273307 0.30162 0.0377604 0.0819444 
