0 0.727995 0.297454 0.0643229 0.173611 
0 0.713411 0.688194 0.0565104 0.156944 
0 0.547917 0.683565 0.0739583 0.0643518 
0 0.488542 0.602315 0.0520833 0.119444 
0 0.435547 0.47963 0.0351562 0.0759259 
0 0.566406 0.555556 0.0463542 0.101852 
0 0.773438 0.56713 0.0723958 0.0564815 
0 0.672786 0.352546 0.0309896 0.0986111 
0 0.596745 0.313657 0.0351562 0.0680556 
0 0.650391 0.881019 0.0372396 0.0657407 
0 0.198177 0.202546 0.05 0.0810185 
0 0.55612 0.473148 0.0710938 0.0611111 
0 0.163542 0.484491 0.0447917 0.0597222 
0 0.363021 0.0976852 0.0401042 0.0592593 
0 0.336979 0.196065 0.0369792 0.0615741 
0 0.277734 0.837731 0.0726563 0.0643518 
0 0.101042 0.18287 0.059375 0.0574074 
0 0.710417 0.872917 0.04375 0.158796 
0 0.322526 0.450926 0.0356771 0.122222 
0 0.373437 0.454167 0.0234375 0.0833333 
0 0.386458 0.574537 0.0458333 0.0453704 
0 0.439193 0.571296 0.0518229 0.0638889 
0 0.0536458 0.926157 0.040625 0.0523148 
0 0.165885 0.884491 0.0583333 0.050463 
0 0.535677 0.746528 0.0859375 0.0671296 
0 0.599089 0.918519 0.0299479 0.136111 
0 0.492188 0.940972 0.0630208 0.104167 
0 0.248307 0.325926 0.0736979 0.0527778 
0 0.694401 0.973148 0.0445312 0.0472222 
0 0.572266 0.428704 0.0408854 0.0462963 
0 0.620573 0.475694 0.0322917 0.074537 
0 0.502474 0.0643518 0.0684896 0.0574074 
0 0.547917 0.240972 0.0390625 0.0662037 
0 0.466406 0.691435 0.0520833 0.0680556 
0 0.329036 0.281481 0.0388021 0.0444444 
0 0.538021 0.297454 0.0494792 0.0847222 
0 0.259896 0.556944 0.053125 0.0833333 
0 0.485807 0.0157407 0.0684896 0.0314815 
0 0.0533854 0.475231 0.0239583 0.0643518 
0 0.570312 0.044213 0.0505208 0.0736111 
0 0.404036 0.0180556 0.0460938 0.0351852 
0 0.404557 0.458796 0.0273438 0.123148 
0 0.330469 0.593287 0.0307292 0.0550926 
0 0.0373698 0.617361 0.0596354 0.0856481 
0 0.402604 0.907176 0.0484375 0.0578704 
0 0.189193 0.972222 0.0632813 0.0555556 
0 0.51224 0.303935 0.0364583 0.0606481 
0 0.400781 0.852778 0.040625 0.0546296 
0 0.291016 0.404861 0.0388021 0.0828704 
0 0.332031 0.969907 0.0838542 0.0601852 
0 0.273958 0.952083 0.0427083 0.0773148 
0 0.722266 0.202315 0.105469 0.0601852 
0 0.0520833 0.0287037 0.0333333 0.0564815 
0 0.663021 0.651389 0.0390625 0.200926 
0 0.64401 0.688889 0.0614583 0.181481 
0 0.673307 0.237963 0.0309896 0.0564815 
0 0.467708 0.247917 0.0442708 0.0625 
0 0.153125 0.712731 0.0494792 0.10787 
0 0.385286 0.24213 0.0242187 0.117593 
0 0.452344 0.841204 0.101042 0.0962963 
