0 0.808984 0.161574 0.0486979 0.137037 
0 0.667448 0.405556 0.0348958 0.137963 
0 0.466276 0.225231 0.0351562 0.124537 
0 0.76862 0.390046 0.0476562 0.0921296 
0 0.875911 0.135648 0.0460938 0.150926 
0 0.739714 0.180787 0.0398437 0.0699074 
0 0.10599 0.692361 0.028125 0.0856481 
0 0.650911 0.735185 0.0403646 0.0722222 
0 0.671354 0.137731 0.0375 0.148611 
0 0.954036 0.0486111 0.0809896 0.0694444 
0 0.779818 0.825 0.0643229 0.0759259 
0 0.241797 0.827315 0.0507812 0.0944444 
0 0.622526 0.155556 0.0445312 0.0657407 
0 0.513151 0.246528 0.0315104 0.124537 
0 0.378906 0.329167 0.0583333 0.0759259 
0 0.0408854 0.690509 0.0473958 0.0587963 
0 0.119141 0.496991 0.0502604 0.138426 
0 0.882292 0.437963 0.0505208 0.062037 
0 0.983464 0.146065 0.0325521 0.110648 
0 0.57513 0.13912 0.0226563 0.075463 
0 0.0803385 0.526852 0.0320312 0.0768519 
0 0.521094 0.0486111 0.0380208 0.0972222 
0 0.280729 0.688426 0.0484375 0.0583333 
0 0.0845052 0.0837963 0.0554687 0.105556 
0 0.963802 0.813889 0.0510417 0.062037 
0 0.63724 0.822917 0.0333333 0.0949074 
0 0.227344 0.508796 0.0380208 0.126852 
0 0.567969 0.215741 0.0473958 0.0601852 
0 0.930208 0.450926 0.0557292 0.0861111 
0 0.342839 0.231713 0.0518229 0.0856481 
0 0.527344 0.577546 0.0364583 0.0763889 
0 0.865755 0.947222 0.0315104 0.0972222 
0 0.401302 0.494213 0.0375 0.119907 
0 0.611849 0.259028 0.0325521 0.0513889 
0 0.11276 0.372685 0.0442708 0.0666667 
0 0.19349 0.631944 0.0526042 0.0611111 
0 0.898958 0.741204 0.034375 0.0824074 
0 0.504427 0.327315 0.0458333 0.0564815 
0 0.0191406 0.764815 0.0382813 0.0527778 
0 0.311328 0.349306 0.0356771 0.0939815 
0 0.270964 0.240972 0.0768229 0.0625 
0 0.167318 0.346296 0.0528646 0.0555556 
0 0.240104 0.143287 0.0317708 0.0597222 
0 0.538672 0.476389 0.0419271 0.0527778 
0 0.678776 0.556481 0.0263021 0.0694444 
0 0.516536 0.59838 0.0299479 0.0541667 
0 0.726042 0.805093 0.0333333 0.124074 
