0 0.785156 0.153704 0.0546875 0.102778 
0 0.905729 0.19213 0.0348958 0.062963 
0 0.414714 0.479167 0.0466146 0.0805556 
0 0.80612 0.101389 0.0372396 0.134259 
0 0.678255 0.475694 0.0486979 0.0587963 
0 0.82474 0.55625 0.0484375 0.0837963 
0 0.734375 0.548611 0.0390625 0.0638889 
0 0.911068 0.0518519 0.0434896 0.0611111 
0 0.16875 0.315509 0.0453125 0.0875 
0 0.857422 0.63287 0.0325521 0.0851852 
0 0.0692708 0.48125 0.0364583 0.0921296 
0 0.503385 0.11412 0.0515625 0.0856481 
0 0.632292 0.560648 0.0359375 0.0444444 
0 0.666536 0.266667 0.0346354 0.0601852 
0 0.332031 0.0916667 0.0458333 0.0703704 
0 0.166927 0.552546 0.0432292 0.0541667 
0 0.625521 0.487963 0.0203125 0.0814815 
0 0.24362 0.193056 0.0445312 0.0592593 
0 0.975 0.334954 0.0463542 0.0791667 
0 0.940885 0.526157 0.0364583 0.0921296 
0 0.0328125 0.123148 0.0567708 0.0537037 
0 0.236719 0.499537 0.0546875 0.075 
0 0.876953 0.260185 0.0466146 0.0583333 
0 0.932161 0.378241 0.0622396 0.0787037 
0 0.294922 0.224769 0.0341146 0.0893519 
0 0.177604 0.0898148 0.0302083 0.0722222 
0 0.301042 0.508565 0.0348958 0.0763889 
0 0.294661 0.354398 0.0408854 0.0773148 
0 0.567969 0.253241 0.0390625 0.0611111 
0 0.626562 0.729167 0.0625 0.062037 
0 0.863672 0.482176 0.0414063 0.0791667 
0 0.703516 0.533565 0.0309896 0.0541667 
0 0.702604 0.744444 0.0526042 0.0842593 
0 0.989323 0.568981 0.0182292 0.10463 
0 0.83151 0.488657 0.0338542 0.0708333 
0 0.445312 0.314583 0.0401042 0.0662037 
0 0.101172 0.354398 0.0330729 0.0578704 
