0 0.526953 0.068287 0.0736979 0.13287 
0 0.501432 0.337963 0.0528646 0.0731481 
0 0.147526 0.245139 0.0617188 0.113426 
0 0.836849 0.616435 0.0658854 0.102315 
0 0.957943 0.154167 0.0809896 0.198148 
0 0.0191406 0.955787 0.0361979 0.0865741 
0 0.408203 0.565046 0.0289063 0.133796 
0 0.421875 0.789583 0.0328125 0.0652778 
0 0.453125 0.460185 0.0359375 0.157407 
0 0.599609 0.732176 0.0377604 0.153241 
0 0.603906 0.493981 0.0395833 0.143519 
0 0.606901 0.222917 0.0903646 0.0865741 
0 0.9 0.284722 0.0625 0.183333 
0 0.441016 0.840741 0.0367187 0.108333 
0 0.809635 0.152083 0.105729 0.0800926 
0 0.733333 0.253472 0.0598958 0.13287 
0 0.343229 0.187037 0.084375 0.0638889 
0 0.271224 0.421759 0.0450521 0.0574074 
0 0.83099 0.408796 0.0885417 0.0675926 
0 0.198177 0.278472 0.0557292 0.0726852 
0 0.738281 0.353935 0.0541667 0.118056 
0 0.158854 0.934028 0.0375 0.0828704 
0 0.351823 0.396759 0.0552083 0.184259 
0 0.64401 0.553704 0.0296875 0.062037 
0 0.371745 0.743519 0.0502604 0.1 
0 0.0261719 0.583333 0.0408854 0.0583333 
0 0.055599 0.420139 0.0440104 0.146759 
0 0.179427 0.622917 0.034375 0.165278 
0 0.61237 0.9375 0.0325521 0.0833333 
0 0.0641927 0.946991 0.0486979 0.0541667 
0 0.117448 0.503472 0.05 0.0828704 
0 0.190755 0.47963 0.0481771 0.0731481 
0 0.226693 0.855556 0.0528646 0.0731481 
0 0.809115 0.287963 0.0614583 0.0703704 
0 0.055599 0.785185 0.0497396 0.0574074 
0 0.748568 0.678704 0.0627604 0.0935185 
0 0.877344 0.377546 0.0859375 0.0652778 
0 0.946354 0.236343 0.0541667 0.0736111 
0 0.673828 0.268981 0.0388021 0.108333 
0 0.859375 0.289352 0.0494792 0.0564815 
0 0.542969 0.920139 0.0609375 0.0939815 
0 0.300781 0.503472 0.0447917 0.0680556 
0 0.734766 0.754398 0.0518229 0.121759 
0 0.786198 0.484722 0.0859375 0.137037 
0 0.375391 0.967824 0.0518229 0.0615741 
0 0.491536 0.627315 0.0523437 0.136111 
0 0.332292 0.825926 0.0348958 0.128704 
0 0.233724 0.735648 0.0898438 0.0666667 
0 0.30026 0.681481 0.0682292 0.0842593 
0 0.722135 0.90625 0.0703125 0.0578704 
0 0.267578 0.275926 0.0450521 0.118519 
0 0.651823 0.903704 0.0510417 0.0787037 
0 0.601172 0.623148 0.0674479 0.0814815 
0 0.906641 0.871991 0.0408854 0.181019 
0 0.908724 0.0236111 0.0736979 0.0453704 
0 0.691406 0.265972 0.0380208 0.115278 
0 0.283203 0.883333 0.0450521 0.0611111 
0 0.38737 0.393287 0.0466146 0.0467593 
0 0.847135 0.246065 0.0458333 0.0773148 
