0 0.253646 0.59213 0.0588542 0.087037 
0 0.682161 0.659259 0.0403646 0.10463 
0 0.801693 0.411806 0.0460938 0.100463 
0 0.0621094 0.568981 0.0403646 0.0731481 
0 0.752995 0.474537 0.0742188 0.0638889 
0 0.0778646 0.462963 0.0401042 0.0722222 
0 0.587891 0.24838 0.0330729 0.100463 
0 0.589323 0.718056 0.034375 0.124074 
0 0.696224 0.584259 0.0544271 0.0888889 
0 0.648958 0.941667 0.0432292 0.0685185 
0 0.645052 0.450926 0.0609375 0.0675926 
0 0.853516 0.561111 0.0346354 0.109259 
0 0.182422 0.704398 0.0325521 0.103241 
0 0.53125 0.310185 0.0458333 0.0611111 
0 0.571354 0.613426 0.0291667 0.0925926 
0 0.265365 0.735648 0.0359375 0.112963 
0 0.238932 0.9375 0.0388021 0.0685185 
0 0.876562 0.78287 0.0463542 0.0722222 
0 0.805599 0.976389 0.0575521 0.0472222 
0 0.866667 0.853704 0.0395833 0.062037 
0 0.70651 0.369907 0.0536458 0.0537037 
0 0.899349 0.522222 0.0481771 0.0638889 
0 0.727995 0.756481 0.0257812 0.101852 
0 0.342578 0.514815 0.0450521 0.0953704 
0 0.973177 0.352315 0.053125 0.0638889 
0 0.646484 0.287963 0.0330729 0.133333 
0 0.460938 0.424769 0.0442708 0.0587963 
0 0.234766 0.463194 0.0476562 0.0847222 
0 0.900781 0.925231 0.0442708 0.0652778 
0 0.84375 0.674537 0.0520833 0.0564815 
0 0.259505 0.499537 0.0658854 0.062963 
0 0.95612 0.374769 0.0690104 0.0736111 
0 0.520443 0.553009 0.0377604 0.0615741 
0 0.103255 0.281019 0.0434896 0.0481481 
0 0.123958 0.716667 0.0307292 0.0712963 
0 0.134505 0.615278 0.0466146 0.0990741 
0 0.314063 0.583796 0.0494792 0.0583333 
0 0.98737 0.519213 0.0205729 0.106019 
0 0.110286 0.321759 0.0513021 0.0509259 
0 0.548828 0.489583 0.0299479 0.126389 
0 0.801302 0.730093 0.0369792 0.0666667 
0 0.959505 0.172685 0.0289063 0.0657407 
0 0.735417 0.274306 0.0411458 0.0375 
0 0.163151 0.338426 0.0330729 0.0777778 
0 0.192057 0.268981 0.0716146 0.0518519 
0 0.58112 0.456713 0.0367187 0.075463 
0 0.477865 0.655324 0.04375 0.0847222 
0 0.0828125 0.0856481 0.0270833 0.062037 
0 0.988802 0.27963 0.0192708 0.123148 
0 0.573177 0.923611 0.025 0.087963 
0 0.473177 0.815972 0.0260417 0.074537 
0 0.845703 0.437037 0.0299479 0.0555556 
0 0.327344 0.791204 0.0598958 0.0740741 
