0 0.579557 0.34213 0.0372396 0.109259 
0 0.257812 0.227546 0.0421875 0.0875 
0 0.916536 0.295602 0.0382813 0.0800926 
0 0.270833 0.394676 0.046875 0.0828704 
0 0.854036 0.630556 0.0361979 0.0824074 
0 0.869661 0.840278 0.0403646 0.0768519 
0 0.974609 0.374074 0.0450521 0.0722222 
0 0.323177 0.407176 0.0411458 0.0699074 
0 0.746094 0.228241 0.0348958 0.0851852 
0 0.976562 0.699769 0.0359375 0.0652778 
0 0.215755 0.298611 0.0335938 0.0611111 
0 0.865755 0.256481 0.0565104 0.0675926 
0 0.751953 0.445602 0.0283854 0.0912037 
0 0.759245 0.347454 0.0393229 0.0763889 
0 0.905729 0.512963 0.034375 0.0574074 
0 0.716276 0.392824 0.0361979 0.0412037 
0 0.697786 0.801157 0.0424479 0.0893519 
0 0.974609 0.519444 0.0388021 0.112963 
0 0.49362 0.271528 0.0513021 0.0569444 
0 0.238411 0.352315 0.0278646 0.062963 
0 0.957031 0.247685 0.0494792 0.087037 
0 0.0608073 0.335185 0.0315104 0.100926 
0 0.0298177 0.233796 0.0382813 0.0564815 
0 0.532161 0.232176 0.0502604 0.0625 
0 0.926302 0.578009 0.0432292 0.0800926 
0 0.139062 0.361343 0.0463542 0.0652778 
0 0.0492188 0.669213 0.0421875 0.0708333 
0 0.448698 0.191667 0.053125 0.0694444 
0 0.57526 0.586574 0.0333333 0.0638889 
0 0.76276 0.626157 0.0359375 0.074537 
0 0.855078 0.406944 0.0393229 0.0583333 
0 0.704036 0.237963 0.0507812 0.123148 
0 0.678125 0.540972 0.0354167 0.099537 
0 0.777344 0.761574 0.0307292 0.0851852 
0 0.167057 0.0636574 0.0440104 0.104167 
0 0.413802 0.240278 0.0442708 0.0666667 
