0 0.675781 0.616435 0.0666667 0.111574 
0 0.555729 0.696065 0.0953125 0.100463 
0 0.714323 0.46088 0.0395833 0.0412037 
0 0.449479 0.711343 0.0645833 0.0763889 
0 0.314974 0.371759 0.0367187 0.0518519 
0 0.583073 0.253472 0.0703125 0.0652778 
0 0.33138 0.5125 0.0341146 0.0972222 
0 0.631771 0.463426 0.101562 0.0805556 
0 0.483854 0.369907 0.0354167 0.169444 
0 0.0417969 0.245833 0.0283854 0.0527778 
0 0.028125 0.397222 0.0427083 0.0518519 
0 0.499609 0.602778 0.0507812 0.062037 
0 0.164974 0.354398 0.0455729 0.0986111 
0 0.668359 0.922685 0.0815104 0.0722222 
0 0.426042 0.252546 0.0661458 0.0615741 
0 0.276693 0.436343 0.0601562 0.0615741 
0 0.119401 0.659259 0.0747396 0.0731481 
0 0.222005 0.104861 0.0606771 0.0597222 
0 0.577083 0.0534722 0.0286458 0.0689815 
0 0.741667 0.770833 0.122396 0.0944444 
0 0.822266 0.0787037 0.122135 0.114815 
0 0.0994792 0.934028 0.0598958 0.074537 
0 0.463151 0.0418981 0.0955729 0.0643518 
0 0.66888 0.440972 0.0398437 0.0449074 
0 0.560938 0.971296 0.0557292 0.0564815 
0 0.490234 0.143519 0.0867188 0.139815 
0 0.222005 0.58588 0.0669271 0.0615741 
0 0.297135 0.592593 0.0729167 0.0555556 
0 0.480469 0.199769 0.0442708 0.0736111 
0 0.139062 0.180324 0.0536458 0.0791667 
0 0.142969 0.96088 0.0572917 0.0763889 
0 0.599609 0.513889 0.0335938 0.1 
0 0.631901 0.791667 0.0611979 0.0722222 
0 0.536589 0.580787 0.0398437 0.0652778 
0 0.179297 0.792824 0.0309896 0.0939815 
0 0.438542 0.302546 0.078125 0.0615741 
0 0.161198 0.238657 0.0307292 0.0949074 
0 0.603906 0.897454 0.0854167 0.0828704 
0 0.624479 0.627315 0.053125 0.0731481 
0 0.0736979 0.0175926 0.0276042 0.0351852 
0 0.0848958 0.312037 0.0375 0.0851852 
0 0.46237 0.934028 0.0763021 0.0763889 
0 0.151042 0.0449074 0.0505208 0.087963 
0 0.0539063 0.702546 0.0348958 0.0680556 
0 0.254948 0.184954 0.0338542 0.109722 
0 0.180729 0.459722 0.05 0.0953704 
0 0.452865 0.756944 0.0328125 0.0435185 
0 0.344661 0.421065 0.0377604 0.049537 
0 0.792578 0.0918982 0.0867188 0.101389 
0 0.126302 0.564583 0.0463542 0.121759 
