0 0.913021 0.618056 0.111979 0.0990741 
0 0.712891 0.182176 0.0674479 0.1875 
0 0.638151 0.324074 0.0622396 0.109259 
0 0.834896 0.683102 0.118229 0.0856481 
0 0.877344 0.78912 0.0625 0.0884259 
0 0.545964 0.117361 0.0716146 0.148611 
0 0.377995 0.658102 0.0601562 0.106019 
0 0.759245 0.120833 0.0309896 0.087963 
0 0.823177 0.825926 0.0578125 0.116667 
0 0.419271 0.868056 0.0760417 0.106481 
0 0.736849 0.608796 0.0986979 0.111111 
0 0.579557 0.584259 0.0872396 0.0925926 
0 0.507812 0.923611 0.05625 0.062037 
0 0.158854 0.959954 0.0333333 0.0791667 
0 0.761328 0.819444 0.0596354 0.12037 
0 0.627865 0.0993056 0.0682292 0.0949074 
0 0.567839 0.179167 0.0372396 0.0759259 
0 0.783724 0.334954 0.0398437 0.20787 
0 0.392708 0.0400463 0.0630208 0.074537 
0 0.41237 0.301852 0.0554687 0.162963 
0 0.250651 0.952315 0.0710938 0.087963 
0 0.159505 0.194444 0.0455729 0.102778 
0 0.177865 0.0418981 0.0864583 0.0782407 
0 0.61276 0.453704 0.0411458 0.194444 
0 0.309505 0.958333 0.0408854 0.0611111 
0 0.355208 0.178009 0.0541667 0.0662037 
0 0.173568 0.303241 0.0513021 0.1 
0 0.559115 0.450463 0.0421875 0.087963 
0 0.053125 0.981019 0.0375 0.037037 
0 0.608333 0.225231 0.090625 0.114352 
0 0.0860677 0.714815 0.0377604 0.0638889 
0 0.350521 0.651389 0.0401042 0.0537037 
0 0.597656 0.900231 0.0333333 0.121759 
0 0.291536 0.451389 0.0304688 0.087963 
0 0.40625 0.428704 0.0395833 0.0407407 
0 0.316406 0.612269 0.053125 0.0791667 
0 0.26224 0.250694 0.0609375 0.0569444 
0 0.444792 0.800231 0.0322917 0.128241 
0 0.11849 0.42662 0.0833333 0.0837963 
0 0.133333 0.367361 0.0640625 0.0412037 
0 0.0410156 0.0282407 0.0559896 0.0564815 
0 0.305469 0.253704 0.0265625 0.100926 
0 0.205599 0.479167 0.0679687 0.0481481 
0 0.54349 0.235185 0.0427083 0.0601852 
0 0.134115 0.832407 0.0333333 0.0546296 
0 0.244271 0.657639 0.040625 0.134722 
0 0.278385 0.0361111 0.05 0.0666667 
0 0.330859 0.787037 0.0408854 0.0583333 
0 0.152734 0.508565 0.0372396 0.114352 
0 0.106901 0.772222 0.0544271 0.0833333 
0 0.29388 0.134259 0.0648438 0.0935185 
0 0.0153646 0.117361 0.0307292 0.0449074 
0 0.520573 0.0400463 0.0375 0.0791667 
