0 0.724609 0.0710648 0.0460938 0.131944 
0 0.530729 0.206944 0.0338542 0.0583333 
0 0.682682 0.104398 0.0502604 0.0921296 
0 0.798828 0.129398 0.0304688 0.0847222 
0 0.970703 0.0622685 0.0565104 0.074537 
0 0.524479 0.0444444 0.0328125 0.0888889 
0 0.148438 0.18287 0.0536458 0.075 
0 0.448958 0.0395833 0.053125 0.0791667 
0 0.871094 0.157407 0.0583333 0.0740741 
0 0.021875 0.19838 0.028125 0.0791667 
0 0.133464 0.388889 0.0367187 0.0796296 
0 0.226823 0.186806 0.0651042 0.0958333 
0 0.156901 0.262269 0.0335938 0.0773148 
0 0.617188 0.170833 0.046875 0.0592593 
0 0.197917 0.305093 0.040625 0.0944444 
0 0.946224 0.66412 0.0440104 0.0791667 
0 0.360286 0.216435 0.0346354 0.0625 
0 0.614714 0.0738426 0.0466146 0.0578704 
0 0.761719 0.120602 0.0239583 0.0689815 
0 0.252214 0.0743056 0.0330729 0.114352 
0 0.142057 0.457407 0.0419271 0.0703704 
0 0.739193 0.395139 0.0367187 0.074537 
0 0.24987 0.217824 0.0513021 0.0837963 
0 0.0360677 0.546065 0.0283854 0.0810185 
0 0.661719 0.430787 0.040625 0.0634259 
0 0.620052 0.0215278 0.0380208 0.0430556 
0 0.246745 0.880556 0.0424479 0.062037 
0 0.244141 0.3 0.0554687 0.0592593 
0 0.0260417 0.263194 0.0447917 0.0615741 
0 0.522526 0.320139 0.0513021 0.0689815 
0 0.128646 0.323843 0.0395833 0.050463 
0 0.565495 0.662269 0.0398437 0.0541667 
0 0.192057 0.478241 0.0507812 0.0861111 
0 0.476302 0.448611 0.03125 0.0981481 
0 0.630859 0.875926 0.0393229 0.0712963 
0 0.464844 0.108565 0.0510417 0.0587963 
0 0.380859 0.0375 0.0216146 0.075 
0 0.30612 0.0189815 0.0601562 0.037037 
0 0.725 0.150463 0.0354167 0.0407407 
0 0.129167 0.0976852 0.0369792 0.0851852 
0 0.919922 0.454861 0.0518229 0.0643518 
0 0.954557 0.792361 0.0393229 0.0726852 
0 0.467057 0.86875 0.0361979 0.0893519 
0 0.790495 0.262269 0.0367187 0.103241 
0 0.115625 0.234259 0.0375 0.0518519 
0 0.105469 0.972222 0.0552083 0.0555556 
0 0.014974 0.592593 0.0278646 0.0777778 
0 0.652344 0.0233796 0.0364583 0.0449074 
0 0.758724 0.186574 0.0351562 0.0361111 
0 0.611849 0.257639 0.0434896 0.0689815 
