0 0.701563 0.241435 0.0510417 0.106944 
0 0.905729 0.2375 0.0291667 0.0703704 
0 0.438542 0.454861 0.0380208 0.100463 
0 0.866276 0.137269 0.0294271 0.131944 
0 0.86224 0.308333 0.0380208 0.0944444 
0 0.298568 0.505324 0.0486979 0.0643518 
0 0.777344 0.525926 0.040625 0.110185 
0 0.759245 0.38125 0.0481771 0.129167 
0 0.164323 0.0694444 0.0328125 0.128704 
0 0.597656 0.109491 0.0515625 0.049537 
0 0.656641 0.131019 0.0403646 0.062963 
0 0.321615 0.133565 0.0489583 0.0671296 
0 0.958594 0.355324 0.03125 0.0662037 
0 0.957422 0.90625 0.0575521 0.0689815 
0 0.697786 0.377778 0.0674479 0.075 
0 0.821745 0.262731 0.0398437 0.118056 
0 0.872656 0.694907 0.0463542 0.0675926 
0 0.130339 0.225463 0.0236979 0.0648148 
0 0.348828 0.197222 0.0513021 0.0768519 
0 0.403776 0.894907 0.0388021 0.0703704 
0 0.888281 0.528241 0.0526042 0.0675926 
0 0.146354 0.893287 0.0390625 0.0773148 
0 0.922917 0.115278 0.0682292 0.0777778 
0 0.477995 0.452778 0.0424479 0.0509259 
0 0.533724 0.76875 0.0497396 0.0643518 
0 0.247005 0.452546 0.0356771 0.0476852 
0 0.202083 0.462269 0.0333333 0.0726852 
0 0.40599 0.318056 0.0557292 0.0555556 
0 0.61224 0.938194 0.046875 0.0763889 
0 0.747135 0.955787 0.053125 0.0791667 
0 0.376172 0.505556 0.0481771 0.0712963 
0 0.949219 0.270602 0.0427083 0.0384259 
0 0.590755 0.253009 0.0424479 0.0689815 
0 0.55026 0.446759 0.0416667 0.0694444 
0 0.355469 0.420602 0.0385417 0.0939815 
0 0.226693 0.0513889 0.0320312 0.0712963 
0 0.647526 0.81088 0.0367187 0.0828704 
0 0.913542 0.789583 0.0479167 0.0736111 
0 0.345703 0.60162 0.0346354 0.0875 
0 0.233203 0.831713 0.0580729 0.0578704 
0 0.395182 0.624306 0.0299479 0.0671296 
0 0.734896 0.53912 0.03125 0.122685 
0 0.44987 0.765278 0.0445312 0.0638889 
0 0.764063 0.273611 0.0479167 0.062037 
0 0.686458 0.609954 0.0338542 0.0689815 
0 0.726042 0.700463 0.040625 0.0796296 
0 0.1 0.45787 0.0473958 0.0388889 
0 0.540104 0.265741 0.0375 0.1 
0 0.989323 0.226157 0.0192708 0.0800926 
0 0.202604 0.131481 0.0479167 0.0666667 
0 0.144661 0.737037 0.0559896 0.0611111 
0 0.595182 0.733102 0.0476562 0.0560185 
0 0.856901 0.574306 0.0414063 0.0662037 
0 0.413281 0.272222 0.0354167 0.0527778 
0 0.786589 0.806713 0.0450521 0.0634259 
0 0.601172 0.84213 0.0346354 0.0490741 
0 0.210677 0.634722 0.0520833 0.075 
