0 0.0479167 0.0467593 0.0557292 0.0935185 
0 0.144141 0.361111 0.0382813 0.111111 
0 0.0911458 0.0958333 0.0432292 0.0833333 
0 0.346354 0.0576389 0.0401042 0.0865741 
0 0.152214 0.169444 0.0398437 0.0740741 
0 0.661719 0.118981 0.0510417 0.0962963 
0 0.576172 0.497222 0.0315104 0.0666667 
0 0.378646 0.662269 0.0604167 0.0773148 
0 0.245312 0.119676 0.0348958 0.0615741 
0 0.0325521 0.322917 0.0328125 0.0597222 
0 0.254818 0.840278 0.0294271 0.05 
0 0.176042 0.693519 0.0390625 0.0657407 
0 0.232682 0.25162 0.0513021 0.0726852 
0 0.235677 0.392593 0.0588542 0.0814815 
0 0.663672 0.510185 0.0361979 0.0796296 
0 0.382552 0.101852 0.0338542 0.128704 
0 0.460547 0.0599537 0.0283854 0.0671296 
0 0.504948 0.118287 0.0609375 0.0773148 
0 0.597135 0.0668981 0.0494792 0.106019 
0 0.539974 0.254167 0.0414063 0.0472222 
0 0.0234375 0.614583 0.0453125 0.0819444 
0 0.71875 0.597222 0.0458333 0.0564815 
0 0.714323 0.14838 0.0427083 0.0625 
0 0.808203 0.196759 0.0419271 0.140741 
0 0.879948 0.0638889 0.0427083 0.0731481 
0 0.648047 0.965278 0.0398437 0.0675926 
0 0.370573 0.228935 0.0479167 0.075463 
0 0.170443 0.795602 0.0315104 0.0458333 
0 0.617708 0.506944 0.0458333 0.0537037 
0 0.78763 0.044213 0.0502604 0.0652778 
0 0.940885 0.612963 0.0536458 0.062963 
0 0.836979 0.0493056 0.05625 0.0773148 
0 0.035026 0.931481 0.0591146 0.126852 
0 0.821875 0.775231 0.0427083 0.0643518 
0 0.354948 0.744676 0.0359375 0.0587963 
0 0.324219 0.355093 0.0270833 0.0842593 
0 0.632812 0.30463 0.0473958 0.062963 
0 0.560156 0.0842593 0.04375 0.087037 
0 0.163802 0.97662 0.040625 0.0439815 
0 0.585417 0.921759 0.0447917 0.0731481 
