0 0.0717448 0.10463 0.0429688 0.126852 
0 0.435547 0.264583 0.0924479 0.0773148 
0 0.870703 0.0363426 0.0434896 0.0726852 
0 0.163802 0.0863426 0.0489583 0.111574 
0 0.298177 0.268287 0.0375 0.1125 
0 0.446745 0.43287 0.0518229 0.121296 
0 0.331771 0.155556 0.0557292 0.0546296 
0 0.540495 0.364583 0.0419271 0.105093 
0 0.727083 0.0363426 0.05 0.0726852 
0 0.287891 0.0465278 0.0851562 0.0884259 
0 0.885807 0.655787 0.0346354 0.100463 
0 0.205729 0.106481 0.03125 0.106481 
0 0.410807 0.087037 0.0356771 0.111111 
0 0.452865 0.902778 0.0552083 0.0898148 
0 0.0259115 0.729167 0.0429688 0.0861111 
0 0.719792 0.195833 0.0421875 0.062037 
0 0.44388 0.798148 0.0372396 0.106481 
0 0.920443 0.0287037 0.0419271 0.0546296 
0 0.860417 0.813426 0.0291667 0.0824074 
0 0.507292 0.329398 0.0416667 0.0625 
0 0.18138 0.485185 0.0533854 0.0675926 
0 0.483073 0.686343 0.034375 0.108796 
0 0.792969 0.174074 0.0479167 0.087037 
0 0.707031 0.114352 0.0484375 0.122222 
0 0.978385 0.363889 0.03125 0.113889 
0 0.775911 0.881481 0.0476562 0.0638889 
0 0.20612 0.406713 0.0471354 0.0606481 
0 0.665495 0.479861 0.0445312 0.074537 
0 0.889583 0.836343 0.0322917 0.10787 
0 0.879818 0.168981 0.0361979 0.0657407 
0 0.573698 0.97037 0.0432292 0.0537037 
0 0.250781 0.740741 0.0479167 0.0694444 
0 0.0445312 0.356481 0.0661458 0.062037 
0 0.898958 0.55 0.0479167 0.0824074 
0 0.0132813 0.434491 0.0265625 0.0606481 
0 0.342318 0.625926 0.0434896 0.0842593 
0 0.682682 0.0481481 0.0388021 0.0916667 
0 0.964453 0.08125 0.0565104 0.0791667 
