0 0.673828 0.283102 0.0554687 0.131944 
0 0.550781 0.458333 0.0619792 0.152778 
0 0.683594 0.194676 0.0796875 0.163426 
0 0.711979 0.613657 0.0473958 0.0662037 
0 0.416667 0.36713 0.0458333 0.0925926 
0 0.63724 0.675 0.0458333 0.207407 
0 0.816406 0.225231 0.108333 0.0912037 
0 0.64349 0.392593 0.0411458 0.109259 
0 0.228385 0.772685 0.0578125 0.0925926 
0 0.467057 0.147685 0.0617188 0.0675926 
0 0.669401 0.684954 0.0356771 0.1125 
0 0.782292 0.499537 0.0421875 0.106481 
0 0.552734 0.231481 0.0445312 0.198148 
0 0.118359 0.380324 0.0731771 0.0652778 
0 0.370182 0.730093 0.0752604 0.0666667 
0 0.308854 0.104167 0.0333333 0.0638889 
0 0.75 0.0358796 0.0677083 0.0680556 
0 0.576172 0.104861 0.0497396 0.0671296 
0 0.219661 0.35162 0.0669271 0.0615741 
0 0.166146 0.790972 0.0692708 0.0708333 
0 0.50638 0.241204 0.0507812 0.062963 
0 0.126432 0.921065 0.0627604 0.143981 
0 0.688542 0.546065 0.0786458 0.0819444 
0 0.0893229 0.188657 0.0411458 0.0763889 
0 0.526432 0.802546 0.0419271 0.0532407 
0 0.309115 0.375694 0.065625 0.0550926 
0 0.0714844 0.0189815 0.0236979 0.037963 
0 0.034375 0.485648 0.0572917 0.087037 
0 0.141146 0.282176 0.0317708 0.124537 
0 0.353516 0.456713 0.0674479 0.0782407 
0 0.51263 0.327778 0.0507812 0.131481 
0 0.43776 0.789352 0.05 0.0472222 
0 0.0675781 0.272222 0.0684896 0.0611111 
0 0.205339 0.103704 0.0429688 0.0509259 
0 0.276042 0.64537 0.0369792 0.119444 
0 0.982943 0.553704 0.0320312 0.0527778 
0 0.511198 0.0275463 0.0234375 0.0550926 
0 0.371094 0.625926 0.040625 0.122222 
0 0.35651 0.0310185 0.0463542 0.0555556 
0 0.425391 0.234954 0.0565104 0.0615741 
0 0.0375 0.38125 0.05625 0.0569444 
0 0.0309896 0.323843 0.0619792 0.0550926 
0 0.0578125 0.18588 0.0380208 0.0680556 
0 0.865234 0.36875 0.0330729 0.0837963 
0 0.539062 0.371065 0.0734375 0.147685 
0 0.0980469 0.440741 0.0388021 0.0481481 
0 0.404036 0.508333 0.0408854 0.125926 
0 0.322656 0.890741 0.04375 0.151852 
0 0.29401 0.803472 0.0635417 0.0430556 
0 0.118229 0.697454 0.040625 0.101389 
0 0.136849 0.161574 0.0299479 0.12037 
