0 0.71875 0.369213 0.0708333 0.128241 
0 0.39375 0.156713 0.0276042 0.1375 
0 0.260547 0.289815 0.0554687 0.148148 
0 0.496094 0.48125 0.06875 0.118056 
0 0.157943 0.727315 0.0341146 0.0944444 
0 0.326953 0.415741 0.0408854 0.0962963 
0 0.254167 0.062037 0.0354167 0.0648148 
0 0.142188 0.427083 0.0239583 0.099537 
0 0.877474 0.346065 0.0617188 0.130093 
0 0.30026 0.619676 0.0703125 0.0643518 
0 0.44375 0.0622685 0.0723958 0.0615741 
0 0.704557 0.558565 0.0497396 0.102315 
0 0.0751302 0.4 0.0440104 0.0731481 
0 0.667969 0.321296 0.0447917 0.118519 
0 0.266276 0.681481 0.0393229 0.106481 
0 0.372266 0.621065 0.0476562 0.0708333 
0 0.192188 0.798611 0.0578125 0.0648148 
0 0.89987 0.905324 0.0315104 0.10787 
0 0.164062 0.319907 0.0494792 0.14537 
0 0.780339 0.756481 0.0367187 0.0833333 
0 0.938932 0.693981 0.0294271 0.112963 
0 0.489323 0.279398 0.0328125 0.0615741 
0 0.22487 0.749768 0.0315104 0.0986111 
0 0.620573 0.31713 0.0401042 0.127778 
0 0.409635 0.905324 0.0510417 0.120833 
0 0.866667 0.734491 0.0328125 0.129167 
0 0.839323 0.226157 0.0651042 0.0865741 
0 0.513672 0.400926 0.0752604 0.0731481 
0 0.567318 0.883796 0.0507812 0.0981481 
0 0.802214 0.819444 0.0502604 0.0722222 
0 0.54974 0.949537 0.0380208 0.0953704 
0 0.930208 0.925463 0.040625 0.0898148 
0 0.495573 0.589815 0.0307292 0.0555556 
0 0.364062 0.816898 0.0416667 0.0921296 
0 0.108203 0.241667 0.0710938 0.118519 
0 0.647005 0.437037 0.0533854 0.0583333 
0 0.614714 0.88125 0.0450521 0.138426 
0 0.534115 0.317593 0.078125 0.0666667 
0 0.333724 0.0180556 0.0471354 0.0361111 
0 0.0339844 0.503935 0.0658854 0.0597222 
0 0.117969 0.434722 0.0234375 0.062963 
0 0.872005 0.123611 0.0393229 0.0527778 
0 0.619141 0.693056 0.0403646 0.0833333 
0 0.714453 0.0303241 0.0742188 0.0597222 
0 0.959896 0.599074 0.0645833 0.0481481 
0 0.27513 0.87037 0.0408854 0.0666667 
0 0.0498698 0.572222 0.0216146 0.1 
0 0.726042 0.82037 0.0333333 0.0944444 
0 0.453906 0.170602 0.0395833 0.101389 
0 0.228906 0.611806 0.0588542 0.0578704 
0 0.0184896 0.935648 0.0244792 0.0740741 
0 0.290104 0.957407 0.0546875 0.0759259 
0 0.839323 0.589583 0.0385417 0.0726852 
0 0.664062 0.772222 0.0541667 0.0490741 
0 0.440625 0.803935 0.0541667 0.0597222 
0 0.904297 0.488657 0.0596354 0.128241 
0 0.544531 0.22662 0.0401042 0.0773148 
0 0.0545573 0.926389 0.0309896 0.0833333 
0 0.157292 0.58125 0.0197917 0.0763889 
0 0.908724 0.396991 0.0414063 0.0550926 
0 0.865234 0.871065 0.0559896 0.135648 
0 0.384245 0.735185 0.0684896 0.0648148 
0 0.197005 0.94537 0.0268229 0.0666667 
0 0.586328 0.227083 0.0434896 0.0513889 
0 0.487109 0.186574 0.0252604 0.0907407 
0 0.866667 0.652778 0.0890625 0.0657407 
