0 0.47526 0.203241 0.0614583 0.0601852 
0 0.803776 0.0488426 0.0346354 0.0976852 
0 0.96237 0.23125 0.0601562 0.0902778 
0 0.652734 0.827546 0.0460938 0.106944 
0 0.886719 0.301389 0.0333333 0.0972222 
0 0.685026 0.306481 0.0575521 0.0685185 
0 0.961979 0.504398 0.0572917 0.106944 
0 0.0835937 0.706019 0.0447917 0.0611111 
0 0.786589 0.34213 0.0513021 0.0648148 
0 0.886719 0.166204 0.0479167 0.12037 
0 0.854948 0.43125 0.053125 0.0652778 
0 0.0358073 0.731713 0.0513021 0.0837963 
0 0.854036 0.227546 0.0507812 0.0680556 
0 0.801823 0.569444 0.0322917 0.0537037 
0 0.32487 0.522454 0.0414063 0.116204 
0 0.761719 0.452315 0.040625 0.062037 
0 0.435286 0.655324 0.0403646 0.0652778 
0 0.716797 0.877083 0.0330729 0.0875 
0 0.426562 0.418287 0.0302083 0.0606481 
0 0.527865 0.395833 0.05 0.0805556 
0 0.510807 0.718056 0.0393229 0.0527778 
0 0.014974 0.628472 0.0283854 0.0708333 
0 0.725521 0.390046 0.0390625 0.0726852 
0 0.820312 0.375231 0.0385417 0.102315 
0 0.54388 0.602315 0.0539063 0.0648148 
0 0.503516 0.509954 0.0799479 0.0643518 
