0 0.484635 0.595602 0.0369792 0.131944 
0 0.864323 0.780787 0.0572917 0.0773148 
0 0.366797 0.753241 0.0627604 0.0722222 
0 0.645052 0.793056 0.0770833 0.0814815 
0 0.471615 0.893981 0.0619792 0.0675926 
0 0.727474 0.363889 0.0388021 0.0962963 
0 0.861328 0.912269 0.0528646 0.106944 
0 0.215104 0.708796 0.0619792 0.0657407 
0 0.916016 0.391204 0.0497396 0.147222 
0 0.672396 0.462269 0.05625 0.0550926 
0 0.977604 0.451852 0.0390625 0.0740741 
0 0.667969 0.333102 0.0432292 0.0791667 
0 0.345052 0.946991 0.0640625 0.0578704 
0 0.958073 0.772917 0.0473958 0.0532407 
0 0.732943 0.540046 0.0367187 0.0643518 
0 0.404557 0.934954 0.0398437 0.0662037 
0 0.713281 0.880556 0.0484375 0.0694444 
0 0.879427 0.601157 0.0317708 0.0421296 
0 0.318099 0.696991 0.0679687 0.0689815 
0 0.864714 0.386111 0.0361979 0.0685185 
