0 0.869141 0.684028 0.0450521 0.113426 
0 0.171484 0.72662 0.0518229 0.150463 
0 0.33763 0.199769 0.0388021 0.0810185 
0 0.948698 0.9125 0.0671875 0.106481 
0 0.0876302 0.654167 0.0466146 0.167593 
0 0.900391 0.544676 0.0809896 0.0800926 
0 0.832031 0.689352 0.040625 0.0768519 
0 0.94388 0.440972 0.0861979 0.0949074 
0 0.447005 0.544444 0.0486979 0.10463 
0 0.309766 0.673148 0.0351562 0.0935185 
0 0.221224 0.790046 0.0684896 0.099537 
0 0.294531 0.915741 0.0473958 0.102778 
0 0.903385 0.383796 0.0520833 0.0583333 
0 0.354167 0.903704 0.0734375 0.100926 
0 0.195703 0.303704 0.0455729 0.0842593 
0 0.67526 0.868056 0.0416667 0.127778 
0 0.474609 0.646759 0.0554687 0.0712963 
0 0.391536 0.703472 0.0518229 0.0884259 
0 0.159766 0.287269 0.0382813 0.0708333 
0 0.410156 0.0833333 0.03125 0.112963 
0 0.0710938 0.887269 0.0447917 0.0819444 
0 0.678646 0.565046 0.0348958 0.0967593 
0 0.794401 0.582176 0.0726563 0.0625 
0 0.23151 0.0664352 0.05625 0.0819444 
0 0.896484 0.81412 0.0763021 0.0893519 
0 0.61276 0.913194 0.0515625 0.150463 
0 0.735417 0.198843 0.0354167 0.075463 
0 0.501432 0.784722 0.0414063 0.0657407 
0 0.439453 0.408333 0.0346354 0.087037 
0 0.304688 0.286806 0.0479167 0.0902778 
0 0.472135 0.834259 0.0484375 0.0861111 
0 0.70599 0.463194 0.0390625 0.100463 
0 0.0141927 0.338426 0.0268229 0.0657407 
0 0.647917 0.592824 0.0526042 0.0939815 
