0 0.0852865 0.162269 0.0549479 0.11713 
0 0.911068 0.487269 0.0367187 0.0662037 
0 0.386719 0.876157 0.0401042 0.0949074 
0 0.21901 0.291435 0.0385417 0.125463 
0 0.795833 0.315278 0.0572917 0.12963 
0 0.441667 0.759491 0.0515625 0.0828704 
0 0.398047 0.253472 0.0445312 0.116204 
0 0.507422 0.0881944 0.0476562 0.0652778 
0 0.166536 0.296528 0.0299479 0.0699074 
0 0.317969 0.346296 0.0380208 0.128704 
0 0.715885 0.366898 0.0604167 0.0884259 
0 0.399349 0.0673611 0.0330729 0.0893519 
0 0.766146 0.643287 0.0630208 0.050463 
0 0.165234 0.233102 0.0658854 0.0736111 
0 0.0894531 0.347454 0.0408854 0.130093 
0 0.466276 0.938426 0.0533854 0.1 
0 0.0640625 0.598843 0.0395833 0.0893519 
0 0.866276 0.539815 0.0466146 0.075 
0 0.94375 0.211574 0.0463542 0.0935185 
0 0.113672 0.679398 0.0325521 0.0773148 
0 0.908724 0.921991 0.0492188 0.124537 
0 0.976172 0.037963 0.0476562 0.0703704 
0 0.319531 0.0784722 0.0552083 0.0949074 
0 0.31862 0.792593 0.0414063 0.0935185 
0 0.0479167 0.551389 0.0583333 0.0962963 
0 0.127344 0.845833 0.0359375 0.110185 
0 0.386458 0.478241 0.0572917 0.0638889 
0 0.682161 0.856713 0.0429688 0.124537 
0 0.968229 0.407407 0.059375 0.062963 
0 0.708984 0.650926 0.0398437 0.137963 
0 0.433203 0.891435 0.0236979 0.105093 
0 0.626953 0.650463 0.0283854 0.115741 
0 0.44388 0.661111 0.0320312 0.126852 
0 0.121484 0.409722 0.0242187 0.0583333 
0 0.0678385 0.30787 0.0273438 0.119444 
0 0.383333 0.772685 0.0546875 0.0990741 
0 0.810938 0.913194 0.05625 0.120833 
0 0.197786 0.971296 0.0403646 0.0555556 
0 0.871615 0.311806 0.0557292 0.0634259 
0 0.635286 0.595139 0.0450521 0.0875 
0 0.703125 0.423148 0.0375 0.062963 
0 0.189974 0.477778 0.0632813 0.0833333 
0 0.677734 0.744213 0.0315104 0.124537 
0 0.191927 0.616204 0.0369792 0.0666667 
0 0.742708 0.0444444 0.0296875 0.0861111 
0 0.0696615 0.825926 0.0341146 0.0935185 
0 0.744661 0.233796 0.0273438 0.100926 
0 0.859375 0.812037 0.0447917 0.110185 
0 0.430208 0.345833 0.0302083 0.0703704 
0 0.0720052 0.113194 0.0424479 0.0643518 
0 0.921354 0.813194 0.0302083 0.0856481 
0 0.792969 0.696991 0.0255208 0.0578704 
0 0.221224 0.788194 0.0414063 0.0513889 
0 0.359635 0.334028 0.0385417 0.100463 
0 0.717708 0.93912 0.040625 0.106944 
0 0.605469 0.841667 0.040625 0.0824074 
0 0.0714844 0.955556 0.0559896 0.0842593 
0 0.773047 0.790046 0.0815104 0.0828704 
0 0.190625 0.761111 0.0427083 0.0712963 
