0 0.129948 0.318981 0.0880208 0.144444 
0 0.599089 0.291898 0.0684896 0.130093 
0 0.311589 0.182407 0.0492188 0.087963 
0 0.749609 0.325 0.0372396 0.133333 
0 0.412891 0.368056 0.0544271 0.124074 
0 0.422786 0.193056 0.105469 0.0962963 
0 0.626562 0.189583 0.0348958 0.185648 
0 0.311979 0.320139 0.0395833 0.148611 
0 0.0233073 0.945139 0.0455729 0.104167 
0 0.694792 0.304398 0.096875 0.0726852 
0 0.815495 0.497454 0.0429688 0.111574 
0 0.236589 0.493056 0.0549479 0.12037 
0 0.98099 0.742593 0.0380208 0.0685185 
0 0.811979 0.152083 0.0359375 0.0550926 
0 0.76849 0.488194 0.0567708 0.0884259 
0 0.752995 0.202546 0.0492188 0.0847222 
0 0.948177 0.557407 0.0359375 0.108333 
0 0.367708 0.766435 0.0390625 0.111574 
0 0.355469 0.491435 0.046875 0.105093 
0 0.400391 0.111574 0.0856771 0.148148 
0 0.541406 0.486111 0.0541667 0.0722222 
0 0.368359 0.579861 0.0304688 0.0606481 
0 0.960938 0.641435 0.0625 0.0930556 
0 0.785547 0.654167 0.0481771 0.0981481 
0 0.852604 0.909722 0.0401042 0.0611111 
0 0.138672 0.572917 0.0757812 0.0819444 
0 0.71875 0.41713 0.0588542 0.10463 
0 0.285677 0.810417 0.0458333 0.0708333 
0 0.813021 0.955556 0.0395833 0.0842593 
0 0.27513 0.930556 0.0773437 0.0666667 
0 0.70599 0.686574 0.0557292 0.0675926 
0 0.260677 0.248148 0.0411458 0.187037 
0 0.572266 0.337037 0.0544271 0.0537037 
0 0.867188 0.792593 0.0354167 0.0925926 
0 0.810026 0.0634259 0.0731771 0.062963 
0 0.0907552 0.185417 0.0528646 0.049537 
0 0.282682 0.43588 0.0315104 0.128241 
0 0.240365 0.795139 0.0322917 0.123611 
0 0.336458 0.727083 0.0354167 0.0550926 
0 0.824219 0.644907 0.03125 0.0592593 
0 0.303776 0.874074 0.0408854 0.113889 
0 0.677214 0.209491 0.0554687 0.0856481 
0 0.688411 0.583102 0.0471354 0.0736111 
0 0.406641 0.889815 0.0309896 0.0759259 
0 0.171745 0.892361 0.0372396 0.0643518 
0 0.0332031 0.322685 0.0575521 0.0787037 
0 0.460807 0.616435 0.0382813 0.131944 
0 0.877344 0.529398 0.0317708 0.0856481 
0 0.875 0.634954 0.0427083 0.099537 
0 0.163542 0.418981 0.0630208 0.0768519 
0 0.0321615 0.420833 0.0440104 0.0768519 
0 0.632812 0.780787 0.0229167 0.0560185 
0 0.60013 0.915741 0.0315104 0.116667 
0 0.141146 0.826157 0.0463542 0.0930556 
0 0.928646 0.965278 0.0317708 0.0638889 
0 0.405469 0.425231 0.0463542 0.0717593 
0 0.991667 0.536343 0.0151042 0.0865741 
0 0.963411 0.97037 0.0570313 0.0537037 
0 0.958464 0.259028 0.0549479 0.0523148 
0 0.125781 0.954861 0.0380208 0.0856481 
0 0.117448 0.484722 0.0791667 0.0722222 
0 0.568359 0.446065 0.0351562 0.103241 
0 0.505339 0.323611 0.0195312 0.0611111 
0 0.116016 0.738657 0.0539063 0.0625 
0 0.686589 0.908102 0.0450521 0.0930556 
