0 0.501042 0.851852 0.0770833 0.087037 
0 0.531771 0.125 0.0682292 0.130556 
0 0.617188 0.257639 0.046875 0.134722 
0 0.40599 0.858102 0.0411458 0.1125 
0 0.402734 0.178241 0.0398437 0.146296 
0 0.703125 0.727083 0.0479167 0.0615741 
0 0.375391 0.424537 0.0289063 0.123148 
0 0.57513 0.567361 0.0408854 0.0810185 
0 0.563411 0.25787 0.0481771 0.062963 
0 0.446224 0.343981 0.0528646 0.125926 
0 0.124089 0.317824 0.0377604 0.108796 
0 0.61862 0.451389 0.0908854 0.0898148 
0 0.238281 0.564815 0.0604167 0.101852 
0 0.484896 0.0358796 0.0286458 0.0717593 
0 0.272005 0.40463 0.0539063 0.0990741 
0 0.654688 0.561343 0.0260417 0.050463 
0 0.647396 0.0451389 0.065625 0.0847222 
0 0.475391 0.217593 0.0611979 0.0851852 
0 0.245312 0.236806 0.0442708 0.0865741 
0 0.286068 0.103472 0.0690104 0.075463 
0 0.358203 0.353472 0.0335938 0.118981 
0 0.289323 0.683565 0.0395833 0.0856481 
0 0.25 0.762963 0.0651042 0.075 
0 0.17526 0.0548611 0.0354167 0.0967593 
0 0.491667 0.716898 0.0447917 0.0865741 
0 0.582031 0.0391204 0.0822917 0.074537 
0 0.182552 0.905556 0.0838542 0.0842593 
0 0.396745 0.550926 0.0424479 0.149074 
0 0.0894531 0.87963 0.0466146 0.0722222 
0 0.102474 0.236806 0.0424479 0.0782407 
0 0.113672 0.638889 0.0726563 0.0666667 
0 0.314193 0.511574 0.0747396 0.0638889 
0 0.533594 0.40787 0.0291667 0.0453704 
0 0.110286 0.548148 0.0549479 0.062037 
0 0.129948 0.0416667 0.0364583 0.0694444 
0 0.0570313 0.126852 0.0375 0.12037 
0 0.0322917 0.907176 0.0484375 0.075463 
0 0.2625 0.884954 0.0494792 0.0856481 
0 0.203255 0.375926 0.0434896 0.0481481 
0 0.0915365 0.764815 0.0622396 0.0805556 
0 0.0184896 0.599306 0.034375 0.0763889 
0 0.340234 0.741667 0.0403646 0.087963 
0 0.209766 0.623611 0.0877604 0.062037 
0 0.138672 0.411343 0.0528646 0.0476852 
0 0.317448 0.771296 0.0473958 0.0574074 
0 0.696354 0.820833 0.0463542 0.0555556 
0 0.957552 0.640278 0.0338542 0.0518519 
0 0.109896 0.101389 0.0208333 0.0657407 
0 0.123568 0.903472 0.0335938 0.099537 
0 0.476562 0.104861 0.0515625 0.0587963 
