0 0.965755 0.194676 0.0455729 0.110648 
0 0.779297 0.451852 0.0372396 0.119444 
0 0.144531 0.210648 0.0375 0.108333 
0 0.429167 0.546065 0.0505208 0.0865741 
0 0.225 0.352315 0.0557292 0.0648148 
0 0.302214 0.279398 0.0486979 0.0615741 
0 0.811068 0.732176 0.0419271 0.0680556 
0 0.502995 0.369676 0.0315104 0.134722 
0 0.35625 0.73912 0.0505208 0.0958333 
0 0.922396 0.240741 0.046875 0.0740741 
0 0.867188 0.427083 0.0515625 0.0606481 
0 0.834896 0.238889 0.0552083 0.0953704 
0 0.712891 0.545833 0.0273438 0.123148 
0 0.864844 0.343981 0.0619792 0.0925926 
0 0.764063 0.566667 0.0385417 0.0694444 
0 0.819271 0.119676 0.0270833 0.0597222 
0 0.352083 0.298843 0.0432292 0.0837963 
0 0.585547 0.33912 0.0273438 0.108796 
0 0.74375 0.822917 0.0411458 0.0606481 
0 0.928776 0.845833 0.0575521 0.0777778 
0 0.575651 0.0965278 0.0289063 0.0458333 
0 0.786589 0.871528 0.0580729 0.0893519 
0 0.489193 0.744907 0.0335938 0.109259 
0 0.567448 0.648611 0.04375 0.0592593 
0 0.606901 0.692361 0.0299479 0.0782407 
0 0.929167 0.561111 0.0328125 0.05 
0 0.724089 0.269444 0.0466146 0.0712963 
0 0.680729 0.920833 0.046875 0.14537 
0 0.136719 0.684722 0.0354167 0.0796296 
0 0.960026 0.680556 0.0320312 0.100926 
0 0.815365 0.356019 0.0671875 0.0981481 
0 0.279687 0.882176 0.04375 0.0976852 
0 0.316016 0.916667 0.0257812 0.137963 
0 0.211458 0.203472 0.0489583 0.102315 
0 0.666016 0.795602 0.0611979 0.0800926 
0 0.717188 0.352546 0.0463542 0.0671296 
0 0.973698 0.938194 0.0338542 0.0912037 
0 0.696224 0.744213 0.0632813 0.0625 
0 0.216016 0.756944 0.0294271 0.0731481 
0 0.159635 0.794213 0.0354167 0.115278 
0 0.858984 0.704167 0.0356771 0.0546296 
0 0.491667 0.523148 0.0291667 0.0712963 
0 0.972656 0.462731 0.0479167 0.0875 
0 0.215495 0.884954 0.0263021 0.100463 
0 0.560938 0.711806 0.0291667 0.0856481 
0 0.298047 0.117361 0.0617188 0.0939815 
0 0.358984 0.536806 0.0471354 0.0699074 
0 0.964844 0.366204 0.0354167 0.1 
0 0.129036 0.486574 0.0377604 0.0444444 
0 0.0654948 0.967824 0.0492188 0.0615741 
0 0.517057 0.470139 0.0518229 0.0587963 
0 0.395182 0.184259 0.0257812 0.0916667 
0 0.06875 0.150926 0.0578125 0.0425926 
0 0.542057 0.7625 0.0247396 0.118519 
0 0.322266 0.447454 0.0325521 0.0597222 
0 0.580599 0.464815 0.0507812 0.0675926 
0 0.03125 0.411806 0.0520833 0.0634259 
0 0.0270833 0.893287 0.0416667 0.106019 
0 0.0959635 0.879398 0.0367187 0.075463 
0 0.306901 0.509954 0.0429688 0.0578704 
0 0.23138 0.709722 0.0356771 0.0611111 
0 0.985807 0.563426 0.0257812 0.0592593 
0 0.0451823 0.72662 0.0403646 0.0884259 
0 0.261458 0.450463 0.0416667 0.0583333 
0 0.470703 0.392593 0.0351562 0.0574074 
0 0.89987 0.374537 0.0393229 0.0805556 
0 0.491276 0.971528 0.0533854 0.0541667 
0 0.865755 0.812963 0.0278646 0.101852 
0 0.271484 0.585417 0.0460938 0.0532407 
0 0.80612 0.675463 0.0320312 0.0685185 
0 0.369141 0.910417 0.0424479 0.133796 
0 0.211979 0.4875 0.040625 0.0648148 
0 0.432813 0.349074 0.0260417 0.0814815 
0 0.883203 0.538426 0.0424479 0.0981481 
0 0.0630208 0.641435 0.0489583 0.050463 
0 0.857422 0.631019 0.0627604 0.0740741 
