0 0.819401 0.0539352 0.0622396 0.10787 
0 0.699609 0.102546 0.0804688 0.0884259 
0 0.0438802 0.551157 0.0445312 0.0902778 
0 0.663021 0.659722 0.0536458 0.10463 
0 0.613802 0.424074 0.0427083 0.0953704 
0 0.508333 0.318056 0.0708333 0.106481 
0 0.0596354 0.793287 0.040625 0.147685 
0 0.51263 0.503704 0.0335938 0.0527778 
0 0.427734 0.252778 0.0643229 0.075 
0 0.369141 0.355556 0.0356771 0.075 
0 0.693359 0.463657 0.0611979 0.049537 
0 0.916016 0.55787 0.0559896 0.123148 
0 0.23776 0.661806 0.0432292 0.0791667 
0 0.434115 0.851157 0.0369792 0.0726852 
0 0.849089 0.130324 0.0440104 0.136574 
0 0.0286458 0.245139 0.0421875 0.0587963 
0 0.771484 0.318519 0.0513021 0.0944444 
0 0.536068 0.213194 0.0372396 0.108796 
0 0.373828 0.838426 0.0460938 0.0666667 
0 0.317187 0.860648 0.0354167 0.0851852 
0 0.720182 0.847685 0.0304688 0.0916667 
0 0.231771 0.771065 0.0567708 0.0717593 
0 0.0230469 0.694907 0.0440104 0.0601852 
0 0.108203 0.789352 0.0356771 0.0814815 
0 0.194531 0.65787 0.0291667 0.0703704 
0 0.34401 0.518981 0.028125 0.114815 
0 0.0248698 0.384259 0.0497396 0.0731481 
0 0.467708 0.961806 0.0411458 0.0680556 
0 0.32526 0.673148 0.0505208 0.0638889 
0 0.127995 0.839815 0.0544271 0.0731481 
0 0.871484 0.775926 0.0320312 0.119444 
0 0.63138 0.875926 0.0393229 0.0907407 
0 0.806641 0.955787 0.0393229 0.0856481 
0 0.784635 0.679398 0.0328125 0.0939815 
0 0.281771 0.367824 0.0489583 0.0615741 
0 0.771875 0.87338 0.034375 0.0949074 
0 0.0723958 0.677083 0.0432292 0.0634259 
0 0.232422 0.218519 0.0523437 0.0592593 
0 0.692318 0.563426 0.0440104 0.0601852 
