0 0.222526 0.687268 0.0304688 0.136574 
0 0.957943 0.53287 0.0315104 0.0898148 
0 0.582031 0.378241 0.0401042 0.1 
0 0.36888 0.711806 0.0486979 0.0671296 
0 0.678255 0.765509 0.0440104 0.075463 
0 0.835938 0.618287 0.05625 0.0902778 
0 0.730078 0.505556 0.0382813 0.163889 
0 0.453125 0.928009 0.03125 0.126389 
0 0.186589 0.806944 0.0549479 0.0583333 
0 0.594271 0.57037 0.0651042 0.05 
0 0.276432 0.699769 0.0320312 0.0912037 
0 0.928776 0.582176 0.0434896 0.0365741 
0 0.0178385 0.928009 0.0335938 0.0652778 
0 0.282552 0.922685 0.0666667 0.0722222 
0 0.190234 0.682407 0.0231771 0.0722222 
0 0.669401 0.688194 0.0481771 0.075463 
0 0.891146 0.395139 0.05 0.0513889 
0 0.775391 0.892361 0.0351562 0.127315 
0 0.174089 0.45625 0.0528646 0.0532407 
0 0.744661 0.32037 0.0242187 0.0435185 
0 0.0375 0.875 0.0703125 0.0685185 
0 0.373958 0.630093 0.0625 0.114815 
0 0.695833 0.330324 0.0223958 0.0449074 
