0 0.771484 0.565972 0.0341146 0.115278 
0 0.745182 0.86088 0.0804688 0.0634259 
0 0.885807 0.946991 0.0408854 0.0986111 
0 0.666016 0.899306 0.0497396 0.0587963 
0 0.579167 0.668519 0.0572917 0.0657407 
0 0.343229 0.460417 0.040625 0.0837963 
0 0.952734 0.64838 0.0476562 0.049537 
0 0.60013 0.910648 0.0575521 0.0638889 
0 0.489974 0.472222 0.0247396 0.0546296 
0 0.66901 0.702778 0.0838542 0.0731481 
0 0.305469 0.90463 0.0578125 0.0740741 
0 0.134505 0.703009 0.0419271 0.0606481 
0 0.909115 0.769676 0.0479167 0.049537 
0 0.506771 0.653241 0.0625 0.0527778 
0 0.648958 0.962731 0.0588542 0.074537 
0 0.98737 0.368287 0.0216146 0.10787 
