0 0.670313 0.280787 0.0682292 0.148611 
0 0.60599 0.533796 0.0760417 0.128704 
0 0.384766 0.319676 0.108594 0.0847222 
0 0.722135 0.602546 0.05 0.0791667 
0 0.397656 0.598148 0.123958 0.0824074 
0 0.385286 0.733102 0.0544271 0.118056 
0 0.401563 0.80463 0.0635417 0.148148 
0 0.251823 0.625926 0.0333333 0.0722222 
0 0.454948 0.243519 0.0630208 0.062963 
0 0.619661 0.915741 0.0721354 0.106481 
0 0.596224 0.753009 0.0492188 0.181944 
0 0.301302 0.0729167 0.0666667 0.0717593 
0 0.298307 0.74375 0.0507812 0.0726852 
0 0.220443 0.539583 0.0606771 0.0875 
0 0.0286458 0.762731 0.0333333 0.0717593 
0 0.0417969 0.0918982 0.0721354 0.0708333 
0 0.500911 0.85162 0.0544271 0.0652778 
0 0.279036 0.213889 0.0580729 0.101852 
0 0.229036 0.384259 0.0481771 0.0546296 
0 0.183073 0.472685 0.0708333 0.0555556 
0 0.310937 0.921991 0.0453125 0.0865741 
0 0.29362 0.40463 0.0471354 0.131481 
0 0.590234 0.373611 0.0466146 0.0916667 
0 0.513672 0.585417 0.0450521 0.161574 
0 0.469141 0.43125 0.0414063 0.0699074 
0 0.0934896 0.63588 0.046875 0.0837963 
0 0.546354 0.972685 0.0609375 0.0546296 
0 0.39987 0.911343 0.0851562 0.0810185 
0 0.0984375 0.910648 0.05 0.141667 
0 0.666406 0.205324 0.0401042 0.0699074 
0 0.0660156 0.308565 0.0289063 0.113426 
0 0.188672 0.0731481 0.0617188 0.113889 
0 0.109766 0.26875 0.0408854 0.0689815 
0 0.518099 0.168519 0.0559896 0.0472222 
0 0.03125 0.706481 0.0458333 0.0574074 
0 0.74362 0.708333 0.0466146 0.0842593 
0 0.44401 0.140972 0.0338542 0.0430556 
0 0.072526 0.712731 0.0450521 0.0939815 
0 0.448698 0.482639 0.040625 0.0782407 
0 0.259766 0.73912 0.0356771 0.0717593 
0 0.571745 0.294907 0.0325521 0.105556 
0 0.356901 0.493056 0.0924479 0.0787037 
0 0.447266 0.963657 0.0658854 0.0726852 
0 0.0911458 0.817361 0.0286458 0.106944 
0 0.344792 0.625694 0.0578125 0.0578704 
0 0.655729 0.705324 0.0401042 0.0597222 
0 0.229167 0.0444444 0.0421875 0.0814815 
