0 0.788672 0.302546 0.0658854 0.156019 
0 0.690495 0.0824074 0.0867188 0.138889 
0 0.676172 0.730324 0.0471354 0.113426 
0 0.466797 0.0724537 0.0658854 0.0736111 
0 0.105469 0.247222 0.0869792 0.135185 
0 0.838802 0.809954 0.0395833 0.104167 
0 0.121615 0.325231 0.10625 0.0875 
0 0.522396 0.187731 0.0703125 0.0662037 
0 0.0335938 0.312037 0.0625 0.0675926 
0 0.952604 0.627546 0.0328125 0.118981 
0 0.723568 0.628009 0.0414063 0.0967593 
0 0.236328 0.678935 0.0325521 0.133796 
0 0.448958 0.178472 0.0234375 0.075463 
0 0.52487 0.272917 0.0549479 0.0625 
0 0.327604 0.31713 0.0338542 0.177778 
0 0.645052 0.623148 0.0276042 0.12037 
0 0.0688802 0.594676 0.0460938 0.103241 
0 0.970312 0.359491 0.0546875 0.146759 
0 0.853906 0.220139 0.0520833 0.0726852 
0 0.091276 0.905324 0.0528646 0.139352 
0 0.713802 0.847454 0.0296875 0.118981 
0 0.855469 0.3875 0.0427083 0.0657407 
0 0.638281 0.711343 0.0317708 0.11713 
0 0.207682 0.220139 0.0455729 0.129167 
0 0.908203 0.688889 0.0695312 0.0481481 
0 0.808203 0.565972 0.0351562 0.099537 
0 0.778776 0.81088 0.0283854 0.0643518 
0 0.817969 0.156944 0.0385417 0.100926 
0 0.236328 0.407407 0.0492188 0.0546296 
0 0.43776 0.450926 0.05 0.139815 
0 0.871484 0.574306 0.0622396 0.0986111 
0 0.577214 0.722685 0.0471354 0.0768519 
0 0.456771 0.656482 0.05625 0.0768519 
0 0.0855469 0.421296 0.0460938 0.122222 
0 0.186068 0.817361 0.0361979 0.0986111 
0 0.482422 0.516435 0.0518229 0.0800926 
0 0.119271 0.556481 0.0411458 0.113889 
0 0.180078 0.508102 0.0523437 0.0865741 
0 0.456771 0.318981 0.0541667 0.102778 
0 0.972266 0.0358796 0.0544271 0.0689815 
0 0.359635 0.82338 0.0578125 0.0893519 
0 0.490234 0.955787 0.0335938 0.0865741 
0 0.370833 0.529861 0.0338542 0.104167 
0 0.519531 0.741435 0.0546875 0.0662037 
0 0.422656 0.222685 0.0458333 0.0583333 
0 0.70612 0.356713 0.0601562 0.0550926 
0 0.917448 0.0287037 0.0546875 0.0574074 
0 0.0101562 0.0701389 0.0192708 0.1125 
0 0.560026 0.599306 0.0601562 0.0921296 
0 0.167057 0.61875 0.0419271 0.100463 
0 0.983464 0.881944 0.0330729 0.087037 
0 0.679167 0.843287 0.0223958 0.0958333 
0 0.690885 0.961806 0.0536458 0.0708333 
0 0.412109 0.565972 0.0382813 0.050463 
0 0.954167 0.490278 0.0364583 0.0490741 
0 0.978125 0.730324 0.0421875 0.074537 
0 0.561589 0.545139 0.0304688 0.0699074 
0 0.272005 0.767824 0.0403646 0.0634259 
0 0.317839 0.561111 0.0544271 0.137037 
0 0.011849 0.599769 0.0210938 0.0986111 
0 0.64362 0.870139 0.0304688 0.0625 
0 0.372266 0.419907 0.0731771 0.0805556 
0 0.130729 0.859722 0.0557292 0.0564815 
0 0.141276 0.440278 0.0289063 0.0787037 
0 0.539062 0.961806 0.0364583 0.0726852 
0 0.944271 0.0969907 0.075 0.0902778 
0 0.175521 0.432639 0.0333333 0.0652778 
