0 0.340365 0.90625 0.040625 0.165278 
0 0.976172 0.873611 0.0476562 0.0537037 
0 0.372005 0.681019 0.0372396 0.0796296 
0 0.41849 0.756481 0.0286458 0.103704 
0 0.529688 0.820833 0.0276042 0.0907407 
0 0.908203 0.883333 0.0638021 0.0574074 
0 0.848047 0.483565 0.0335938 0.0486111 
0 0.194141 0.573843 0.0377604 0.0939815 
0 0.476302 0.860185 0.0458333 0.0546296 
0 0.224479 0.629398 0.0328125 0.15787 
0 0.292318 0.909722 0.0382813 0.0481481 
0 0.323047 0.60787 0.0351562 0.153704 
0 0.69388 0.681944 0.0507812 0.0898148 
0 0.26875 0.780787 0.0473958 0.0652778 
0 0.217969 0.523843 0.05 0.0513889 
0 0.342708 0.356481 0.025 0.0962963 
