0 0.556641 0.56875 0.0476562 0.103241 
0 0.613281 0.671065 0.075 0.0662037 
0 0.613281 0.0972222 0.0364583 0.0768519 
0 0.289583 0.0631944 0.0536458 0.0560185 
0 0.486589 0.603241 0.0731771 0.0546296 
0 0.662109 0.0900463 0.0528646 0.180093 
0 0.536068 0.844676 0.0367187 0.0893519 
0 0.516667 0.955787 0.0375 0.0865741 
0 0.689453 0.552778 0.0330729 0.0666667 
0 0.533724 0.796065 0.0669271 0.0662037 
0 0.537109 0.333565 0.0283854 0.134722 
0 0.442187 0.429398 0.0260417 0.100463 
0 0.844792 0.90463 0.0598958 0.0527778 
0 0.559635 0.934028 0.0369792 0.126389 
0 0.693359 0.299769 0.0424479 0.0606481 
0 0.446224 0.818981 0.0638021 0.103704 
0 0.11276 0.157176 0.0364583 0.0606481 
0 0.718229 0.228704 0.0385417 0.103704 
0 0.686068 0.133796 0.0434896 0.0472222 
0 0.45599 0.727778 0.0661458 0.0824074 
0 0.154818 0.602083 0.0528646 0.0550926 
0 0.463672 0.0275463 0.0382813 0.049537 
0 0.247135 0.0752315 0.034375 0.0930556 
0 0.769531 0.3375 0.0723958 0.0731481 
0 0.375651 0.861111 0.0335938 0.0814815 
0 0.572786 0.738657 0.0507812 0.0680556 
0 0.681641 0.921065 0.0403646 0.0884259 
0 0.223438 0.628935 0.0359375 0.0393519 
0 0.590365 0.06875 0.0307292 0.050463 
0 0.277344 0.365972 0.034375 0.0773148 
0 0.619661 0.832176 0.0554687 0.0393519 
0 0.508203 0.264583 0.0424479 0.11713 
0 0.574219 0.350231 0.0598958 0.0773148 
0 0.241406 0.518287 0.0385417 0.0587963 
0 0.433594 0.645833 0.0364583 0.0685185 
0 0.620703 0.0300926 0.0471354 0.0592593 
0 0.0764323 0.336574 0.0325521 0.0814815 
0 0.262891 0.276389 0.0539063 0.0490741 
0 0.179688 0.0273148 0.0536458 0.0537037 
0 0.41276 0.548611 0.0317708 0.087037 
0 0.39375 0.876389 0.0375 0.037963 
0 0.231641 0.100231 0.0257812 0.0513889 
0 0.308333 0.327546 0.0510417 0.0578704 
0 0.456771 0.961806 0.0536458 0.074537 
0 0.178646 0.262963 0.0302083 0.0722222 
0 0.408333 0.424769 0.0385417 0.0550926 
0 0.899349 0.492593 0.0429688 0.0722222 
0 0.74375 0.278241 0.03125 0.0657407 
0 0.189974 0.687963 0.0460938 0.0537037 
0 0.253906 0.223611 0.0375 0.0490741 
0 0.0920573 0.603241 0.0242187 0.0861111 
0 0.375 0.0534722 0.0416667 0.0513889 
0 0.567448 0.0365741 0.034375 0.05 
0 0.197786 0.859722 0.0252604 0.0638889 
0 0.254167 0.85625 0.0369792 0.0680556 
0 0.177604 0.444444 0.0270833 0.05 
