0 0.715365 0.490509 0.0411458 0.176389 
0 0.675391 0.932176 0.0799479 0.106019 
0 0.85 0.182407 0.0489583 0.0703704 
0 0.692969 0.430093 0.0416667 0.0916667 
0 0.793359 0.806019 0.0742188 0.0722222 
0 0.770052 0.0641204 0.0302083 0.0587963 
0 0.0373698 0.418287 0.0492188 0.0532407 
0 0.534635 0.32338 0.06875 0.0652778 
0 0.547786 0.766898 0.0341146 0.136574 
0 0.544531 0.630787 0.0489583 0.049537 
0 0.805729 0.547222 0.0635417 0.0453704 
0 0.416016 0.247917 0.0388021 0.0615741 
0 0.456901 0.514352 0.0278646 0.0564815 
0 0.395312 0.669676 0.0578125 0.0523148 
0 0.236328 0.847685 0.0549479 0.0583333 
0 0.457812 0.354398 0.0375 0.0893519 
0 0.523958 0.0525463 0.0583333 0.0930556 
0 0.22526 0.505324 0.0515625 0.0847222 
0 0.105339 0.206481 0.0325521 0.10463 
0 0.310026 0.273611 0.0669271 0.0824074 
0 0.632292 0.818056 0.0494792 0.0462963 
0 0.117448 0.430324 0.0421875 0.0708333 
0 0.691797 0.0766204 0.0716146 0.0736111 
0 0.06875 0.316667 0.05 0.0805556 
0 0.292708 0.0918982 0.0375 0.0884259 
0 0.486979 0.804167 0.0411458 0.144444 
0 0.150521 0.0319444 0.0338542 0.062963 
0 0.275911 0.652778 0.0325521 0.0675926 
0 0.649349 0.0407407 0.0434896 0.0731481 
0 0.60651 0.618981 0.0463542 0.05 
0 0.661589 0.705093 0.0731771 0.0694444 
0 0.361328 0.850694 0.0242187 0.0726852 
0 0.695833 0.0273148 0.0354167 0.0546296 
0 0.580469 0.71088 0.0317708 0.0763889 
0 0.622005 0.759491 0.0523437 0.0893519 
0 0.0688802 0.111574 0.0565104 0.0398148 
0 0.534635 0.864583 0.03125 0.0643518 
0 0.0229167 0.162731 0.0270833 0.0689815 
0 0.357422 0.660648 0.0388021 0.111111 
0 0.0313802 0.508796 0.0528646 0.0574074 
0 0.447005 0.636111 0.0580729 0.0425926 
0 0.552734 0.128704 0.0377604 0.0944444 
0 0.41849 0.719676 0.0375 0.0689815 
0 0.24362 0.300463 0.0247396 0.0703704 
0 0.484115 0.0180556 0.0822917 0.0351852 
0 0.222917 0.715741 0.0432292 0.0777778 
