0 0.66849 0.311806 0.0333333 0.14213 
0 0.699219 0.294213 0.0354167 0.13287 
0 0.64349 0.918519 0.0739583 0.0990741 
0 0.712891 0.0884259 0.101823 0.0611111 
0 0.787109 0.140509 0.0476562 0.103241 
0 0.491927 0.962731 0.0682292 0.074537 
0 0.601172 0.234028 0.0382813 0.0569444 
0 0.447786 0.230324 0.0341146 0.0467593 
0 0.207292 0.705324 0.04375 0.0541667 
0 0.221484 0.825463 0.0434896 0.0472222 
0 0.338411 0.875926 0.0388021 0.0453704 
0 0.597135 0.741204 0.0557292 0.122222 
0 0.760677 0.308796 0.0604167 0.134259 
0 0.570312 0.292824 0.0536458 0.0912037 
0 0.273958 0.402546 0.053125 0.0439815 
0 0.354818 0.504861 0.0440104 0.0439815 
0 0.535156 0.644444 0.0739583 0.0453704 
0 0.559635 0.396991 0.0338542 0.0486111 
0 0.803255 0.433333 0.0335938 0.0675926 
0 0.467578 0.703472 0.0601562 0.0587963 
0 0.419401 0.87963 0.0658854 0.0666667 
0 0.473307 0.460185 0.0252604 0.0796296 
0 0.142839 0.632407 0.0445312 0.0462963 
0 0.721615 0.466898 0.0369792 0.0421296 
0 0.5375 0.075 0.0578125 0.0638889 
0 0.0333333 0.485185 0.0479167 0.0407407 
0 0.19388 0.604167 0.0492188 0.0564815 
0 0.170573 0.854167 0.0447917 0.0731481 
0 0.54388 0.350231 0.0705729 0.0476852 
0 0.245052 0.239352 0.0473958 0.0398148 
0 0.530729 0.788657 0.0640625 0.0523148 
0 0.26263 0.821759 0.0346354 0.0962963 
0 0.219141 0.171759 0.0549479 0.0435185 
0 0.148438 0.122454 0.0390625 0.0699074 
0 0.666406 0.547222 0.0630208 0.0685185 
0 0.396875 0.975694 0.0416667 0.0486111 
0 0.604427 0.530556 0.0458333 0.0657407 
0 0.426432 0.269676 0.0627604 0.0689815 
0 0.429036 0.0391204 0.0361979 0.0689815 
0 0.416016 0.0851852 0.0429688 0.0694444 
0 0.552734 0.60625 0.0674479 0.0402778 
0 0.35599 0.117824 0.0359375 0.0875 
0 0.266797 0.26713 0.0320312 0.0435185 
0 0.348568 0.371528 0.0440104 0.0819444 
0 0.0772135 0.304167 0.0414063 0.0361111 
0 0.389323 0.503935 0.0401042 0.0800926 
0 0.510677 0.398843 0.0401042 0.100463 
0 0.146615 0.515741 0.0359375 0.0944444 
0 0.5 0.514815 0.0609375 0.0546296 
0 0.678255 0.854167 0.0497396 0.037963 
0 0.705078 0.019213 0.0596354 0.0356481 
0 0.0997396 0.557639 0.0453125 0.0513889 
0 0.195052 0.506019 0.0380208 0.0537037 
0 0.341016 0.290741 0.0299479 0.0787037 
0 0.381901 0.0270833 0.0570313 0.0541667 
0 0.371224 0.824537 0.0486979 0.0527778 
0 0.0705729 0.0553241 0.0333333 0.0513889 
