0 0.818359 0.509954 0.0658854 0.120833 
0 0.826172 0.307639 0.122135 0.104167 
0 0.789062 0.897685 0.116146 0.0712963 
0 0.773958 0.0590278 0.0328125 0.114352 
0 0.513151 0.825463 0.0570313 0.0814815 
0 0.419401 0.795139 0.0742188 0.099537 
0 0.560026 0.788194 0.0335938 0.154167 
0 0.503385 0.586806 0.0552083 0.0680556 
0 0.307031 0.405324 0.0390625 0.0837963 
0 0.865234 0.38125 0.0664062 0.0643518 
0 0.900911 0.242824 0.113802 0.0958333 
0 0.722656 0.261111 0.075 0.105556 
0 0.0815104 0.504398 0.0333333 0.0615741 
0 0.57526 0.257639 0.0927083 0.108796 
0 0.417448 0.7125 0.0494792 0.0685185 
0 0.753516 0.481713 0.0559896 0.0865741 
0 0.701693 0.920139 0.0721354 0.135648 
0 0.473437 0.472222 0.0354167 0.0509259 
0 0.248568 0.313657 0.0617188 0.0476852 
0 0.411849 0.0606481 0.0341146 0.114815 
0 0.239193 0.402778 0.0367187 0.126852 
0 0.0492188 0.807639 0.0307292 0.0402778 
0 0.523438 0.122917 0.0505208 0.0837963 
0 0.630859 0.893287 0.114844 0.156944 
0 0.263932 0.43588 0.0372396 0.108796 
0 0.0809896 0.434722 0.0604167 0.0555556 
0 0.48099 0.682176 0.04375 0.0476852 
0 0.973698 0.637269 0.0380208 0.0560185 
0 0.412109 0.576389 0.0632813 0.0796296 
0 0.164583 0.758102 0.0453125 0.135648 
0 0.097526 0.203472 0.0710938 0.0791667 
0 0.299349 0.660648 0.0367187 0.0648148 
0 0.199219 0.247454 0.0692708 0.0421296 
0 0.115625 0.7625 0.034375 0.114815 
0 0.440104 0.530093 0.0286458 0.0972222 
0 0.551302 0.0467593 0.0359375 0.0935185 
0 0.248047 0.684028 0.0721354 0.0699074 
0 0.366016 0.378241 0.0721354 0.102778 
0 0.55026 0.178009 0.0338542 0.0976852 
0 0.494141 0.752546 0.0382813 0.0680556 
0 0.247135 0.79213 0.0609375 0.0583333 
0 0.126693 0.135185 0.0658854 0.0777778 
0 0.250391 0.0314815 0.0658854 0.0425926 
0 0.178385 0.0627315 0.0458333 0.122685 
0 0.292578 0.0361111 0.0221354 0.0722222 
0 0.271745 0.943981 0.0242187 0.112037 
0 0.60638 0.11412 0.0341146 0.197685 
0 0.770964 0.282176 0.0377604 0.0625 
0 0.103125 0.599537 0.0635417 0.0574074 
0 0.0247396 0.311574 0.0380208 0.0472222 
0 0.127604 0.475694 0.0307292 0.0930556 
0 0.208333 0.61713 0.0364583 0.0916667 
0 0.329688 0.545602 0.0411458 0.0430556 
0 0.477344 0.974769 0.05625 0.050463 
0 0.386198 0.0488426 0.0317708 0.0958333 
0 0.178255 0.966204 0.0330729 0.0638889 
0 0.0338542 0.928935 0.0677083 0.0393519 
0 0.58737 0.57338 0.0304688 0.102315 
0 0.145313 0.282176 0.0369792 0.109722 
0 0.0752604 0.965278 0.0270833 0.0462963 
0 0.619141 0.0335648 0.0372396 0.0662037 
0 0.246615 0.62037 0.0375 0.0740741 
0 0.100781 0.843056 0.0223958 0.0814815 
0 0.0542969 0.544213 0.0643229 0.0356481 
0 0.283984 0.202778 0.0283854 0.0888889 
0 0.401823 0.197917 0.0401042 0.0560185 
0 0.608984 0.960185 0.0429688 0.0768519 
0 0.0123698 0.0342593 0.0231771 0.0685185 
0 0.145703 0.025 0.0278646 0.05 
0 0.316667 0.275463 0.0661458 0.0703704 
0 0.160286 0.611806 0.0382813 0.0643518 
0 0.277865 0.634028 0.0380208 0.0680556 
0 0.112891 0.53912 0.0450521 0.0449074 
0 0.286458 0.547222 0.0546875 0.0453704 
0 0.140625 0.202778 0.0421875 0.0601852 
