0 0.618229 0.709722 0.0708333 0.117593 
0 0.75 0.7375 0.107292 0.0768519 
0 0.578125 0.84375 0.0380208 0.0763889 
0 0.644531 0.093287 0.0807292 0.14213 
0 0.563021 0.909722 0.0536458 0.0712963 
0 0.725651 0.922685 0.0403646 0.135185 
0 0.123307 0.318519 0.0476562 0.0953704 
0 0.498047 0.88287 0.0585938 0.136111 
0 0.676302 0.409722 0.0828125 0.0740741 
0 0.551693 0.126157 0.0466146 0.198611 
0 0.49388 0.733102 0.0513021 0.186574 
0 0.250521 0.95162 0.0317708 0.0967593 
0 0.638672 0.278935 0.0450521 0.189352 
0 0.28776 0.717593 0.0854167 0.0675926 
0 0.085026 0.506019 0.0414063 0.0777778 
0 0.322786 0.0493056 0.0408854 0.0893519 
0 0.266536 0.0282407 0.0627604 0.0564815 
0 0.426302 0.389815 0.0479167 0.137037 
0 0.33138 0.389352 0.0481771 0.0722222 
0 0.427083 0.105787 0.104167 0.0967593 
0 0.19401 0.160185 0.0505208 0.062963 
0 0.769141 0.0960648 0.0429688 0.0884259 
0 0.127734 0.594213 0.0408854 0.129167 
0 0.127083 0.934028 0.0557292 0.105093 
0 0.539974 0.279398 0.0570313 0.0467593 
0 0.370313 0.12037 0.0713542 0.0527778 
0 0.285937 0.101157 0.0463542 0.0615741 
0 0.482161 0.595602 0.0679687 0.0634259 
0 0.201042 0.691435 0.0671875 0.0615741 
0 0.583464 0.574074 0.0789063 0.0574074 
0 0.352734 0.914815 0.0690104 0.162037 
0 0.110026 0.713889 0.0690104 0.0574074 
0 0.464063 0.419444 0.0276042 0.121296 
0 0.533203 0.484259 0.0627604 0.062963 
0 0.683594 0.476389 0.0609375 0.0657407 
0 0.316146 0.876852 0.0776042 0.0898148 
0 0.333724 0.259259 0.0236979 0.112037 
0 0.426302 0.53287 0.0635417 0.062963 
0 0.305208 0.778241 0.0671875 0.0490741 
0 0.279557 0.296528 0.0382813 0.0708333 
0 0.395703 0.590278 0.0585938 0.0472222 
0 0.0364583 0.646296 0.0473958 0.0574074 
0 0.366667 0.551157 0.0307292 0.0606481 
0 0.0411458 0.771759 0.0510417 0.0592593 
0 0.0253906 0.59375 0.0497396 0.0643518 
