0 0.078125 0.908796 0.0369792 0.0962963 
0 0.391536 0.767361 0.0398437 0.116204 
0 0.315365 0.64838 0.0546875 0.0587963 
0 0.0507812 0.438194 0.0671875 0.0569444 
0 0.367708 0.497454 0.0510417 0.0449074 
0 0.85599 0.841667 0.040625 0.0944444 
0 0.282422 0.711806 0.0346354 0.0884259 
0 0.024349 0.774769 0.0466146 0.0847222 
0 0.458073 0.37037 0.0375 0.0509259 
0 0.308594 0.429861 0.0333333 0.0449074 
0 0.131901 0.643981 0.0440104 0.0898148 
0 0.0397135 0.375694 0.0486979 0.0523148 
0 0.736328 0.84537 0.0471354 0.143519 
0 0.263021 0.4125 0.0364583 0.0731481 
0 0.46263 0.599769 0.0283854 0.0634259 
0 0.494271 0.957407 0.0515625 0.0805556 
0 0.486328 0.877546 0.0554687 0.049537 
0 0.815365 0.912269 0.0796875 0.0856481 
0 0.195182 0.721759 0.0419271 0.0444444 
0 0.451953 0.805556 0.0382813 0.0657407 
0 0.775391 0.977778 0.0513021 0.0444444 
0 0.144792 0.214583 0.0489583 0.0578704 
0 0.775911 0.651389 0.10026 0.0814815 
