0 0.0759115 0.05 0.0460938 0.0935185 
0 0.907161 0.247685 0.0809896 0.167593 
0 0.283724 0.194213 0.0450521 0.130093 
0 0.816927 0.0550926 0.0770833 0.0972222 
0 0.908724 0.783333 0.0398437 0.112963 
0 0.113151 0.283333 0.0684896 0.0796296 
0 0.538672 0.406944 0.0460938 0.138889 
0 0.768099 0.693056 0.0513021 0.114815 
0 0.200521 0.210185 0.096875 0.136111 
0 0.650391 0.693981 0.0492188 0.100926 
0 0.640625 0.566435 0.046875 0.0949074 
0 0.309896 0.659722 0.0348958 0.137963 
0 0.614844 0.153472 0.0645833 0.0634259 
0 0.80026 0.603704 0.0364583 0.0953704 
0 0.966797 0.538194 0.0549479 0.0958333 
0 0.55026 0.28912 0.0505208 0.0976852 
0 0.796875 0.819907 0.0276042 0.127778 
0 0.852604 0.783333 0.0328125 0.0722222 
0 0.575651 0.0319444 0.0684896 0.0638889 
0 0.539583 0.642824 0.0489583 0.0680556 
0 0.794401 0.325694 0.0481771 0.0523148 
0 0.563411 0.491435 0.0544271 0.0875 
0 0.248307 0.478009 0.0585938 0.0912037 
0 0.423047 0.281713 0.0341146 0.181944 
0 0.494141 0.197917 0.0575521 0.0726852 
0 0.535156 0.149074 0.0229167 0.0666667 
0 0.708984 0.851157 0.0346354 0.0643518 
0 0.880859 0.534722 0.0315104 0.0851852 
0 0.23776 0.623843 0.0369792 0.0800926 
0 0.21901 0.292361 0.0979167 0.0976852 
0 0.249219 0.803009 0.0369792 0.0875 
0 0.0824219 0.328241 0.0382813 0.152778 
0 0.166276 0.894907 0.0471354 0.121296 
0 0.0682292 0.646759 0.0520833 0.0657407 
0 0.132812 0.82338 0.0354167 0.120833 
0 0.833073 0.163194 0.0223958 0.0597222 
0 0.390625 0.538657 0.0578125 0.134722 
0 0.616146 0.240972 0.0546875 0.0587963 
0 0.747005 0.823843 0.0242187 0.0967593 
0 0.0179687 0.36875 0.0328125 0.0893519 
0 0.30638 0.383333 0.0507812 0.0611111 
0 0.902344 0.964583 0.0348958 0.0652778 
0 0.879427 0.597222 0.0328125 0.0833333 
0 0.205599 0.54213 0.0414063 0.100926 
0 0.973568 0.658796 0.0518229 0.0592593 
0 0.475651 0.39537 0.0898438 0.0768519 
0 0.161719 0.565972 0.04375 0.116204 
0 0.0778646 0.561806 0.040625 0.114352 
0 0.024349 0.494907 0.0486979 0.075 
0 0.158724 0.399537 0.0403646 0.127778 
0 0.203125 0.950463 0.0375 0.0592593 
0 0.914974 0.108565 0.0424479 0.104167 
0 0.388672 0.656713 0.0283854 0.0773148 
0 0.753906 0.938426 0.0411458 0.0564815 
0 0.715885 0.681019 0.0375 0.114815 
0 0.472656 0.541667 0.0458333 0.0546296 
0 0.935547 0.354861 0.0393229 0.0523148 
0 0.723177 0.593287 0.0276042 0.106019 
0 0.0298177 0.967824 0.0335938 0.0569444 
0 0.974609 0.280324 0.0320312 0.050463 
0 0.0328125 0.773843 0.0619792 0.0615741 
