0 0.896484 0.128472 0.0575521 0.0865741 
0 0.0539063 0.404861 0.0385417 0.101389 
0 0.100521 0.0891204 0.0796875 0.074537 
0 0.149609 0.23588 0.0346354 0.104167 
0 0.0270833 0.0405093 0.0541667 0.0791667 
0 0.533203 0.318519 0.0606771 0.0861111 
0 0.161068 0.41412 0.0799479 0.0699074 
0 0.224479 0.548611 0.053125 0.100926 
0 0.188281 0.618519 0.0588542 0.0759259 
0 0.756901 0.0668981 0.0445312 0.130093 
0 0.416016 0.296065 0.0554687 0.099537 
0 0.885286 0.0310185 0.0356771 0.0611111 
0 0.476823 0.29537 0.0427083 0.178704 
0 0.876562 0.305556 0.0338542 0.0685185 
0 0.894922 0.673611 0.0617188 0.117593 
0 0.73151 0.271759 0.0520833 0.0657407 
0 0.9125 0.569444 0.034375 0.101852 
0 0.0398437 0.516435 0.0348958 0.123611 
0 0.703125 0.427315 0.0302083 0.103704 
0 0.022526 0.217593 0.0429688 0.0712963 
0 0.305339 0.49213 0.0382813 0.112963 
0 0.220964 0.701157 0.0617188 0.075463 
0 0.785156 0.337037 0.0489583 0.0527778 
0 0.586979 0.2 0.0458333 0.103704 
0 0.707031 0.0402778 0.0614583 0.0518519 
0 0.875911 0.169676 0.0554687 0.0486111 
0 0.663542 0.108796 0.0489583 0.105556 
0 0.709375 0.175463 0.0458333 0.0842593 
0 0.450911 0.490509 0.0502604 0.0782407 
0 0.869661 0.434954 0.0450521 0.0615741 
0 0.30026 0.163657 0.0864583 0.0726852 
0 0.120182 0.0212963 0.0325521 0.0425926 
0 0.760286 0.684028 0.0596354 0.0791667 
0 0.347656 0.565972 0.04375 0.0523148 
0 0.550781 0.122454 0.0369792 0.10787 
0 0.0615885 0.846759 0.0429688 0.0731481 
0 0.255859 0.909722 0.0382813 0.100926 
0 0.707552 0.784722 0.0338542 0.138889 
0 0.670833 0.249537 0.0546875 0.062037 
0 0.152734 0.745602 0.0393229 0.0819444 
0 0.319401 0.697454 0.0408854 0.0856481 
0 0.173177 0.304398 0.0395833 0.102315 
0 0.965365 0.137269 0.0453125 0.0486111 
0 0.504427 0.0247685 0.0484375 0.049537 
0 0.957552 0.604398 0.0703125 0.0773148 
0 0.73099 0.214815 0.0473958 0.0814815 
0 0.167578 0.20625 0.0242187 0.0634259 
0 0.478255 0.712963 0.0434896 0.0425926 
0 0.941406 0.409722 0.0609375 0.0638889 
0 0.110547 0.325 0.0445312 0.0583333 
0 0.966276 0.485648 0.0299479 0.0990741 
0 0.354948 0.502546 0.0609375 0.0949074 
0 0.614323 0.733102 0.0510417 0.0847222 
0 0.866276 0.733565 0.0351562 0.0587963 
0 0.18099 0.0865741 0.0302083 0.087963 
0 0.556641 0.736574 0.0580729 0.0777778 
0 0.922396 0.90787 0.0604167 0.0824074 
0 0.683073 0.909722 0.0354167 0.0990741 
0 0.626953 0.189815 0.0330729 0.0638889 
