0 0.45612 0.062963 0.0388021 0.1 
0 0.229167 0.273843 0.0359375 0.075463 
0 0.336589 0.201389 0.0414063 0.0805556 
0 0.525391 0.0453704 0.0429688 0.0907407 
0 0.86237 0.673611 0.0356771 0.0935185 
0 0.116146 0.514352 0.040625 0.087037 
0 0.832422 0.145602 0.0283854 0.0856481 
0 0.153385 0.183796 0.053125 0.0842593 
0 0.514583 0.217361 0.0348958 0.0949074 
0 0.780729 0.049537 0.0604167 0.0537037 
0 0.269792 0.433796 0.0432292 0.111111 
0 0.0199219 0.550694 0.0377604 0.0865741 
0 0.25612 0.23912 0.0408854 0.0689815 
0 0.464583 0.134491 0.0583333 0.0680556 
0 0.314974 0.750463 0.0356771 0.0638889 
0 0.913021 0.204861 0.0354167 0.0717593 
0 0.88763 0.537731 0.0356771 0.0671296 
0 0.542448 0.230324 0.021875 0.0763889 
0 0.311068 0.901852 0.0382813 0.0574074 
0 0.972656 0.359954 0.0291667 0.0921296 
0 0.979036 0.025 0.0346354 0.05 
0 0.821745 0.703704 0.0388021 0.075 
0 0.41237 0.28588 0.0341146 0.101389 
0 0.617188 0.127778 0.0458333 0.0907407 
0 0.301823 0.321991 0.0385417 0.0763889 
0 0.33737 0.0284722 0.0393229 0.0550926 
0 0.715234 0.0217593 0.0471354 0.0435185 
0 0.445052 0.294907 0.0395833 0.106481 
0 0.200651 0.319676 0.0476562 0.0569444 
0 0.835547 0.441667 0.0398437 0.0888889 
0 0.664583 0.43912 0.0520833 0.0800926 
0 0.164583 0.0201389 0.0598958 0.0402778 
0 0.621094 0.0166667 0.0296875 0.0324074 
0 0.0988281 0.0865741 0.0289063 0.062037 
0 0.786589 0.552778 0.0471354 0.0833333 
0 0.510677 0.142824 0.0322917 0.0541667 
0 0.250781 0.326389 0.0375 0.0777778 
0 0.746615 0.61875 0.0197917 0.0930556 
0 0.585938 0.691435 0.0364583 0.0652778 
0 0.90625 0.815509 0.0322917 0.0773148 
0 0.936979 0.363657 0.0265625 0.104167 
0 0.0518229 0.282176 0.046875 0.0560185 
0 0.948698 0.751852 0.0302083 0.0666667 
0 0.441927 0.568287 0.0364583 0.0578704 
0 0.185026 0.460648 0.0445312 0.0611111 
0 0.955469 0.432639 0.028125 0.0634259 
0 0.541927 0.326389 0.0401042 0.0490741 
0 0.838411 0.312963 0.0429688 0.0425926 
0 0.0916667 0.142824 0.0333333 0.0726852 
0 0.361589 0.961806 0.0471354 0.0699074 
0 0.660677 0.101852 0.0536458 0.0472222 
0 0.978516 0.661574 0.0424479 0.087963 
0 0.477344 0.815972 0.0395833 0.0847222 
0 0.958984 0.193981 0.0398437 0.0805556 
0 0.947656 0.868981 0.040625 0.0601852 
0 0.0535156 0.726852 0.0351562 0.0898148 
0 0.41237 0.199537 0.0419271 0.0574074 
0 0.136589 0.382407 0.0325521 0.0962963 
0 0.616146 0.196991 0.0338542 0.0708333 
0 0.51849 0.492593 0.0479167 0.0611111 
