0 0.107813 0.0731481 0.0390625 0.12963 
0 0.640104 0.159259 0.0427083 0.0888889 
0 0.103906 0.228241 0.0442708 0.0694444 
0 0.35625 0.236111 0.0380208 0.0953704 
0 0.443099 0.534722 0.0351562 0.0787037 
0 0.838411 0.524074 0.0388021 0.117593 
0 0.286849 0.701389 0.0382813 0.0648148 
0 0.445573 0.439583 0.0572917 0.0837963 
0 0.618099 0.712963 0.0377604 0.0666667 
0 0.575651 0.562037 0.0429688 0.0953704 
0 0.847656 0.234259 0.0651042 0.0722222 
0 0.240104 0.18125 0.0369792 0.0569444 
0 0.736849 0.516898 0.0377604 0.074537 
0 0.875521 0.755787 0.0307292 0.0606481 
0 0.261458 0.435648 0.040625 0.0648148 
0 0.976953 0.340509 0.0335938 0.0569444 
0 0.968229 0.622222 0.0567708 0.0787037 
0 0.513151 0.345139 0.0398437 0.0550926 
0 0.647917 0.428009 0.0572917 0.0717593 
0 0.190234 0.525926 0.0398437 0.0935185 
0 0.0378906 0.440741 0.0565104 0.0814815 
0 0.366276 0.0368056 0.0257812 0.0736111 
0 0.0699219 0.307407 0.0455729 0.0796296 
0 0.40625 0.204167 0.0359375 0.062963 
0 0.354427 0.368287 0.0296875 0.0884259 
0 0.701693 0.379398 0.0570313 0.0736111 
0 0.0402344 0.256019 0.0351562 0.0453704 
0 0.226172 0.616435 0.0460938 0.0615741 
0 0.316667 0.393519 0.0447917 0.0777778 
0 0.378646 0.808102 0.05625 0.0791667 
0 0.314844 0.141204 0.075 0.0638889 
0 0.147005 0.168519 0.0315104 0.117593 
0 0.207682 0.254398 0.0304688 0.113426 
0 0.926693 0.461574 0.0382813 0.0555556 
0 0.414583 0.310185 0.028125 0.0851852 
0 0.0584635 0.214815 0.0361979 0.05 
0 0.631901 0.510417 0.0361979 0.0717593 
0 0.0380208 0.171991 0.0479167 0.0736111 
0 0.599609 0.410648 0.0361979 0.0666667 
