0 0.377214 0.642824 0.0653646 0.160648 
0 0.114453 0.607639 0.0299479 0.0587963 
0 0.617188 0.839815 0.0442708 0.0898148 
0 0.772005 0.661343 0.0799479 0.0884259 
0 0.286589 0.459259 0.0690104 0.0638889 
0 0.46849 0.460417 0.0364583 0.102315 
0 0.719271 0.49375 0.0458333 0.130093 
0 0.857943 0.690278 0.0622396 0.115741 
0 0.304688 0.321296 0.0703125 0.0888889 
0 0.741667 0.190278 0.0453125 0.0814815 
0 0.322005 0.859722 0.0710938 0.0888889 
0 0.875911 0.867593 0.0434896 0.0638889 
0 0.120964 0.516435 0.0513021 0.0643518 
0 0.209115 0.737037 0.0328125 0.087963 
0 0.446094 0.82662 0.0432292 0.0930556 
0 0.838802 0.972222 0.0328125 0.0527778 
0 0.749479 0.965278 0.0510417 0.0675926 
0 0.780729 0.788657 0.0458333 0.0837963 
0 0.15013 0.790278 0.0716146 0.187963 
0 0.78763 0.931481 0.0294271 0.0537037 
0 0.6875 0.961806 0.0557292 0.0717593 
0 0.764063 0.530787 0.0515625 0.134722 
