0 0.688411 0.884491 0.0653646 0.130093 
0 0.627995 0.0944444 0.0559896 0.109259 
0 0.331901 0.924537 0.0638021 0.147222 
0 0.670443 0.646528 0.0690104 0.164352 
0 0.446484 0.646296 0.0476562 0.125926 
0 0.777734 0.766667 0.117448 0.075 
0 0.423438 0.871991 0.0583333 0.113426 
0 0.0351562 0.514352 0.0317708 0.0490741 
0 0.653776 0.483565 0.0335938 0.127315 
0 0.643099 0.180324 0.0434896 0.0486111 
0 0.752344 0.487037 0.0354167 0.112037 
0 0.283984 0.402546 0.0679687 0.0810185 
0 0.563542 0.347222 0.04375 0.062963 
0 0.620573 0.406713 0.0713542 0.075463 
0 0.257161 0.631944 0.0351562 0.087037 
0 0.187109 0.409954 0.0601562 0.114352 
0 0.708464 0.265509 0.0455729 0.049537 
0 0.727083 0.111343 0.0411458 0.183796 
0 0.515104 0.821991 0.0630208 0.123611 
0 0.557552 0.737037 0.0536458 0.0537037 
0 0.269531 0.302546 0.0713542 0.050463 
0 0.329427 0.348611 0.0927083 0.0722222 
0 0.34349 0.76088 0.059375 0.109722 
0 0.304688 0.875232 0.0317708 0.1125 
0 0.2 0.31088 0.0296875 0.0884259 
0 0.679167 0.0356481 0.0395833 0.0712963 
0 0.483984 0.431713 0.0684896 0.0736111 
0 0.708594 0.59213 0.0302083 0.192593 
0 0.554688 0.562963 0.0229167 0.0768519 
0 0.333203 0.723148 0.0450521 0.0824074 
0 0.397005 0.212269 0.0648438 0.0652778 
0 0.544922 0.0418981 0.0997396 0.0615741 
0 0.179948 0.255324 0.0421875 0.0449074 
0 0.498047 0.250463 0.0632813 0.0972222 
0 0.154948 0.687037 0.0609375 0.0731481 
0 0.373958 0.961111 0.0692708 0.0759259 
0 0.589323 0.432407 0.0541667 0.0787037 
0 0.527344 0.409722 0.090625 0.0953704 
0 0.407292 0.346296 0.0526042 0.0425926 
0 0.423177 0.0840278 0.0494792 0.0384259 
0 0.262891 0.750232 0.0361979 0.114352 
0 0.474349 0.187963 0.0867188 0.106481 
0 0.0638021 0.320833 0.06875 0.0462963 
0 0.523438 0.634028 0.0661458 0.0560185 
0 0.117969 0.818519 0.0463542 0.062037 
0 0.506901 0.935648 0.115365 0.109259 
0 0.145313 0.569213 0.0307292 0.100463 
0 0.571875 0.256019 0.0390625 0.0981481 
0 0.216667 0.965972 0.0552083 0.0652778 
0 0.219922 0.0189815 0.0695312 0.037037 
0 0.217318 0.0847222 0.0367187 0.0861111 
0 0.283203 0.454167 0.0445312 0.037963 
0 0.157943 0.377083 0.0591146 0.0449074 
0 0.76263 0.559028 0.0325521 0.0569444 
0 0.0408854 0.453241 0.0484375 0.0768519 
0 0.0261719 0.0395833 0.0523437 0.0430556 
0 0.160938 0.892361 0.0494792 0.0912037 
0 0.0609375 0.444444 0.0447917 0.0490741 
0 0.930208 0.361806 0.034375 0.0458333 
0 0.596745 0.256019 0.0341146 0.062963 
0 0.014974 0.715972 0.0268229 0.0532407 
0 0.146615 0.201157 0.0375 0.0560185 
0 0.385026 0.411111 0.0471354 0.0453704 
0 0.199219 0.44537 0.0192708 0.0759259 
0 0.135547 0.0256944 0.0263021 0.0513889 
0 0.0682292 0.706944 0.0661458 0.0481481 
0 0.478255 0.555093 0.0664062 0.0953704 
0 0.135937 0.147685 0.0348958 0.101852 
0 0.0816406 0.842593 0.0398437 0.0564815 
0 0.610286 0.190741 0.0351562 0.108333 
0 0.0450521 0.978472 0.0328125 0.0402778 
0 0.11888 0.2125 0.0289063 0.0546296 
0 0.0436198 0.274769 0.0382813 0.0875 
0 0.414323 0.657407 0.0338542 0.137963 
0 0.458984 0.0625 0.0325521 0.037037 
0 0.419661 0.973843 0.0434896 0.0523148 
0 0.755859 0.328472 0.0294271 0.0356481 
