0 0.651432 0.574306 0.0768229 0.0680556 
0 0.520052 0.275 0.0390625 0.0555556 
0 0.308984 0.800231 0.0372396 0.0550926 
0 0.210026 0.356944 0.0533854 0.0638889 
0 0.39401 0.0627315 0.0458333 0.0560185 
0 0.652344 0.664583 0.0364583 0.0606481 
0 0.502474 0.765509 0.0268229 0.0976852 
0 0.0201823 0.202778 0.0393229 0.0555556 
0 0.148568 0.0930556 0.0497396 0.103704 
0 0.0829427 0.712963 0.0601562 0.0611111 
0 0.699609 0.129861 0.0440104 0.0412037 
0 0.544922 0.681019 0.0684896 0.0638889 
0 0.619661 0.148843 0.0986979 0.0791667 
0 0.197396 0.0451389 0.0697917 0.0800926 
0 0.491797 0.45625 0.0341146 0.0837963 
0 0.264844 0.96713 0.0322917 0.0592593 
0 0.434766 0.44838 0.0690104 0.0800926 
0 0.583464 0.196991 0.0273438 0.136574 
0 0.130729 0.838657 0.05625 0.0560185 
0 0.504427 0.955787 0.0557292 0.0458333 
0 0.579167 0.593518 0.0713542 0.062037 
0 0.623047 0.508565 0.0783854 0.0856481 
0 0.167708 0.557176 0.0364583 0.106944 
0 0.475391 0.901157 0.0445312 0.130093 
0 0.66263 0.329861 0.0684896 0.0986111 
0 0.976562 0.263889 0.040625 0.0648148 
0 0.467578 0.087037 0.0315104 0.150926 
0 0.714323 0.405324 0.136458 0.0800926 
0 0.528255 0.810648 0.0424479 0.122222 
0 0.282552 0.342593 0.0640625 0.0592593 
0 0.727474 0.0608796 0.0372396 0.0486111 
0 0.110286 0.400231 0.0721354 0.0643518 
0 0.129427 0.778935 0.0447917 0.0884259 
0 0.523958 0.366435 0.0880208 0.0893519 
0 0.298438 0.110648 0.0348958 0.0583333 
0 0.114714 0.296991 0.0502604 0.118981 
0 0.214714 0.178935 0.0419271 0.099537 
0 0.158203 0.927083 0.0367187 0.0643518 
0 0.535156 0.0689815 0.0369792 0.131481 
0 0.16862 0.195139 0.0559896 0.074537 
0 0.333203 0.170602 0.0497396 0.0532407 
0 0.4375 0.247222 0.0348958 0.0398148 
0 0.336198 0.707407 0.0369792 0.0777778 
0 0.451172 0.825231 0.0606771 0.0652778 
0 0.257812 0.628704 0.05 0.037963 
0 0.16849 0.335417 0.0442708 0.0958333 
0 0.61276 0.33125 0.0515625 0.0782407 
0 0.45 0.650694 0.0947917 0.0689815 
0 0.502995 0.902778 0.0549479 0.0888889 
0 0.919922 0.0282407 0.0325521 0.0481481 
0 0.0273438 0.055787 0.03125 0.0541667 
0 0.319531 0.27338 0.0375 0.111574 
0 0.229427 0.886343 0.0786458 0.0486111 
0 0.175781 0.721065 0.0432292 0.075463 
0 0.69388 0.478704 0.0492188 0.087963 
0 0.687109 0.913194 0.0960938 0.075463 
0 0.269531 0.152778 0.0619792 0.0481481 
0 0.259766 0.428241 0.0559896 0.0481481 
0 0.36888 0.670833 0.0429688 0.10463 
0 0.303906 0.976389 0.0296875 0.0472222 
0 0.332682 0.915972 0.0273438 0.0726852 
0 0.535677 0.231944 0.0432292 0.0592593 
0 0.1125 0.0212963 0.0630208 0.0388889 
0 0.195312 0.86713 0.0473958 0.0601852 
0 0.0496094 0.136111 0.0273438 0.0703704 
0 0.0355469 0.96875 0.0294271 0.0578704 
0 0.0847656 0.91412 0.0872396 0.0652778 
