0 0.678255 0.152778 0.0580729 0.103704 
0 0.789583 0.602315 0.0921875 0.062037 
0 0.367448 0.796759 0.0416667 0.0611111 
0 0.652344 0.623611 0.0666667 0.0666667 
0 0.939062 0.524306 0.0494792 0.0828704 
0 0.666536 0.330556 0.0335938 0.0546296 
0 0.478516 0.434491 0.0455729 0.0513889 
0 0.588411 0.125694 0.0736979 0.0625 
0 0.583464 0.866667 0.0393229 0.0787037 
0 0.477995 0.32662 0.0393229 0.0652778 
0 0.10013 0.238426 0.0471354 0.0601852 
0 0.471224 0.590278 0.0278646 0.0537037 
0 0.747135 0.520833 0.0348958 0.0851852 
0 0.548437 0.04375 0.0484375 0.0662037 
0 0.472396 0.851157 0.0489583 0.0625 
0 0.703125 0.737963 0.0348958 0.0592593 
0 0.747526 0.406713 0.0320312 0.0717593 
0 0.384505 0.13125 0.0549479 0.0569444 
0 0.783203 0.363657 0.0523437 0.0560185 
0 0.176693 0.927083 0.0315104 0.0819444 
0 0.442448 0.256944 0.0291667 0.0601852 
0 0.639714 0.0328704 0.0367187 0.0657407 
0 0.306641 0.47338 0.0382813 0.0689815 
0 0.584375 0.238657 0.0369792 0.050463 
0 0.335677 0.833796 0.0333333 0.0444444 
0 0.236458 0.430556 0.05625 0.0648148 
0 0.400391 0.243056 0.0294271 0.0777778 
0 0.330859 0.0696759 0.0195312 0.0699074 
0 0.666536 0.485648 0.0210938 0.087963 
0 0.341797 0.31875 0.0278646 0.0837963 
0 0.458464 0.73287 0.0388021 0.0805556 
0 0.721094 0.282407 0.05 0.0805556 
0 0.362891 0.43125 0.0263021 0.0541667 
0 0.253646 0.352546 0.040625 0.0606481 
0 0.236458 0.154398 0.0317708 0.0421296 
0 0.784635 0.238194 0.0291667 0.0513889 
0 0.697656 0.983565 0.0463542 0.0328704 
0 0.567839 0.2625 0.0242187 0.0675926 
0 0.0240885 0.257407 0.0247396 0.0574074 
0 0.101693 0.551157 0.0330729 0.0532407 
0 0.602083 0.536111 0.0473958 0.075 
0 0.644531 0.728935 0.0270833 0.0708333 
0 0.310807 0.305324 0.0315104 0.0689815 
0 0.471094 0.0701389 0.0291667 0.0476852 
0 0.039974 0.455787 0.0570313 0.0458333 
0 0.63138 0.350694 0.0356771 0.0384259 
0 0.289062 0.269676 0.034375 0.0560185 
0 0.209505 0.92963 0.0403646 0.0583333 
0 0.568359 0.650231 0.0309896 0.1125 
0 0.736328 0.393981 0.0450521 0.0990741 
0 0.328646 0.145602 0.034375 0.0625 
0 0.0873698 0.0729167 0.0257812 0.0662037 
0 0.417969 0.102083 0.0385417 0.0699074 
0 0.474609 0.118981 0.0596354 0.062963 
0 0.700651 0.0689815 0.0601562 0.126852 
0 0.710938 0.120602 0.0432292 0.0782407 
0 0.205339 0.518056 0.0278646 0.0611111 
