0 0.75 0.0701389 0.0546875 0.139352 
0 0.814453 0.787963 0.0585938 0.135185 
0 0.817839 0.0564815 0.0648438 0.112963 
0 0.667057 0.522454 0.0523437 0.104167 
0 0.611849 0.207176 0.0539063 0.118056 
0 0.689844 0.658102 0.0333333 0.0578704 
0 0.626953 0.0634259 0.0664062 0.112037 
0 0.553255 0.555556 0.0289063 0.1 
0 0.688542 0.812268 0.0484375 0.099537 
0 0.335677 0.15463 0.0348958 0.144444 
0 0.136849 0.349769 0.0403646 0.0884259 
0 0.809115 0.211574 0.0333333 0.117593 
0 0.375521 0.241435 0.0614583 0.0736111 
0 0.163021 0.0770833 0.0328125 0.074537 
0 0.29349 0.11412 0.0567708 0.0930556 
0 0.894531 0.521991 0.06875 0.0717593 
0 0.977083 0.814815 0.04375 0.152778 
0 0.194661 0.214815 0.0382813 0.100926 
0 0.036849 0.90787 0.0440104 0.0768519 
0 0.126563 0.796065 0.0307292 0.0893519 
0 0.494141 0.187037 0.0419271 0.0703704 
0 0.806641 0.456019 0.0434896 0.0953704 
0 0.265625 0.315278 0.0375 0.0824074 
0 0.256641 0.0423611 0.0393229 0.0847222 
0 0.755339 0.440509 0.0528646 0.0532407 
0 0.232292 0.670139 0.0598958 0.0736111 
0 0.636198 0.0270833 0.040625 0.0541667 
0 0.161198 0.569907 0.0526042 0.0712963 
0 0.673437 0.346065 0.028125 0.0884259 
0 0.39362 0.157639 0.0341146 0.133796 
0 0.453385 0.543056 0.0369792 0.0916667 
0 0.458464 0.299306 0.0585938 0.0523148 
0 0.221094 0.766204 0.0479167 0.0796296 
0 0.698307 0.413194 0.0575521 0.0615741 
0 0.60638 0.629167 0.0419271 0.0712963 
0 0.285417 0.948611 0.0510417 0.0796296 
0 0.319401 0.0256944 0.0320312 0.0513889 
0 0.584375 0.905324 0.0734375 0.0819444 
0 0.438802 0.480556 0.0604167 0.0472222 
0 0.0878906 0.704398 0.0377604 0.0625 
0 0.0957031 0.371296 0.0341146 0.0472222 
0 0.571745 0.450926 0.0622396 0.0712963 
0 0.544922 0.0787037 0.0570313 0.0953704 
0 0.660156 0.846065 0.0515625 0.0615741 
0 0.802734 0.595139 0.0513021 0.0597222 
0 0.348958 0.96875 0.0380208 0.0569444 
0 0.283854 0.289583 0.0598958 0.050463 
0 0.23138 0.966204 0.0341146 0.062963 
0 0.619141 0.569907 0.0283854 0.0712963 
0 0.215495 0.334491 0.0533854 0.0532407 
