0 0.559115 0.540509 0.0322917 0.111574 
0 0.526823 0.206481 0.0546875 0.0546296 
0 0.322005 0.0905093 0.0419271 0.0560185 
0 0.64349 0.224074 0.0807292 0.0824074 
0 0.692318 0.867593 0.0820312 0.107407 
0 0.468229 0.547685 0.0421875 0.147222 
0 0.318099 0.444213 0.0606771 0.0560185 
0 0.459505 0.0266204 0.0882813 0.0532407 
0 0.599219 0.96088 0.053125 0.0773148 
0 0.60013 0.0592593 0.0585938 0.100926 
0 0.538542 0.744907 0.0880208 0.0592593 
0 0.242318 0.304398 0.0382813 0.0847222 
0 0.382292 0.384028 0.0635417 0.0810185 
0 0.258854 0.67662 0.0484375 0.0550926 
0 0.200651 0.130324 0.0518229 0.0652778 
0 0.553776 0.341898 0.0434896 0.0523148 
0 0.09375 0.519213 0.034375 0.0523148 
0 0.242318 0.397917 0.0440104 0.0652778 
0 0.239063 0.77037 0.0911458 0.0990741 
0 0.534115 0.367824 0.0395833 0.103241 
0 0.361328 0.291204 0.0408854 0.0462963 
0 0.555729 0.661806 0.0640625 0.050463 
0 0.103776 0.605093 0.0388021 0.0722222 
0 0.198568 0.5125 0.0455729 0.0592593 
0 0.412109 0.286806 0.0570313 0.0569444 
0 0.114844 0.160185 0.0484375 0.0546296 
0 0.183073 0.218981 0.059375 0.062963 
0 0.859896 0.655093 0.0526042 0.05 
0 0.48763 0.312037 0.0611979 0.0648148 
0 0.223828 0.658796 0.0304688 0.0851852 
