0 0.618099 0.913889 0.0596354 0.140741 
0 0.801823 0.324769 0.0442708 0.104167 
0 0.689974 0.528704 0.0335938 0.132407 
0 0.611849 0.395602 0.0346354 0.0578704 
0 0.712891 0.479861 0.0335938 0.138426 
0 0.779297 0.493981 0.0700521 0.126852 
0 0.545313 0.939352 0.0614583 0.05 
0 0.365234 0.656713 0.0471354 0.0467593 
0 0.202865 0.731481 0.0416667 0.0537037 
0 0.455729 0.368981 0.034375 0.0462963 
0 0.57474 0.575463 0.0364583 0.062037 
0 0.546875 0.828241 0.078125 0.0611111 
0 0.726562 0.293519 0.109375 0.0666667 
0 0.181771 0.966204 0.0442708 0.062963 
0 0.738281 0.648148 0.0385417 0.0416667 
0 0.171745 0.0243056 0.0341146 0.0486111 
0 0.284896 0.531944 0.0546875 0.0388889 
0 0.400911 0.657176 0.0398437 0.0921296 
0 0.585547 0.472222 0.0549479 0.0925926 
0 0.480208 0.885417 0.0541667 0.0634259 
0 0.38138 0.162269 0.0460938 0.0689815 
0 0.0460938 0.591204 0.0515625 0.0518519 
0 0.139974 0.763889 0.0408854 0.0666667 
0 0.647396 0.172454 0.0348958 0.131944 
0 0.573698 0.785648 0.0567708 0.0527778 
0 0.405339 0.596065 0.0309896 0.0699074 
0 0.43125 0.418056 0.0609375 0.0805556 
0 0.538021 0.192593 0.0416667 0.0509259 
0 0.621094 0.712731 0.0463542 0.0541667 
0 0.350911 0.828935 0.0393229 0.0736111 
0 0.158984 0.644907 0.0382813 0.0944444 
0 0.477474 0.536111 0.0580729 0.0527778 
0 0.458984 0.0465278 0.0716146 0.0717593 
0 0.0861979 0.410648 0.0369792 0.0333333 
0 0.705078 0.184722 0.0611979 0.0861111 
0 0.730469 0.918519 0.040625 0.0462963 
0 0.592318 0.359028 0.0440104 0.0486111 
0 0.684635 0.709491 0.05625 0.0597222 
0 0.0855469 0.288657 0.0398437 0.0532407 
0 0.233333 0.949769 0.0380208 0.0541667 
0 0.511719 0.685185 0.0520833 0.0583333 
0 0.107943 0.670602 0.0372396 0.0393519 
0 0.355208 0.540972 0.0515625 0.0884259 
0 0.81888 0.601852 0.0367187 0.100926 
0 0.120052 0.565972 0.0739583 0.0726852 
0 0.109245 0.34213 0.0429688 0.0444444 
0 0.71237 0.0912037 0.0429688 0.0453704 
0 0.459505 0.579167 0.0294271 0.0462963 
0 0.0752604 0.159954 0.0348958 0.0486111 
0 0.522526 0.336111 0.0330729 0.0898148 
0 0.248047 0.359028 0.0533854 0.0513889 
0 0.161198 0.327083 0.0484375 0.0532407 
0 0.225651 0.287037 0.0559896 0.0444444 
0 0.198177 0.557176 0.0328125 0.0365741 
0 0.0561198 0.0618056 0.0273438 0.0652778 
0 0.563021 0.535648 0.0572917 0.0509259 
0 0.467187 0.0990741 0.0609375 0.0509259 
0 0.268099 0.170139 0.0502604 0.0430556 
0 0.301823 0.324074 0.0416667 0.0574074 
0 0.58151 0.296065 0.0385417 0.0560185 
0 0.0707031 0.648611 0.0351562 0.0453704 
0 0.742708 0.736111 0.0354167 0.0407407 
0 0.0419271 0.485417 0.0395833 0.0856481 
