0 0.552734 0.740278 0.0908854 0.0842593 
0 0.664453 0.412269 0.0450521 0.143981 
0 0.622526 0.199537 0.0502604 0.087037 
0 0.445833 0.57037 0.0598958 0.0777778 
0 0.197396 0.741667 0.0583333 0.101852 
0 0.726562 0.273843 0.0552083 0.0930556 
0 0.423177 0.428009 0.0723958 0.0930556 
0 0.857422 0.603704 0.0601562 0.1 
0 0.320833 0.963426 0.0609375 0.0703704 
0 0.754427 0.797222 0.04375 0.0842593 
0 0.743229 0.365972 0.0536458 0.1125 
0 0.560547 0.821065 0.0492188 0.0856481 
0 0.527344 0.915046 0.0546875 0.119907 
0 0.361849 0.673611 0.0664062 0.0712963 
0 0.939844 0.425231 0.0432292 0.0578704 
0 0.84375 0.812037 0.0536458 0.0703704 
0 0.977474 0.940972 0.0408854 0.0625 
0 0.963281 0.194907 0.0359375 0.108333 
0 0.854557 0.454861 0.0669271 0.0578704 
0 0.521094 0.402315 0.0338542 0.062963 
0 0.299089 0.878935 0.0606771 0.0625 
0 0.971224 0.640509 0.0450521 0.161574 
0 0.207552 0.952083 0.0432292 0.0782407 
0 0.320964 0.525926 0.0403646 0.062037 
0 0.586849 0.977315 0.0596354 0.0453704 
0 0.140234 0.794213 0.0507812 0.0467593 
0 0.0919271 0.870139 0.0463542 0.118056 
0 0.44362 0.846759 0.0497396 0.0648148 
0 0.971745 0.431713 0.0518229 0.106019 
0 0.71875 0.710648 0.0640625 0.0842593 
0 0.369141 0.589352 0.0315104 0.0981481 
