0 0.561458 0.30162 0.0385417 0.0837963 
0 0.396484 0.0601852 0.0325521 0.0981481 
0 0.532682 0.175694 0.0434896 0.127315 
0 0.138021 0.0550926 0.0359375 0.0611111 
0 0.168229 0.265046 0.0463542 0.110648 
0 0.421354 0.548843 0.0322917 0.0736111 
0 0.665495 0.429167 0.0445312 0.0888889 
0 0.307682 0.043287 0.0414063 0.0597222 
0 0.664974 0.344907 0.0356771 0.0574074 
0 0.952083 0.585648 0.0427083 0.087963 
0 0.910156 0.0261574 0.0328125 0.0523148 
0 0.399609 0.846759 0.0476562 0.0685185 
0 0.246354 0.543287 0.0354167 0.0643518 
0 0.723568 0.319676 0.0325521 0.0902778 
0 0.958984 0.0652778 0.0502604 0.0490741 
0 0.116797 0.100926 0.0434896 0.0824074 
0 0.436979 0.0847222 0.0239583 0.0777778 
0 0.660677 0.249769 0.0395833 0.0847222 
0 0.541016 0.378935 0.0346354 0.0865741 
0 0.395573 0.667593 0.0401042 0.0824074 
0 0.582031 0.837269 0.0484375 0.0958333 
0 0.0373698 0.0284722 0.0716146 0.0560185 
0 0.313802 0.120602 0.0296875 0.0847222 
0 0.541016 0.0381944 0.0315104 0.0763889 
0 0.708464 0.127546 0.0388021 0.0532407 
0 0.941406 0.482639 0.0463542 0.0597222 
0 0.0223958 0.336574 0.0416667 0.0925926 
0 0.76263 0.408796 0.0575521 0.0712963 
0 0.171094 0.387037 0.0364583 0.0675926 
0 0.853125 0.259491 0.0276042 0.0782407 
0 0.270443 0.0208333 0.0544271 0.0416667 
0 0.353255 0.423148 0.0398437 0.0546296 
0 0.225391 0.278009 0.0419271 0.0708333 
0 0.641146 0.134722 0.040625 0.0657407 
0 0.522005 0.0439815 0.0320312 0.0805556 
0 0.795833 0.0900463 0.03125 0.0671296 
0 0.502344 0.545833 0.0411458 0.062037 
0 0.465365 0.0490741 0.0364583 0.0574074 
0 0.20651 0.154167 0.0364583 0.062037 
0 0.851042 0.324306 0.0276042 0.0652778 
0 0.66263 0.626389 0.0335938 0.0611111 
0 0.771484 0.208102 0.0320312 0.0569444 
0 0.284115 0.806944 0.0447917 0.0768519 
0 0.823698 0.247454 0.0291667 0.0893519 
0 0.409896 0.265741 0.0369792 0.0675926 
0 0.336198 0.145833 0.0338542 0.121296 
0 0.676172 0.674074 0.0361979 0.110185 
0 0.149479 0.167593 0.034375 0.0574074 
0 0.786589 0.554167 0.0299479 0.0527778 
0 0.751042 0.535648 0.0229167 0.0842593 
0 0.754818 0.142593 0.0429688 0.062963 
0 0.64987 0.495602 0.0221354 0.0921296 
0 0.725 0.0351852 0.0270833 0.062963 
0 0.694922 0.977546 0.0361979 0.0430556 
0 0.804688 0.698843 0.028125 0.0680556 
0 0.649349 0.884954 0.0268229 0.0532407 
0 0.913151 0.836574 0.0346354 0.0546296 
0 0.646484 0.974769 0.0445312 0.0467593 
0 0.292057 0.313657 0.0210938 0.0856481 
0 0.167187 0.0993056 0.0432292 0.0467593 
0 0.340365 0.342361 0.03125 0.0689815 
