0 0.351823 0.167593 0.046875 0.136111 
0 0.966406 0.761574 0.0442708 0.112963 
0 0.0509115 0.362731 0.0929687 0.148611 
0 0.851562 0.667824 0.0625 0.106019 
0 0.632292 0.253935 0.046875 0.0986111 
0 0.376563 0.641435 0.0296875 0.133796 
0 0.716276 0.53912 0.0460938 0.103241 
0 0.303646 0.254167 0.106771 0.0944444 
0 0.710026 0.681019 0.0481771 0.0962963 
0 0.508203 0.237037 0.0341146 0.174074 
0 0.14974 0.544676 0.0510417 0.114352 
0 0.28737 0.169444 0.0846354 0.146296 
0 0.932682 0.0298611 0.0544271 0.0569444 
0 0.24362 0.539583 0.0408854 0.099537 
0 0.200781 0.243981 0.0604167 0.0777778 
0 0.575651 0.248843 0.0539063 0.0893519 
0 0.152083 0.0328704 0.0473958 0.0657407 
0 0.226693 0.362963 0.0460938 0.142593 
0 0.210547 0.475231 0.0341146 0.130093 
0 0.0498698 0.677778 0.0367187 0.0666667 
0 0.29388 0.608333 0.0325521 0.062963 
0 0.626042 0.374769 0.046875 0.131944 
0 0.936458 0.542593 0.0328125 0.118519 
0 0.676302 0.534259 0.0411458 0.0574074 
0 0.911589 0.766898 0.0398437 0.0828704 
0 0.635807 0.467824 0.0450521 0.0689815 
0 0.0273438 0.0266204 0.0484375 0.0532407 
0 0.98151 0.228704 0.0369792 0.135185 
0 0.0414063 0.533796 0.06875 0.0694444 
0 0.565495 0.355556 0.0929687 0.0740741 
0 0.302214 0.787269 0.0393229 0.105093 
0 0.698698 0.1125 0.0723958 0.0638889 
0 0.323177 0.466204 0.0510417 0.0731481 
0 0.539583 0.92963 0.0380208 0.111111 
0 0.227604 0.877083 0.0432292 0.125463 
0 0.20026 0.940972 0.053125 0.0662037 
0 0.86862 0.804167 0.0330729 0.108333 
0 0.0436198 0.61713 0.0778646 0.0833333 
0 0.708984 0.965278 0.0497396 0.0675926 
0 0.272005 0.743981 0.0346354 0.0574074 
0 0.870573 0.96875 0.0296875 0.0625 
0 0.0623698 0.130324 0.0445312 0.0402778 
0 0.161198 0.294213 0.0427083 0.163426 
0 0.486068 0.375 0.0513021 0.0527778 
0 0.507812 0.321991 0.0630208 0.118981 
0 0.640625 0.706944 0.0572917 0.0666667 
0 0.360286 0.973148 0.0606771 0.0537037 
0 0.798437 0.927083 0.0385417 0.0560185 
0 0.305469 0.380324 0.0380208 0.0708333 
0 0.0705729 0.963657 0.0458333 0.0662037 
