0 0.333203 0.646296 0.0580729 0.149074 
0 0.66888 0.276389 0.0736979 0.176852 
0 0.6875 0.565972 0.0640625 0.102315 
0 0.335156 0.440741 0.04375 0.105556 
0 0.576172 0.821991 0.0815104 0.0689815 
0 0.421875 0.575463 0.0567708 0.112037 
0 0.748568 0.145139 0.0325521 0.0921296 
0 0.652344 0.122222 0.0328125 0.150926 
0 0.773958 0.393056 0.107813 0.0916667 
0 0.0420573 0.335185 0.0341146 0.0444444 
0 0.520052 0.327315 0.0614583 0.0740741 
0 0.324479 0.862963 0.0317708 0.0722222 
0 0.476302 0.256481 0.0713542 0.0796296 
0 0.51901 0.634954 0.1 0.0949074 
0 0.489062 0.192593 0.0333333 0.0472222 
0 0.292188 0.829398 0.0390625 0.10787 
0 0.441406 0.393287 0.0416667 0.125463 
0 0.14974 0.381481 0.028125 0.112037 
0 0.710547 0.74838 0.0351562 0.0439815 
0 0.145964 0.477546 0.0460938 0.0782407 
0 0.502474 0.0819444 0.104948 0.0990741 
0 0.394531 0.963426 0.0463542 0.0685185 
0 0.70599 0.204167 0.0317708 0.199074 
0 0.986198 0.715741 0.0276042 0.05 
0 0.591276 0.126389 0.0445312 0.0611111 
0 0.610417 0.0828704 0.0567708 0.0703704 
0 0.277083 0.239352 0.0484375 0.0472222 
0 0.281901 0.167824 0.0632813 0.0782407 
0 0.338151 0.513426 0.0471354 0.0722222 
0 0.366406 0.680556 0.06875 0.114815 
0 0.403776 0.11713 0.0497396 0.0407407 
0 0.560547 0.447917 0.0559896 0.0726852 
0 0.0997396 0.957639 0.0526042 0.0689815 
0 0.182812 0.176389 0.0364583 0.0796296 
0 0.0585938 0.258102 0.0552083 0.0810185 
0 0.304948 0.634259 0.0302083 0.115741 
0 0.264453 0.504167 0.0361979 0.114815 
0 0.548828 0.0229167 0.0476562 0.0439815 
0 0.220964 0.736111 0.0601562 0.0675926 
0 0.938021 0.634028 0.0380208 0.0726852 
0 0.411589 0.688889 0.0757812 0.0666667 
0 0.220443 0.28912 0.0367187 0.0662037 
0 0.558203 0.165278 0.0914062 0.062963 
0 0.508203 0.513889 0.0507812 0.0981481 
0 0.117839 0.625694 0.0351562 0.0402778 
0 0.0690104 0.548611 0.0723958 0.0416667 
0 0.259505 0.413194 0.0382813 0.0865741 
0 0.0688802 0.415278 0.0450521 0.0527778 
0 0.385026 0.813426 0.0539063 0.0842593 
0 0.172656 0.678472 0.0369792 0.0773148 
0 0.36862 0.878009 0.0627604 0.0671296 
0 0.433333 0.900231 0.0395833 0.0958333 
0 0.20026 0.233565 0.0197917 0.0763889 
0 0.297917 0.0925926 0.104167 0.0592593 
