0 0.193099 0.0666667 0.0565104 0.0787037 
0 0.27487 0.0333333 0.0335938 0.0666667 
0 0.6875 0.0414352 0.0359375 0.0763889 
0 0.857422 0.315509 0.0403646 0.102315 
0 0.435547 0.310417 0.0518229 0.0708333 
0 0.927344 0.0625 0.0458333 0.0990741 
0 0.51901 0.151389 0.0333333 0.128704 
0 0.325651 0.21412 0.0341146 0.0597222 
0 0.345703 0.620602 0.0372396 0.0625 
0 0.976042 0.319676 0.0427083 0.110648 
0 0.0322917 0.113889 0.0411458 0.0722222 
0 0.507292 0.0421296 0.0416667 0.0842593 
0 0.329167 0.133796 0.0385417 0.0675926 
0 0.893099 0.298611 0.0403646 0.0490741 
0 0.77487 0.0407407 0.0643229 0.0712963 
0 0.758724 0.27662 0.0507812 0.0578704 
0 0.657161 0.26875 0.0361979 0.101389 
0 0.0179687 0.289352 0.0208333 0.0907407 
0 0.0420573 0.194213 0.0356771 0.0689815 
0 0.558073 0.352778 0.0333333 0.0842593 
0 0.960417 0.229167 0.0291667 0.0824074 
0 0.648958 0.0268519 0.0453125 0.0537037 
0 0.219401 0.530324 0.0518229 0.0717593 
0 0.174479 0.650231 0.053125 0.074537 
0 0.039974 0.720139 0.0492188 0.0726852 
0 0.697266 0.677083 0.0346354 0.0523148 
0 0.939062 0.29537 0.0401042 0.0703704 
0 0.607031 0.632407 0.0479167 0.0611111 
0 0.822786 0.16875 0.0346354 0.0643518 
0 0.147786 0.330324 0.0242187 0.0902778 
0 0.878385 0.104167 0.040625 0.075 
0 0.809505 0.563426 0.0455729 0.0703704 
0 0.139714 0.588194 0.0565104 0.0717593 
0 0.973177 0.626157 0.040625 0.0791667 
0 0.83737 0.97662 0.0539063 0.0467593 
0 0.739714 0.126852 0.0346354 0.0703704 
0 0.944401 0.45 0.0476562 0.0768519 
0 0.915495 0.625926 0.0434896 0.0972222 
0 0.714453 0.515972 0.0210938 0.0828704 
0 0.628906 0.873148 0.0317708 0.0601852 
