0 0.0541667 0.9 0.0572917 0.156481 
0 0.539583 0.905324 0.0510417 0.152315 
0 0.76862 0.85162 0.0742188 0.0550926 
0 0.120573 0.953935 0.0526042 0.0902778 
0 0.943359 0.859491 0.0450521 0.0921296 
0 0.73138 0.79213 0.0471354 0.124074 
0 0.322266 0.738657 0.0398437 0.104167 
0 0.486849 0.596991 0.0294271 0.118056 
0 0.271484 0.894907 0.0377604 0.128704 
0 0.942839 0.690509 0.0648438 0.074537 
0 0.835026 0.679167 0.0393229 0.0777778 
0 0.286589 0.50162 0.0372396 0.135648 
0 0.564453 0.606944 0.0471354 0.136111 
0 0.623438 0.714583 0.0494792 0.119907 
0 0.182161 0.567824 0.0419271 0.114352 
0 0.350911 0.90463 0.0596354 0.0759259 
