0 0.571875 0.352315 0.040625 0.173148 
0 0.348307 0.665046 0.0408854 0.109722 
0 0.566927 0.751157 0.0802083 0.115278 
0 0.708073 0.58125 0.096875 0.105093 
0 0.458333 0.0594907 0.0614583 0.0458333 
0 0.450911 0.238426 0.0335938 0.0962963 
0 0.534635 0.236806 0.0359375 0.179167 
0 0.770052 0.37963 0.0401042 0.0675926 
0 0.134375 0.208565 0.0276042 0.0717593 
0 0.298828 0.357639 0.0804688 0.050463 
0 0.188672 0.160185 0.0455729 0.0592593 
0 0.272917 0.466204 0.0442708 0.087037 
0 0.0997396 0.547454 0.0651042 0.0615741 
0 0.0557292 0.565972 0.0385417 0.0819444 
0 0.153646 0.59375 0.0364583 0.143981 
0 0.78763 0.957407 0.0367187 0.0824074 
0 0.614323 0.140741 0.0854167 0.12963 
0 0.240365 0.725694 0.0578125 0.0902778 
0 0.228516 0.401852 0.0559896 0.0833333 
0 0.11263 0.612731 0.0591146 0.0569444 
0 0.558594 0.846065 0.0458333 0.0671296 
0 0.374219 0.925231 0.05625 0.135648 
0 0.363802 0.503935 0.0333333 0.0837963 
0 0.594661 0.204167 0.0549479 0.132407 
0 0.29349 0.18912 0.0619792 0.0550926 
0 0.493359 0.872454 0.0455729 0.0921296 
0 0.43724 0.746991 0.0401042 0.121759 
0 0.710417 0.12963 0.0536458 0.0768519 
0 0.629818 0.901852 0.0289063 0.0527778 
0 0.366406 0.761343 0.0328125 0.156019 
0 0.408464 0.938426 0.0528646 0.107407 
0 0.144922 0.862037 0.0408854 0.105556 
0 0.0401042 0.324074 0.0526042 0.062037 
0 0.332552 0.0368056 0.0260417 0.0736111 
0 0.134896 0.431944 0.0348958 0.087037 
0 0.426823 0.854167 0.0458333 0.107407 
0 0.0830729 0.7375 0.0473958 0.0842593 
0 0.61237 0.749074 0.0653646 0.0398148 
0 0.14401 0.0636574 0.0609375 0.0782407 
0 0.482161 0.788657 0.0408854 0.203241 
