0 0.610286 0.371759 0.0950521 0.108333 
0 0.150911 0.910648 0.0554687 0.111111 
0 0.745182 0.846528 0.0330729 0.0625 
0 0.642578 0.108333 0.0888021 0.0675926 
0 0.148177 0.267824 0.0635417 0.0541667 
0 0.411849 0.0298611 0.0476562 0.0569444 
0 0.707943 0.96875 0.0361979 0.0615741 
0 0.695312 0.351852 0.0479167 0.0777778 
0 0.753906 0.529167 0.0630208 0.1 
0 0.519531 0.602778 0.0364583 0.0509259 
0 0.542448 0.953009 0.0588542 0.0921296 
0 0.75638 0.274074 0.0299479 0.0490741 
0 0.465104 0.368056 0.0583333 0.0972222 
0 0.528255 0.208796 0.0757812 0.0611111 
0 0.386979 0.506481 0.0458333 0.173148 
0 0.454297 0.732639 0.0533854 0.0634259 
0 0.277344 0.946991 0.0270833 0.0634259 
0 0.428906 0.15787 0.0651042 0.0685185 
0 0.0398437 0.596065 0.0380208 0.0921296 
0 0.244922 0.903704 0.0736979 0.0796296 
0 0.0713542 0.11713 0.0354167 0.12037 
0 0.0204427 0.0643518 0.0351562 0.0759259 
0 0.0404948 0.445833 0.0736979 0.0907407 
0 0.0824219 0.484491 0.0263021 0.105093 
0 0.333724 0.2375 0.0236979 0.0648148 
0 0.320573 0.713426 0.0390625 0.117593 
0 0.470052 0.677083 0.0796875 0.128241 
0 0.171224 0.185185 0.0497396 0.062037 
0 0.0171875 0.732176 0.0276042 0.099537 
0 0.264583 0.068287 0.0338542 0.0708333 
0 0.148568 0.0280093 0.0361979 0.0560185 
0 0.5875 0.96875 0.0421875 0.0597222 
0 0.116536 0.539583 0.0398437 0.0986111 
0 0.38737 0.427315 0.0382813 0.0768519 
0 0.310807 0.657639 0.0492188 0.0550926 
0 0.578125 0.0731481 0.0510417 0.0444444 
0 0.209505 0.134722 0.0617188 0.0574074 
0 0.203255 0.0546296 0.0523437 0.0953704 
0 0.46875 0.948843 0.0354167 0.101389 
0 0.298828 0.0259259 0.0299479 0.0518519 
0 0.371354 0.162037 0.0401042 0.0768519 
0 0.361328 0.799537 0.0601562 0.0694444 
0 0.317578 0.90625 0.0690104 0.0717593 
0 0.197917 0.575926 0.0911458 0.0592593 
0 0.0938802 0.596296 0.0648438 0.0490741 
0 0.23763 0.67662 0.0502604 0.0458333 
0 0.265365 0.739583 0.0375 0.0689815 
0 0.751432 0.31875 0.0382813 0.0421296 
0 0.566406 0.260417 0.0421875 0.0634259 
0 0.234375 0.317593 0.0364583 0.0925926 
0 0.443099 0.421759 0.0341146 0.0453704 
0 0.0895833 0.647454 0.065625 0.0523148 
0 0.462891 0.0208333 0.0549479 0.0416667 
0 0.255339 0.81713 0.0351562 0.0740741 
0 0.165755 0.705324 0.0466146 0.0856481 
0 0.35599 0.0384259 0.0234375 0.062963 
0 0.185937 0.371065 0.0375 0.0856481 
0 0.31901 0.838657 0.0307292 0.104167 
0 0.0376302 0.981481 0.0575521 0.037037 
0 0.488542 0.168519 0.0234375 0.123148 
0 0.0686198 0.810648 0.0445312 0.0805556 
0 0.163151 0.729167 0.0632813 0.0805556 
0 0.168359 0.438426 0.0492188 0.105556 
0 0.173307 0.0333333 0.0335938 0.0638889 
0 0.459375 0.830787 0.0416667 0.135648 
0 0.014974 0.647222 0.0294271 0.05 
0 0.0158854 0.533333 0.0270833 0.116667 
0 0.726042 0.321065 0.028125 0.0782407 
