0 0.680599 0.0388889 0.0450521 0.0648148 
0 0.358073 0.471296 0.05625 0.110185 
0 0.751432 0.202546 0.0372396 0.0689815 
0 0.780729 0.342593 0.0322917 0.0796296 
0 0.88138 0.203935 0.0351562 0.138426 
0 0.791536 0.0780093 0.0356771 0.13287 
0 0.469792 0.646296 0.0359375 0.0916667 
0 0.548828 0.0969907 0.0940104 0.0615741 
0 0.184505 0.320833 0.0476562 0.0768519 
0 0.619141 0.0701389 0.0570313 0.0569444 
0 0.326953 0.037037 0.0507812 0.0685185 
0 0.166406 0.407407 0.0401042 0.0675926 
0 0.347135 0.852778 0.04375 0.0648148 
0 0.616667 0.143056 0.0703125 0.0712963 
0 0.704167 0.382176 0.0453125 0.0513889 
0 0.128646 0.325463 0.0348958 0.0472222 
0 0.292969 0.844676 0.0395833 0.0773148 
0 0.551693 0.669213 0.0330729 0.0717593 
0 0.0945313 0.475926 0.040625 0.0981481 
0 0.544401 0.42037 0.0507812 0.0925926 
0 0.63724 0.622222 0.046875 0.0601852 
0 0.447526 0.0958333 0.0497396 0.0592593 
0 0.546875 0.303704 0.0520833 0.0592593 
0 0.114844 0.240509 0.0265625 0.115278 
0 0.386328 0.181944 0.0367187 0.115741 
0 0.955599 0.313657 0.0216146 0.0782407 
0 0.864714 0.598843 0.0388021 0.102315 
0 0.36263 0.682407 0.0434896 0.075 
0 0.0630208 0.347454 0.0625 0.0587963 
0 0.1625 0.254167 0.028125 0.121296 
0 0.35651 0.204398 0.0255208 0.0763889 
0 0.834896 0.315509 0.0458333 0.0606481 
0 0.635807 0.933102 0.0591146 0.0782407 
0 0.296094 0.391435 0.0375 0.127315 
0 0.469531 0.753009 0.04375 0.0699074 
0 0.822656 0.0650463 0.0338542 0.124537 
0 0.774479 0.544213 0.0260417 0.0689815 
0 0.0916667 0.196528 0.0234375 0.0782407 
0 0.220182 0.453704 0.0528646 0.0564815 
0 0.632812 0.33125 0.0557292 0.0893519 
0 0.29987 0.601852 0.0434896 0.0481481 
0 0.153385 0.0949074 0.0296875 0.0907407 
0 0.254687 0.418519 0.0364583 0.0916667 
0 0.255339 0.16713 0.0283854 0.136111 
0 0.917448 0.529398 0.0390625 0.0550926 
0 0.729557 0.978009 0.0565104 0.0439815 
0 0.707943 0.242824 0.0325521 0.0976852 
0 0.110026 0.568981 0.0367187 0.0657407 
0 0.610937 0.458333 0.0640625 0.062037 
