0 0.758333 0.840278 0.0453125 0.125926 
0 0.335417 0.907176 0.0432292 0.172685 
0 0.0835937 0.48125 0.0385417 0.141204 
0 0.557552 0.844213 0.0604167 0.0671296 
0 0.0889323 0.885648 0.0434896 0.124074 
0 0.825651 0.772454 0.0648438 0.0671296 
0 0.145573 0.728704 0.034375 0.1 
0 0.85013 0.311574 0.0325521 0.138889 
0 0.950651 0.922917 0.0408854 0.148611 
0 0.675781 0.679167 0.03125 0.0861111 
0 0.884245 0.59375 0.0466146 0.159722 
0 0.729036 0.822454 0.0440104 0.0634259 
0 0.378125 0.599306 0.0489583 0.148611 
0 0.814453 0.591204 0.0455729 0.158333 
0 0.0300781 0.254861 0.0450521 0.0652778 
0 0.5375 0.977315 0.0875 0.0453704 
0 0.946354 0.770139 0.0901042 0.0912037 
0 0.17526 0.903704 0.0505208 0.0657407 
0 0.892057 0.345139 0.0408854 0.105093 
