0 0.583984 0.849306 0.0971354 0.143056 
0 0.73776 0.210648 0.05 0.109259 
0 0.677214 0.180093 0.0575521 0.139815 
0 0.673307 0.496296 0.0434896 0.130556 
0 0.358203 0.900926 0.0424479 0.169444 
0 0.694792 0.84213 0.103125 0.075 
0 0.504427 0.581713 0.0703125 0.0569444 
0 0.700651 0.407639 0.0346354 0.181944 
0 0.561068 0.0699074 0.0309896 0.135185 
0 0.344661 0.325694 0.0325521 0.116204 
0 0.440625 0.256481 0.0614583 0.0898148 
0 0.603125 0.621065 0.0916667 0.0652778 
0 0.410417 0.486574 0.0723958 0.0537037 
0 0.431901 0.0837963 0.0419271 0.126852 
0 0.585938 0.20625 0.0479167 0.0569444 
0 0.645443 0.370602 0.0309896 0.050463 
0 0.733854 0.701389 0.0385417 0.0555556 
0 0.822266 0.18588 0.0257812 0.0828704 
0 0.225911 0.0324074 0.0367187 0.062963 
0 0.622135 0.319213 0.0364583 0.0652778 
0 0.250521 0.368287 0.0385417 0.0606481 
0 0.608854 0.0587963 0.0536458 0.0953704 
0 0.398698 0.407407 0.0505208 0.0555556 
0 0.353255 0.0451389 0.0419271 0.0902778 
0 0.76224 0.303241 0.0302083 0.0555556 
0 0.209505 0.614583 0.0403646 0.102315 
0 0.54974 0.370602 0.040625 0.0634259 
0 0.325521 0.104398 0.0609375 0.0652778 
0 0.669401 0.0384259 0.0351562 0.0768519 
0 0.148047 0.467593 0.0502604 0.0564815 
0 0.0285156 0.706713 0.0559896 0.0699074 
0 0.389583 0.231944 0.0302083 0.126852 
0 0.320703 0.256944 0.0627604 0.0805556 
0 0.18763 0.421759 0.0591146 0.0564815 
0 0.352734 0.440046 0.0403646 0.0875 
0 0.0535156 0.408102 0.0486979 0.133796 
0 0.54987 0.478704 0.0580729 0.0509259 
0 0.0390625 0.0756944 0.0380208 0.139352 
0 0.151432 0.20162 0.0585938 0.0699074 
0 0.501953 0.292824 0.0632813 0.129167 
0 0.160938 0.581713 0.0375 0.0587963 
0 0.598568 0.393287 0.0372396 0.160648 
0 0.121354 0.538194 0.053125 0.0532407 
0 0.63125 0.252546 0.0255208 0.0680556 
0 0.283724 0.98125 0.0643229 0.0375 
0 0.339323 0.54375 0.0416667 0.0689815 
0 0.165365 0.883102 0.0802083 0.0597222 
0 0.701172 0.260417 0.0471354 0.050463 
0 0.18724 0.344444 0.0583333 0.0814815 
0 0.0166667 0.0349537 0.0291667 0.0662037 
0 0.15599 0.715046 0.034375 0.0671296 
0 0.419661 0.818981 0.0554687 0.0638889 
0 0.439193 0.716204 0.0481771 0.102778 
0 0.316667 0.551157 0.0359375 0.0513889 
0 0.489974 0.0289352 0.0356771 0.0569444 
0 0.0123698 0.833333 0.0242187 0.108333 
0 0.132552 0.688657 0.03125 0.0476852 
