0 0.346615 0.521759 0.0729167 0.107407 
0 0.607943 0.875926 0.0377604 0.111111 
0 0.093099 0.900231 0.0372396 0.105093 
0 0.885286 0.161806 0.0320312 0.103241 
0 0.380339 0.415046 0.0622396 0.075463 
0 0.761198 0.24838 0.059375 0.0699074 
0 0.0214844 0.87662 0.0403646 0.124537 
0 0.659635 0.485185 0.0828125 0.0694444 
0 0.682552 0.880556 0.0442708 0.117593 
0 0.696354 0.643519 0.0401042 0.114815 
0 0.535156 0.557639 0.05625 0.124537 
0 0.185937 0.649306 0.0364583 0.109722 
0 0.677734 0.546065 0.0523437 0.104167 
0 0.163802 0.934028 0.0869792 0.126389 
0 0.336328 0.739583 0.0408854 0.111574 
0 0.303906 0.954861 0.102083 0.0884259 
0 0.603516 0.364815 0.0315104 0.0546296 
0 0.750521 0.634954 0.0546875 0.0587963 
0 0.798437 0.34537 0.0765625 0.0925926 
0 0.804167 0.868519 0.0557292 0.152778 
