0 0.176823 0.535648 0.0541667 0.10463 
0 0.0617188 0.508102 0.0375 0.0699074 
0 0.217708 0.348843 0.0364583 0.0782407 
0 0.18099 0.401389 0.0302083 0.10463 
0 0.672396 0.311574 0.040625 0.0638889 
0 0.660677 0.472685 0.0489583 0.0574074 
0 0.251953 0.361806 0.0440104 0.0930556 
0 0.97513 0.621528 0.0283854 0.0912037 
0 0.979427 0.4875 0.0411458 0.0935185 
0 0.559115 0.740972 0.0333333 0.0708333 
0 0.0503906 0.167824 0.0434896 0.0884259 
0 0.876432 0.584491 0.0330729 0.0837963 
0 0.695703 0.632407 0.0518229 0.118519 
0 0.18112 0.948843 0.0283854 0.0736111 
0 0.628906 0.36412 0.0229167 0.111574 
0 0.0861979 0.324537 0.090625 0.062963 
0 0.475651 0.297222 0.0476562 0.0453704 
0 0.463802 0.504861 0.0265625 0.0513889 
0 0.55612 0.316435 0.0565104 0.0486111 
0 0.820703 0.89838 0.0356771 0.0791667 
0 0.384375 0.292824 0.0375 0.0856481 
0 0.894531 0.468287 0.05625 0.0893519 
0 0.947266 0.279398 0.0372396 0.116204 
0 0.698698 0.740046 0.0390625 0.101389 
0 0.141536 0.44838 0.0450521 0.0652778 
0 0.723698 0.834954 0.0552083 0.0634259 
0 0.376432 0.899306 0.0351562 0.0597222 
0 0.800781 0.461111 0.028125 0.0972222 
0 0.397917 0.485417 0.0322917 0.0828704 
0 0.844661 0.306019 0.0341146 0.0583333 
0 0.318099 0.980556 0.0591146 0.0388889 
0 0.915104 0.663426 0.040625 0.0796296 
0 0.455078 0.771296 0.0481771 0.112037 
0 0.977083 0.695139 0.0390625 0.0699074 
0 0.402083 0.353935 0.0296875 0.0458333 
0 0.597656 0.405324 0.0536458 0.0736111 
0 0.313281 0.223843 0.0609375 0.074537 
0 0.554167 0.649306 0.0416667 0.0893519 
0 0.0174479 0.536111 0.0338542 0.0592593 
0 0.33737 0.609722 0.0539063 0.0425926 
0 0.797786 0.325463 0.0424479 0.0796296 
0 0.322526 0.545139 0.0518229 0.0800926 
0 0.587891 0.866204 0.0856771 0.127778 
