0 0.805208 0.0976852 0.0463542 0.105556 
0 0.567839 0.121528 0.0513021 0.0587963 
0 0.72513 0.628472 0.0403646 0.0782407 
0 0.646875 0.309722 0.0583333 0.0537037 
0 0.841797 0.101157 0.0351562 0.0717593 
0 0.784115 0.292593 0.0348958 0.0537037 
0 0.921875 0.356944 0.040625 0.106481 
0 0.677344 0.77338 0.0536458 0.0810185 
0 0.267578 0.069213 0.0388021 0.0699074 
0 0.323047 0.35 0.0559896 0.100926 
0 0.339974 0.0416667 0.0455729 0.0759259 
0 0.870573 0.0189815 0.0416667 0.037963 
0 0.717839 0.74213 0.0382813 0.0777778 
0 0.613672 0.0875 0.0528646 0.0583333 
0 0.892578 0.0921296 0.0273438 0.0805556 
0 0.788021 0.168519 0.0713542 0.0555556 
0 0.963281 0.452083 0.0385417 0.0606481 
0 0.134635 0.111343 0.0369792 0.104167 
0 0.257292 0.29537 0.0421875 0.0601852 
0 0.506771 0.414583 0.04375 0.0550926 
0 0.445833 0.327778 0.0286458 0.0583333 
0 0.91901 0.431713 0.05 0.0652778 
0 0.331771 0.214583 0.0395833 0.0902778 
0 0.28099 0.349537 0.0380208 0.0787037 
0 0.972135 0.0613426 0.0359375 0.0699074 
0 0.539062 0.0363426 0.0479167 0.0550926 
0 0.258594 0.719676 0.0572917 0.0726852 
0 0.971224 0.912269 0.0419271 0.110648 
0 0.865755 0.612731 0.0330729 0.0578704 
0 0.953125 0.166204 0.0635417 0.0638889 
