0 0.571224 0.364352 0.0382813 0.0564815 
0 0.676823 0.514815 0.0401042 0.062037 
0 0.609896 0.0460648 0.0479167 0.0921296 
0 0.501953 0.679167 0.0763021 0.0842593 
0 0.411849 0.680556 0.0419271 0.0833333 
0 0.623958 0.262037 0.0770833 0.0768519 
0 0.399609 0.0594907 0.0372396 0.1125 
0 0.566016 0.101157 0.0580729 0.0634259 
0 0.474609 0.0775463 0.0591146 0.0865741 
0 0.376172 0.906944 0.0356771 0.136111 
0 0.397135 0.388889 0.0401042 0.15 
0 0.271745 0.285185 0.0513021 0.0898148 
0 0.101562 0.131019 0.0447917 0.075 
0 0.0321615 0.801157 0.0429688 0.0837963 
0 0.279948 0.0967593 0.0276042 0.0712963 
0 0.640104 0.878009 0.0447917 0.0652778 
0 0.0557292 0.0543981 0.0260417 0.108796 
0 0.103906 0.447917 0.0390625 0.0467593 
0 0.232161 0.118519 0.0549479 0.0796296 
0 0.461849 0.820833 0.0424479 0.0518519 
0 0.174609 0.968056 0.0502604 0.062963 
0 0.375911 0.280787 0.0294271 0.116204 
0 0.139583 0.287963 0.0458333 0.0490741 
0 0.653776 0.39375 0.0299479 0.0532407 
0 0.176432 0.316667 0.0268229 0.0527778 
0 0.335286 0.588194 0.0299479 0.0671296 
0 0.136979 0.873148 0.0333333 0.0685185 
0 0.198047 0.775231 0.0684896 0.0810185 
0 0.263021 0.731019 0.0427083 0.0722222 
0 0.430729 0.928704 0.0588542 0.0555556 
0 0.304688 0.0238426 0.0401042 0.0476852 
0 0.488542 0.489583 0.0442708 0.150463 
0 0.238281 0.449306 0.0432292 0.0513889 
0 0.583594 0.298148 0.040625 0.0537037 
0 0.154297 0.622454 0.0507812 0.0597222 
0 0.446484 0.19838 0.0554687 0.131019 
0 0.491146 0.770833 0.0302083 0.0648148 
0 0.298828 0.402778 0.0476562 0.0712963 
0 0.49974 0.540972 0.0380208 0.0884259 
