0 0.948177 0.839352 0.100521 0.0648148 
0 0.70651 0.687732 0.0770833 0.0847222 
0 0.799219 0.646759 0.117708 0.15 
0 0.728516 0.153704 0.0674479 0.0703704 
0 0.770443 0.0759259 0.0414063 0.118519 
0 0.727604 0.5625 0.0317708 0.137963 
0 0.452344 0.320602 0.0598958 0.0439815 
0 0.785677 0.283102 0.0395833 0.0893519 
0 0.760807 0.564815 0.0330729 0.110185 
0 0.0872396 0.715741 0.0479167 0.0527778 
0 0.176823 0.203704 0.0317708 0.087037 
0 0.6 0.389352 0.0583333 0.163889 
0 0.662109 0.28287 0.0549479 0.112037 
0 0.115885 0.0685185 0.0421875 0.0435185 
0 0.636719 0.16875 0.0505208 0.0708333 
0 0.0263021 0.171528 0.0359375 0.0763889 
0 0.492708 0.596759 0.0473958 0.0472222 
0 0.172005 0.451389 0.0330729 0.0472222 
0 0.772526 0.19213 0.0830729 0.0666667 
0 0.616667 0.0483796 0.0552083 0.0800926 
0 0.505859 0.527778 0.0419271 0.0546296 
0 0.303906 0.294676 0.0489583 0.0662037 
0 0.0552083 0.427778 0.0354167 0.0685185 
0 0.677214 0.424306 0.0257812 0.075463 
0 0.553255 0.235417 0.0768229 0.0578704 
0 0.968229 0.355324 0.0432292 0.0671296 
0 0.390365 0.749074 0.0604167 0.102778 
0 0.489974 0.670602 0.0205729 0.0763889 
0 0.241276 0.65625 0.0966146 0.075463 
0 0.25638 0.257639 0.0492188 0.0532407 
0 0.371615 0.080787 0.034375 0.050463 
0 0.139323 0.508565 0.0244792 0.0717593 
0 0.397917 0.666204 0.0354167 0.0453704 
0 0.720312 0.96875 0.0380208 0.0560185 
0 0.482161 0.828241 0.0518229 0.0898148 
0 0.419922 0.387269 0.0346354 0.0523148 
0 0.582552 0.0696759 0.0260417 0.0893519 
0 0.588411 0.677083 0.0403646 0.0569444 
0 0.371094 0.326389 0.0494792 0.0648148 
0 0.473958 0.757639 0.0666667 0.0662037 
0 0.156901 0.683565 0.0393229 0.0652778 
0 0.24388 0.125463 0.0408854 0.0768519 
0 0.733854 0.34537 0.0390625 0.0814815 
0 0.448047 0.90787 0.0440104 0.0685185 
0 0.473437 0.950463 0.0416667 0.0564815 
0 0.0867188 0.805556 0.0463542 0.0425926 
0 0.0375 0.0175926 0.0583333 0.0351852 
0 0.303906 0.14838 0.0505208 0.0625 
0 0.26237 0.43125 0.0309896 0.0458333 
0 0.763672 0.468056 0.0367187 0.0759259 
0 0.663542 0.0243056 0.0354167 0.0486111 
0 0.231641 0.736574 0.0559896 0.0509259 
0 0.152995 0.775 0.0257812 0.0712963 
0 0.11276 0.136343 0.0494792 0.0486111 
0 0.0713542 0.522685 0.0354167 0.0574074 
0 0.355729 0.541667 0.0286458 0.037037 
0 0.1375 0.594676 0.0369792 0.0476852 
