0 0.285417 0.566898 0.0567708 0.105093 
0 0.907292 0.239352 0.0734375 0.0648148 
0 0.340755 0.357176 0.0325521 0.0856481 
0 0.171875 0.0743056 0.0348958 0.0986111 
0 0.905859 0.711343 0.0601562 0.0523148 
0 0.463672 0.08125 0.0367187 0.0569444 
0 0.330339 0.895139 0.0445312 0.115278 
0 0.699219 0.024537 0.0432292 0.0490741 
0 0.326953 0.771759 0.0361979 0.0851852 
0 0.775391 0.0252315 0.0440104 0.0486111 
0 0.127865 0.739583 0.0583333 0.106944 
0 0.365495 0.650694 0.0403646 0.118981 
0 0.202734 0.562037 0.0309896 0.101852 
0 0.110156 0.0493056 0.0390625 0.0587963 
