0 0.753516 0.0342593 0.0460938 0.0666667 
0 0.9 0.885417 0.0401042 0.0782407 
0 0.813021 0.767361 0.0484375 0.113426 
0 0.165885 0.561574 0.0348958 0.0990741 
0 0.0503906 0.439815 0.0575521 0.122222 
0 0.214323 0.459954 0.0458333 0.0856481 
0 0.610417 0.736574 0.0505208 0.0768519 
0 0.908724 0.299537 0.0294271 0.123148 
0 0.532682 0.258796 0.0325521 0.0805556 
0 0.973047 0.170139 0.0440104 0.0837963 
0 0.497005 0.373148 0.0513021 0.0694444 
0 0.852083 0.835417 0.0276042 0.0773148 
0 0.468099 0.76713 0.0221354 0.075 
0 0.391406 0.347222 0.034375 0.0648148 
0 0.166276 0.768287 0.0309896 0.0763889 
0 0.815365 0.45625 0.0333333 0.0615741 
0 0.946745 0.286111 0.0320312 0.0777778 
0 0.98724 0.0731481 0.0203125 0.0814815 
0 0.018099 0.514352 0.0341146 0.0722222 
0 0.74362 0.391898 0.0940104 0.0634259 
0 0.681641 0.957639 0.0398437 0.0819444 
0 0.582031 0.373843 0.034375 0.074537 
0 0.354818 0.536111 0.0492188 0.0657407 
0 0.45013 0.381944 0.0424479 0.062963 
0 0.41263 0.283333 0.0388021 0.1 
0 0.0630208 0.709491 0.0333333 0.0782407 
0 0.798828 0.135185 0.0841146 0.0685185 
0 0.539062 0.688194 0.0447917 0.0569444 
0 0.570833 0.224074 0.0276042 0.0814815 
0 0.210156 0.824537 0.0364583 0.0537037 
0 0.258333 0.282176 0.0265625 0.0606481 
0 0.104687 0.513426 0.0265625 0.0981481 
0 0.159766 0.868056 0.0502604 0.0592593 
0 0.326562 0.270833 0.0505208 0.0453704 
0 0.658203 0.759954 0.0289063 0.0921296 
0 0.989323 0.936574 0.0177083 0.105556 
0 0.938021 0.108565 0.040625 0.0384259 
0 0.391797 0.461343 0.0450521 0.0597222 
0 0.847656 0.576389 0.0557292 0.0731481 
0 0.776953 0.26875 0.0351562 0.0782407 
0 0.669922 0.465278 0.0481771 0.0537037 
0 0.1125 0.67963 0.0526042 0.0694444 
0 0.498698 0.778935 0.0296875 0.0634259 
0 0.900911 0.678009 0.0377604 0.0800926 
0 0.359896 0.958333 0.0380208 0.0537037 
0 0.935547 0.435648 0.0299479 0.0768519 
0 0.538542 0.467593 0.0229167 0.100926 
0 0.732943 0.705324 0.0476562 0.0615741 
0 0.623958 0.288889 0.0348958 0.1 
0 0.418229 0.718287 0.0328125 0.0421296 
0 0.876953 0.652778 0.0497396 0.106481 
0 0.269922 0.453241 0.0742188 0.0527778 
