0 0.371354 0.826852 0.0526042 0.062963 
0 0.221094 0.928009 0.025 0.0884259 
0 0.392318 0.556481 0.0617188 0.0981481 
0 0.846094 0.515509 0.0348958 0.106944 
0 0.684505 0.534722 0.0335938 0.0574074 
0 0.14987 0.949769 0.0492188 0.074537 
0 0.751042 0.409259 0.0390625 0.0564815 
0 0.771094 0.687732 0.0541667 0.0625 
0 0.148438 0.665509 0.046875 0.0736111 
0 0.194401 0.677083 0.0434896 0.0625 
0 0.647526 0.898611 0.0554687 0.0888889 
0 0.259766 0.612731 0.0403646 0.0652778 
0 0.58737 0.612963 0.0414063 0.103704 
0 0.658203 0.354861 0.0294271 0.0875 
0 0.526432 0.518519 0.0382813 0.0675926 
0 0.751432 0.482407 0.0742188 0.062037 
0 0.49974 0.855556 0.0338542 0.0777778 
0 0.933073 0.71088 0.0375 0.0680556 
0 0.88776 0.47963 0.04375 0.0583333 
0 0.289062 0.69838 0.0302083 0.0587963 
0 0.869661 0.785648 0.0226563 0.0888889 
0 0.816406 0.837963 0.0557292 0.0888889 
0 0.102474 0.809028 0.0367187 0.0736111 
0 0.485807 0.913194 0.0304688 0.0800926 
0 0.44388 0.671528 0.0320312 0.099537 
0 0.363932 0.67037 0.0429688 0.0759259 
0 0.756901 0.8 0.0502604 0.0592593 
0 0.601562 0.581481 0.0375 0.0638889 
0 0.827083 0.605556 0.0552083 0.0601852 
0 0.838411 0.172917 0.0382813 0.115278 
0 0.366276 0.44537 0.0330729 0.0722222 
0 0.58112 0.763426 0.0393229 0.0712963 
0 0.172266 0.75 0.0393229 0.0537037 
0 0.745573 0.902778 0.0416667 0.0777778 
0 0.763672 0.299074 0.0481771 0.0888889 
0 0.231641 0.669907 0.0419271 0.0564815 
0 0.45651 0.440046 0.0427083 0.0699074 
0 0.944792 0.810417 0.0416667 0.103241 
0 0.604427 0.327083 0.0354167 0.0458333 
0 0.0217448 0.615509 0.0330729 0.0523148 
0 0.253906 0.21412 0.034375 0.0662037 
0 0.326172 0.706944 0.0273438 0.0462963 
0 0.285026 0.890509 0.0492188 0.0578704 
0 0.499609 0.690972 0.0393229 0.0708333 
0 0.371094 0.766435 0.034375 0.0708333 
0 0.941927 0.534259 0.0463542 0.0527778 
0 0.341276 0.933102 0.0372396 0.0837963 
0 0.640234 0.455556 0.0372396 0.0814815 
0 0.0890625 0.392593 0.0395833 0.0685185 
0 0.965234 0.901157 0.0585938 0.075463 
0 0.533203 0.437963 0.0440104 0.062037 
0 0.674349 0.719676 0.0419271 0.0708333 
0 0.542448 0.658102 0.0255208 0.116204 
0 0.6875 0.662269 0.0375 0.0875 
0 0.442839 0.871528 0.0403646 0.0699074 
0 0.778776 0.509259 0.0351562 0.0712963 
0 0.889714 0.713426 0.0455729 0.0592593 
0 0.489323 0.518981 0.0473958 0.0722222 
0 0.191927 0.884491 0.0276042 0.102315 
0 0.388932 0.495602 0.0341146 0.099537 
0 0.520052 0.315741 0.0307292 0.0833333 
