0 0.353125 0.930556 0.0427083 0.117593 
0 0.729948 0.761343 0.0442708 0.141204 
0 0.671875 0.639583 0.0734375 0.0615741 
0 0.456641 0.658796 0.0335938 0.0638889 
0 0.878385 0.579861 0.03125 0.0763889 
0 0.177083 0.643287 0.0614583 0.0763889 
0 0.817448 0.87963 0.0505208 0.0509259 
0 0.828646 0.578704 0.0510417 0.0583333 
0 0.233333 0.47338 0.0338542 0.0810185 
0 0.605469 0.707176 0.0348958 0.100463 
0 0.123958 0.420833 0.0614583 0.0611111 
0 0.0882813 0.734259 0.0578125 0.0916667 
0 0.938932 0.596991 0.0304688 0.0467593 
0 0.320052 0.602778 0.0598958 0.0592593 
0 0.574219 0.877778 0.034375 0.0601852 
0 0.305078 0.790509 0.0513021 0.0912037 
0 0.1 0.362037 0.0453125 0.0694444 
