0 0.364583 0.344444 0.046875 0.0722222 
0 0.39987 0.240046 0.0393229 0.0643518 
0 0.0164062 0.269213 0.03125 0.0680556 
0 0.804688 0.187963 0.0453125 0.0490741 
0 0.0408854 0.0261574 0.0411458 0.0513889 
0 0.749609 0.656944 0.0372396 0.0694444 
0 0.614323 0.0849537 0.0270833 0.0736111 
0 0.757812 0.0212963 0.0239583 0.0416667 
0 0.389714 0.127315 0.0476562 0.0490741 
0 0.480339 0.0173611 0.0408854 0.0337963 
0 0.758333 0.189815 0.0463542 0.0648148 
0 0.348437 0.0298611 0.0380208 0.0597222 
0 0.0740885 0.541667 0.0486979 0.0824074 
