0 0.90625 0.506481 0.05625 0.0648148 
0 0.0204427 0.169444 0.0382813 0.108333 
0 0.560547 0.541667 0.0304688 0.0666667 
0 0.963411 0.0384259 0.0346354 0.0768519 
0 0.935026 0.0988426 0.0507812 0.0837963 
0 0.490495 0.537037 0.0518229 0.0731481 
0 0.0536458 0.104398 0.0583333 0.0671296 
0 0.640104 0.391898 0.0286458 0.0708333 
0 0.526302 0.628704 0.0354167 0.0685185 
0 0.695703 0.516435 0.0455729 0.0532407 
0 0.928646 0.648148 0.0416667 0.105556 
0 0.535156 0.5125 0.034375 0.0574074 
0 0.833984 0.271991 0.0466146 0.0671296 
0 0.355208 0.782176 0.0390625 0.0680556 
0 0.636719 0.0777778 0.0322917 0.0601852 
0 0.833984 0.127083 0.0325521 0.0708333 
0 0.105469 0.0266204 0.0505208 0.0532407 
0 0.449219 0.450231 0.0375 0.0689815 
0 0.280208 0.0340278 0.0411458 0.0634259 
0 0.409766 0.134954 0.0424479 0.0541667 
0 0.534245 0.151852 0.0549479 0.0611111 
0 0.140495 0.409491 0.0367187 0.0597222 
0 0.803255 0.075 0.0466146 0.0435185 
0 0.766536 0.324537 0.0653646 0.0851852 
0 0.765104 0.735417 0.046875 0.0958333 
0 0.560026 0.368056 0.0460938 0.0601852 
0 0.480469 0.131944 0.046875 0.062037 
0 0.742708 0.488426 0.0385417 0.0564815 
0 0.224089 0.280324 0.0570313 0.0643518 
0 0.330469 0.184722 0.0427083 0.075 
0 0.397005 0.816898 0.0341146 0.0662037 
0 0.905729 0.797685 0.0411458 0.0768519 
0 0.710938 0.463657 0.0390625 0.075463 
0 0.0979167 0.181944 0.0546875 0.0675926 
0 0.126432 0.766204 0.0372396 0.087037 
0 0.0210938 0.465741 0.0385417 0.0759259 
0 0.974089 0.646296 0.0309896 0.0944444 
0 0.730469 0.211343 0.05625 0.0689815 
0 0.678646 0.115741 0.0239583 0.0592593 
0 0.897917 0.894907 0.0328125 0.0740741 
0 0.376953 0.0590278 0.0559896 0.0828704 
0 0.188151 0.469676 0.0398437 0.0597222 
0 0.886198 0.545139 0.0458333 0.0643518 
0 0.536589 0.841898 0.0476562 0.074537 
0 0.639714 0.471296 0.0513021 0.0564815 
0 0.594661 0.61875 0.0325521 0.0467593 
0 0.980469 0.773843 0.0380208 0.0671296 
0 0.879427 0.315972 0.0760417 0.0560185 
0 0.66263 0.979167 0.0445312 0.0416667 
0 0.583984 0.258102 0.0669271 0.0810185 
0 0.0804688 0.516204 0.0234375 0.0740741 
