0 0.58099 0.296759 0.0385417 0.117593 
0 0.529297 0.312963 0.0231771 0.0685185 
0 0.208203 0.45 0.0299479 0.05 
0 0.391016 0.150926 0.0539063 0.0481481 
0 0.682552 0.244907 0.0260417 0.0398148 
0 0.702734 0.424537 0.0523437 0.0907407 
0 0.595703 0.808565 0.0429688 0.119907 
0 0.515104 0.05 0.0458333 0.0953704 
0 0.426953 0.317593 0.0476562 0.0814815 
0 0.306771 0.536111 0.0375 0.100926 
0 0.364193 0.755787 0.0554687 0.0791667 
0 0.582552 0.187269 0.040625 0.111574 
0 0.591406 0.9375 0.0442708 0.0546296 
0 0.492578 0.540741 0.0335938 0.0490741 
0 0.120573 0.653704 0.0416667 0.037037 
0 0.238411 0.474769 0.0289063 0.106944 
0 0.316667 0.922685 0.03125 0.0527778 
0 0.163021 0.45787 0.0489583 0.0398148 
0 0.16862 0.356944 0.0742188 0.0518519 
0 0.561979 0.568287 0.0338542 0.122685 
0 0.667448 0.835417 0.0291667 0.103241 
0 0.438672 0.0650463 0.0450521 0.0625 
0 0.629427 0.300694 0.0671875 0.0532407 
0 0.0954427 0.327778 0.0320312 0.0675926 
0 0.357422 0.237037 0.0377604 0.0796296 
0 0.527344 0.938426 0.0520833 0.0472222 
0 0.632812 0.535648 0.040625 0.0398148 
0 0.394922 0.698611 0.0393229 0.0444444 
0 0.45638 0.845139 0.0554687 0.0523148 
0 0.680078 0.578241 0.0356771 0.0722222 
0 0.39375 0.0576389 0.0463542 0.0449074 
0 0.610807 0.196991 0.0523437 0.0384259 
0 0.347656 0.983565 0.0625 0.0328704 
0 0.473437 0.157176 0.0427083 0.0532407 
0 0.465104 0.646296 0.04375 0.0675926 
0 0.0550781 0.869444 0.0424479 0.0740741 
0 0.595703 0.0453704 0.0393229 0.0601852 
0 0.354948 0.341898 0.0369792 0.0569444 
0 0.505859 0.700694 0.0304688 0.101389 
0 0.526823 0.774306 0.04375 0.0597222 
0 0.021224 0.150231 0.0419271 0.0476852 
0 0.184766 0.0983796 0.0429688 0.0541667 
0 0.43138 0.457407 0.0393229 0.0611111 
0 0.349219 0.624537 0.0427083 0.0675926 
0 0.535156 0.431713 0.0515625 0.14213 
0 0.233464 0.196065 0.0377604 0.0578704 
0 0.24987 0.652083 0.0367187 0.049537 
0 0.255859 0.683796 0.0575521 0.0481481 
0 0.265104 0.565046 0.0369792 0.0560185 
0 0.043099 0.618981 0.0476562 0.0657407 
0 0.125 0.234722 0.0296875 0.0453704 
0 0.172786 0.0451389 0.0502604 0.0365741 
0 0.34349 0.563426 0.0479167 0.0490741 
0 0.255469 0.846759 0.0526042 0.0953704 
0 0.159505 0.217593 0.0226563 0.0537037 
0 0.414974 0.949769 0.0429688 0.0560185 
0 0.125391 0.962731 0.0419271 0.049537 
0 0.0645833 0.232407 0.0333333 0.0740741 
0 0.281771 0.380787 0.0479167 0.050463 
0 0.0640625 0.984491 0.0229167 0.0310185 
0 0.28125 0.438657 0.0375 0.0375 
0 0.257552 0.902778 0.0395833 0.05 
0 0.342057 0.203472 0.0398437 0.0689815 
0 0.134245 0.29375 0.0393229 0.0625 
0 0.0876302 0.131019 0.0367187 0.0444444 
0 0.529297 0.865509 0.0549479 0.0708333 
0 0.857422 0.303472 0.0414063 0.049537 
