0 0.522917 0.783796 0.0729167 0.0925926 
0 0.676302 0.939352 0.071875 0.105556 
0 0.657812 0.705093 0.05 0.0712963 
0 0.81888 0.3875 0.0351562 0.0601852 
0 0.492448 0.140972 0.046875 0.0652778 
0 0.60013 0.956481 0.0606771 0.0861111 
0 0.365234 0.283333 0.0575521 0.0601852 
0 0.602083 0.18287 0.113021 0.0787037 
0 0.588802 0.865509 0.0744792 0.16713 
0 0.622005 0.37662 0.0783854 0.0634259 
0 0.341797 0.775231 0.0361979 0.0689815 
0 0.465234 0.620833 0.0804688 0.0509259 
0 0.127083 0.516435 0.05625 0.0439815 
0 0.526432 0.33912 0.0523437 0.161574 
0 0.531771 0.951389 0.0348958 0.0944444 
0 0.327604 0.236574 0.0796875 0.0453704 
0 0.122526 0.708333 0.0445312 0.0472222 
0 0.160807 0.865509 0.0695312 0.0708333 
0 0.845182 0.854398 0.0554687 0.0634259 
0 0.133724 0.0444444 0.0372396 0.0583333 
0 0.447266 0.713426 0.0440104 0.0824074 
0 0.242188 0.492593 0.0645833 0.062037 
0 0.247786 0.62338 0.0361979 0.0773148 
0 0.261198 0.567361 0.0609375 0.0587963 
0 0.333073 0.11875 0.0635417 0.0587963 
0 0.285677 0.63588 0.0244792 0.0726852 
0 0.734375 0.117361 0.0359375 0.0643518 
0 0.298828 0.8625 0.0752604 0.0481481 
0 0.520443 0.220139 0.0382813 0.106944 
0 0.753385 0.930556 0.0666667 0.0648148 
0 0.491667 0.0263889 0.046875 0.0527778 
0 0.0915365 0.469444 0.0424479 0.0444444 
0 0.0770833 0.546065 0.0359375 0.0430556 
0 0.257422 0.715278 0.0559896 0.0962963 
0 0.139974 0.232176 0.0736979 0.0532407 
0 0.0989583 0.761806 0.0385417 0.0449074 
0 0.0753906 0.116898 0.0382813 0.0449074 
0 0.266536 0.13125 0.0554687 0.139352 
0 0.473437 0.564352 0.0395833 0.0740741 
0 0.458594 0.296528 0.0395833 0.0486111 
0 0.258984 0.812037 0.0882813 0.0925926 
0 0.197526 0.101389 0.0351562 0.0675926 
0 0.0752604 0.391898 0.0322917 0.0643518 
0 0.322266 0.522685 0.0575521 0.139815 
0 0.199479 0.163889 0.0427083 0.0564815 
0 0.403125 0.904398 0.0458333 0.156944 
0 0.146875 0.765509 0.0416667 0.0476852 
