0 0.310156 0.63287 0.05625 0.122222 
0 0.625 0.41412 0.0442708 0.0634259 
0 0.561068 0.870139 0.0361979 0.0587963 
0 0.564453 0.41713 0.0601562 0.075 
0 0.983854 0.261574 0.0302083 0.140741 
0 0.555078 0.521991 0.0570313 0.0736111 
0 0.210156 0.826389 0.046875 0.0787037 
0 0.598177 0.877546 0.0427083 0.0976852 
0 0.74362 0.355324 0.0575521 0.108796 
0 0.879297 0.744907 0.0403646 0.0981481 
0 0.89362 0.894907 0.0440104 0.0546296 
0 0.715885 0.956481 0.0328125 0.0694444 
0 0.379818 0.694444 0.0440104 0.0787037 
0 0.534635 0.589815 0.0333333 0.0972222 
0 0.66263 0.769444 0.0320312 0.0990741 
0 0.95599 0.879398 0.0682292 0.101389 
0 0.358854 0.87662 0.0578125 0.075463 
0 0.664974 0.493056 0.0570313 0.0712963 
0 0.18138 0.931481 0.0445312 0.110185 
0 0.238802 0.649769 0.0447917 0.0856481 
0 0.336719 0.757407 0.0375 0.0981481 
0 0.61224 0.964352 0.0427083 0.0694444 
0 0.490234 0.754398 0.0294271 0.141204 
0 0.451953 0.710185 0.0497396 0.0657407 
0 0.873958 0.574537 0.0364583 0.062963 
0 0.788542 0.606713 0.0552083 0.0865741 
0 0.0630208 0.700463 0.0567708 0.0712963 
0 0.746094 0.56088 0.0401042 0.0541667 
0 0.173307 0.798611 0.0408854 0.100926 
0 0.126563 0.901852 0.0484375 0.0527778 
0 0.0820312 0.881481 0.059375 0.0675926 
0 0.254167 0.81088 0.0401042 0.0810185 
0 0.302214 0.449074 0.0377604 0.0805556 
0 0.83737 0.553472 0.0377604 0.0560185 
0 0.103385 0.96088 0.0338542 0.0736111 
0 0.965365 0.756944 0.0317708 0.0814815 
