0 0.0708333 0.127315 0.0609375 0.100926 
0 0.360417 0.381481 0.0578125 0.0953704 
0 0.558073 0.0916667 0.0364583 0.0833333 
0 0.646094 0.642593 0.0526042 0.0888889 
0 0.752474 0.037037 0.0559896 0.0740741 
0 0.107292 0.763889 0.0536458 0.0657407 
0 0.0873698 0.233796 0.0658854 0.0916667 
0 0.879427 0.178935 0.0489583 0.108796 
0 0.287109 0.368981 0.0341146 0.147222 
0 0.223177 0.731019 0.040625 0.110185 
0 0.479688 0.159954 0.0354167 0.122685 
0 0.805599 0.514815 0.0377604 0.0648148 
0 0.741667 0.267593 0.0625 0.0685185 
0 0.914974 0.768287 0.0320312 0.106944 
0 0.778776 0.59213 0.0455729 0.0824074 
0 0.776823 0.215278 0.0786458 0.0787037 
0 0.294271 0.0657407 0.034375 0.116667 
0 0.188932 0.210417 0.0346354 0.0782407 
0 0.607422 0.292593 0.0653646 0.0712963 
0 0.897396 0.437963 0.0494792 0.102778 
0 0.69388 0.0421296 0.0335938 0.0842593 
0 0.698307 0.876157 0.0460938 0.0763889 
0 0.317318 0.784722 0.0351562 0.0925926 
0 0.664583 0.714815 0.0265625 0.0518519 
0 0.639193 0.507407 0.0382813 0.0990741 
0 0.189193 0.375231 0.0398437 0.075463 
0 0.0425781 0.889583 0.0705729 0.118056 
0 0.702734 0.411806 0.0627604 0.0902778 
0 0.257682 0.70787 0.0408854 0.0916667 
0 0.14401 0.0365741 0.0427083 0.0685185 
0 0.457031 0.379398 0.0390625 0.0930556 
0 0.559115 0.471759 0.0489583 0.0962963 
0 0.538542 0.948843 0.034375 0.0902778 
0 0.976172 0.539815 0.0382813 0.113889 
0 0.26276 0.56088 0.0427083 0.113426 
0 0.288802 0.713889 0.0427083 0.0685185 
0 0.0897135 0.515972 0.0528646 0.0893519 
0 0.520052 0.675 0.0416667 0.0777778 
0 0.407422 0.286806 0.0273438 0.0800926 
0 0.224349 0.521528 0.0382813 0.074537 
0 0.0760417 0.591667 0.0588542 0.0777778 
0 0.599609 0.447917 0.0341146 0.0680556 
0 0.493359 0.96088 0.0440104 0.0736111 
0 0.976172 0.043287 0.0476562 0.0615741 
0 0.918359 0.0907407 0.0502604 0.0546296 
0 0.804688 0.33287 0.0484375 0.134259 
