0 0.758854 0.0655093 0.05625 0.126389 
0 0.958464 0.231713 0.0367187 0.15787 
0 0.470182 0.653241 0.0481771 0.139815 
0 0.821745 0.162963 0.0710938 0.0712963 
0 0.0619792 0.375694 0.0291667 0.10787 
0 0.812109 0.21713 0.0544271 0.0592593 
0 0.523438 0.807639 0.0333333 0.0865741 
0 0.866667 0.432639 0.04375 0.0578704 
0 0.723698 0.512731 0.03125 0.074537 
0 0.308854 0.480093 0.0307292 0.0731481 
0 0.359896 0.805556 0.0671875 0.062963 
0 0.765625 0.220139 0.0411458 0.0949074 
0 0.660156 0.819907 0.0359375 0.118519 
0 0.583073 0.704861 0.0526042 0.0791667 
0 0.719792 0.420139 0.040625 0.0847222 
0 0.277734 0.153935 0.0544271 0.128241 
0 0.972266 0.763194 0.0414063 0.0763889 
0 0.881901 0.0224537 0.0299479 0.0449074 
0 0.147526 0.863889 0.0330729 0.0611111 
0 0.821875 0.578472 0.059375 0.133796 
0 0.225521 0.682639 0.0265625 0.103241 
0 0.208464 0.899306 0.0721354 0.0597222 
0 0.745052 0.726157 0.0317708 0.1375 
0 0.597656 0.12338 0.0640625 0.165278 
0 0.021224 0.934954 0.0403646 0.0643518 
0 0.67487 0.211574 0.0335938 0.138889 
0 0.131901 0.783333 0.0486979 0.0898148 
0 0.411849 0.73125 0.0424479 0.106944 
0 0.134245 0.413194 0.0648438 0.174537 
0 0.218229 0.432176 0.0291667 0.0587963 
0 0.598698 0.875 0.0729167 0.0972222 
0 0.290365 0.951389 0.0390625 0.0861111 
0 0.371094 0.647222 0.0453125 0.0648148 
0 0.472266 0.45625 0.0565104 0.127315 
0 0.936979 0.366898 0.0947917 0.0643518 
0 0.0434896 0.780787 0.053125 0.0837963 
0 0.809635 0.877083 0.034375 0.0699074 
0 0.175651 0.244444 0.0330729 0.0805556 
0 0.104687 0.949769 0.0473958 0.0828704 
0 0.337109 0.741667 0.0523437 0.101852 
