0 0.40599 0.0935185 0.0411458 0.137963 
0 0.366146 0.0590278 0.0411458 0.116204 
0 0.876042 0.127778 0.046875 0.203704 
0 0.825651 0.652315 0.0611979 0.102778 
0 0.498828 0.356713 0.0830729 0.102315 
0 0.976432 0.104861 0.0471354 0.0875 
0 0.360156 0.653935 0.0578125 0.0847222 
0 0.95599 0.789583 0.0651042 0.106944 
0 0.176953 0.363426 0.0710938 0.0685185 
0 0.63724 0.521991 0.0484375 0.0912037 
0 0.673828 0.268519 0.0335938 0.135185 
0 0.140625 0.11713 0.0369792 0.127778 
0 0.463411 0.782639 0.0856771 0.0773148 
0 0.979948 0.431713 0.0364583 0.140278 
0 0.642578 0.95787 0.0768229 0.0842593 
0 0.751432 0.146296 0.0544271 0.0777778 
0 0.661198 0.737731 0.0359375 0.138426 
0 0.33125 0.36875 0.0380208 0.133796 
0 0.259766 0.392361 0.0846354 0.104167 
0 0.366016 0.454861 0.0450521 0.111574 
0 0.241667 0.13588 0.0489583 0.0930556 
0 0.539974 0.863657 0.0716146 0.106019 
0 0.923828 0.511574 0.0960938 0.0574074 
0 0.833984 0.849074 0.0502604 0.100926 
0 0.697266 0.17963 0.0544271 0.0861111 
0 0.475911 0.268519 0.0393229 0.108333 
0 0.604036 0.46713 0.0596354 0.075 
0 0.864323 0.547222 0.0401042 0.0574074 
0 0.410156 0.311574 0.0630208 0.0611111 
0 0.736328 0.267593 0.0388021 0.0583333 
0 0.857422 0.379398 0.0486979 0.0726852 
0 0.301432 0.621065 0.0335938 0.118056 
0 0.297526 0.943519 0.0455729 0.107407 
0 0.359375 0.958333 0.0270833 0.0787037 
0 0.258724 0.512963 0.0440104 0.131481 
0 0.0291667 0.489352 0.0526042 0.0555556 
0 0.966276 0.0261574 0.0377604 0.0523148 
0 0.544922 0.215972 0.0481771 0.1125 
0 0.683594 0.822454 0.0760417 0.0513889 
0 0.108464 0.684028 0.0367187 0.0513889 
0 0.895964 0.759028 0.0492188 0.0949074 
0 0.629427 0.863194 0.0625 0.075463 
0 0.0192708 0.605324 0.0354167 0.0819444 
0 0.0666667 0.856713 0.0338542 0.0717593 
0 0.347135 0.243519 0.0401042 0.062037 
0 0.0488281 0.688657 0.0674479 0.0569444 
0 0.563021 0.321296 0.03125 0.124074 
0 0.603125 0.204861 0.0536458 0.0578704 
0 0.325911 0.83287 0.0585938 0.112037 
0 0.438542 0.899306 0.0541667 0.0680556 
0 0.427083 0.605787 0.0442708 0.106944 
0 0.702083 0.517824 0.0401042 0.0523148 
0 0.411458 0.950463 0.0401042 0.0925926 
