0 0.492318 0.966204 0.0507812 0.0675926 
0 0.755339 0.401852 0.0299479 0.106481 
0 0.716276 0.853704 0.0497396 0.0583333 
0 0.704557 0.609722 0.0549479 0.152778 
0 0.617708 0.602778 0.0401042 0.0814815 
0 0.655859 0.125231 0.0716146 0.0643518 
0 0.652344 0.345833 0.0505208 0.0527778 
0 0.366016 0.907176 0.0403646 0.0430556 
0 0.390104 0.35463 0.0364583 0.087037 
0 0.208594 0.0611111 0.0359375 0.0435185 
0 0.535677 0.507407 0.0359375 0.0824074 
0 0.460417 0.0618056 0.0432292 0.0902778 
0 0.481641 0.356713 0.0341146 0.0782407 
0 0.266276 0.87963 0.0361979 0.0731481 
0 0.635286 0.867361 0.0507812 0.0523148 
0 0.42526 0.650926 0.0526042 0.0657407 
0 0.645964 0.425463 0.0304688 0.0787037 
0 0.567839 0.963426 0.0653646 0.0703704 
0 0.414062 0.7875 0.0546875 0.112963 
0 0.371354 0.282407 0.0296875 0.0638889 
0 0.332031 0.0960648 0.0229167 0.099537 
0 0.495052 0.0560185 0.0484375 0.0462963 
0 0.879427 0.0256944 0.0661458 0.0513889 
0 0.551302 0.145139 0.04375 0.131019 
0 0.609375 0.0944444 0.0317708 0.125926 
0 0.680208 0.315509 0.0567708 0.0597222 
0 0.691406 0.470139 0.0578125 0.0560185 
0 0.847656 0.449769 0.0317708 0.0680556 
0 0.245703 0.750463 0.0455729 0.0388889 
0 0.204297 0.378935 0.0289063 0.0578704 
0 0.542969 0.302546 0.0296875 0.0662037 
0 0.213932 0.477083 0.0403646 0.0689815 
0 0.745052 0.900231 0.0442708 0.074537 
0 0.0203125 0.018287 0.0395833 0.0337963 
0 0.599609 0.203472 0.0330729 0.0662037 
0 0.386979 0.718287 0.0427083 0.0449074 
0 0.0760417 0.671065 0.0401042 0.0402778 
0 0.557031 0.406944 0.0515625 0.0555556 
0 0.0875 0.739583 0.0333333 0.0763889 
0 0.046224 0.213889 0.0356771 0.0564815 
0 0.38112 0.158102 0.0507812 0.0819444 
0 0.285807 0.936574 0.0497396 0.0564815 
0 0.423568 0.897454 0.0382813 0.0532407 
0 0.443359 0.472222 0.0294271 0.0685185 
0 0.838411 0.526852 0.0226563 0.062037 
0 0.64349 0.957407 0.0546875 0.05 
0 0.495052 0.85463 0.0380208 0.0601852 
