0 0.789062 0.487269 0.0421875 0.147685 
0 0.88776 0.563889 0.0515625 0.101852 
0 0.033724 0.40625 0.0367187 0.161574 
0 0.85599 0.186111 0.0755208 0.0888889 
0 0.872005 0.381944 0.0455729 0.128704 
0 0.924349 0.821991 0.0492188 0.102315 
0 0.78125 0.641667 0.0375 0.0722222 
0 0.79987 0.749537 0.0486979 0.139815 
0 0.747005 0.531944 0.0382813 0.110185 
0 0.236198 0.412731 0.0484375 0.0986111 
0 0.288151 0.567593 0.0710938 0.119444 
0 0.463932 0.571296 0.0393229 0.0944444 
0 0.088151 0.53287 0.0684896 0.0925926 
0 0.982422 0.112731 0.0330729 0.0763889 
0 0.428516 0.578935 0.0325521 0.144907 
0 0.0708333 0.436343 0.0375 0.102315 
0 0.742188 0.44375 0.0494792 0.126389 
0 0.43112 0.677083 0.0575521 0.099537 
0 0.96237 0.580324 0.0627604 0.0708333 
0 0.653385 0.641435 0.0390625 0.108796 
0 0.481901 0.634491 0.0346354 0.129167 
0 0.671875 0.552083 0.05 0.0791667 
0 0.903255 0.743056 0.0679687 0.0907407 
0 0.366667 0.55625 0.03125 0.0726852 
0 0.835938 0.838194 0.0505208 0.0763889 
