0 0.666536 0.168287 0.0497396 0.153241 
0 0.348307 0.893287 0.0466146 0.0902778 
0 0.288411 0.206944 0.0611979 0.0546296 
0 0.632422 0.0662037 0.0664062 0.114815 
0 0.630469 0.878009 0.0401042 0.0587963 
0 0.461589 0.396065 0.0486979 0.0458333 
0 0.410937 0.773843 0.0489583 0.0736111 
0 0.742188 0.717824 0.0578125 0.0912037 
0 0.650911 0.616204 0.0257812 0.0833333 
0 0.507812 0.577083 0.05625 0.0643518 
0 0.637109 0.750463 0.0367187 0.0574074 
0 0.742188 0.429167 0.0255208 0.0509259 
0 0.594271 0.206481 0.0635417 0.0916667 
0 0.396745 0.507407 0.0638021 0.0638889 
0 0.725521 0.256481 0.0447917 0.113889 
0 0.448958 0.715278 0.0276042 0.0824074 
0 0.239323 0.0398148 0.0416667 0.0564815 
0 0.576172 0.818287 0.0367187 0.0430556 
0 0.30612 0.737963 0.0372396 0.0824074 
0 0.149609 0.797222 0.0476562 0.0527778 
0 0.317057 0.586343 0.0570313 0.0726852 
0 0.620573 0.959954 0.0348958 0.0689815 
0 0.736849 0.783796 0.0898438 0.0648148 
0 0.251172 0.85463 0.0664062 0.037963 
0 0.555208 0.976389 0.040625 0.0472222 
0 0.178125 0.461343 0.0458333 0.0587963 
0 0.0441406 0.0333333 0.0377604 0.0666667 
0 0.0511719 0.281019 0.0523437 0.0777778 
0 0.220443 0.548611 0.0460938 0.0555556 
0 0.140495 0.33912 0.0356771 0.0449074 
0 0.747005 0.172454 0.0335938 0.128241 
0 0.599089 0.127778 0.0523437 0.0722222 
0 0.607422 0.674537 0.0335938 0.149074 
0 0.58112 0.0592593 0.0455729 0.101852 
0 0.249089 0.763889 0.0679687 0.0407407 
0 0.466016 0.662963 0.0445312 0.0416667 
0 0.544922 0.743519 0.0221354 0.0638889 
0 0.585026 0.731019 0.0419271 0.0472222 
0 0.580599 0.409722 0.0523437 0.0527778 
0 0.0184896 0.910648 0.034375 0.0814815 
0 0.67487 0.842361 0.0351562 0.0837963 
0 0.153906 0.513426 0.0348958 0.0472222 
0 0.667448 0.746065 0.0364583 0.0532407 
0 0.872526 0.348611 0.0398437 0.0685185 
0 0.363281 0.661806 0.0526042 0.0606481 
0 0.11888 0.0287037 0.0330729 0.0398148 
0 0.564974 0.46088 0.0388021 0.0560185 
0 0.309375 0.940046 0.0473958 0.0736111 
0 0.342318 0.0365741 0.0346354 0.0703704 
0 0.445312 0.476157 0.0302083 0.0847222 
0 0.652865 0.509259 0.0416667 0.0509259 
0 0.626432 0.45463 0.0419271 0.101852 
0 0.297786 0.458796 0.0315104 0.0583333 
0 0.526823 0.0856481 0.0609375 0.0574074 
0 0.0671875 0.541667 0.0442708 0.0481481 
0 0.507292 0.335648 0.0536458 0.0472222 
