0 0.191276 0.694444 0.0882813 0.0712963 
0 0.783203 0.953472 0.0341146 0.0930556 
0 0.214323 0.380093 0.0458333 0.087963 
0 0.535156 0.807639 0.0427083 0.0902778 
0 0.572266 0.298148 0.0309896 0.105556 
0 0.346354 0.677546 0.0213542 0.075463 
0 0.0372396 0.963426 0.0484375 0.0694444 
0 0.409635 0.965278 0.0296875 0.0675926 
0 0.904818 0.762269 0.0606771 0.0912037 
0 0.689453 0.884954 0.0252604 0.0828704 
0 0.415755 0.479167 0.0346354 0.0768519 
0 0.582552 0.849074 0.0453125 0.0990741 
0 0.417057 0.909028 0.0367187 0.0625 
0 0.213672 0.561111 0.0575521 0.0731481 
0 0.619661 0.386111 0.0518229 0.0768519 
0 0.621094 0.953241 0.0541667 0.0805556 
0 0.0876302 0.687037 0.0236979 0.05 
0 0.616146 0.587963 0.0302083 0.0759259 
0 0.508854 0.621528 0.034375 0.0384259 
0 0.917969 0.841898 0.0671875 0.11713 
