0 0.143099 0.872454 0.0674479 0.0819444 
0 0.927734 0.691435 0.0398437 0.151389 
0 0.0953125 0.659491 0.0625 0.1125 
0 0.18099 0.784491 0.0447917 0.075463 
0 0.473437 0.907176 0.053125 0.119907 
0 0.254427 0.643287 0.0572917 0.0606481 
0 0.310026 0.829398 0.0351562 0.0486111 
0 0.80612 0.0516204 0.0466146 0.103241 
0 0.469271 0.411343 0.0630208 0.0606481 
0 0.948698 0.879398 0.05 0.111574 
0 0.166536 0.726157 0.0419271 0.0847222 
0 0.975651 0.718287 0.0466146 0.0652778 
0 0.85013 0.393287 0.0554687 0.0587963 
0 0.323958 0.517824 0.0244792 0.0930556 
0 0.626953 0.765046 0.0367187 0.0625 
0 0.841276 0.733565 0.0309896 0.0828704 
0 0.090625 0.369907 0.0630208 0.0675926 
0 0.798307 0.843287 0.0575521 0.0782407 
0 0.729557 0.833102 0.0565104 0.131019 
0 0.232161 0.393981 0.0361979 0.0703704 
0 0.971615 0.539583 0.0302083 0.0513889 
0 0.569792 0.744444 0.0265625 0.0564815 
0 0.199479 0.563426 0.0317708 0.112037 
0 0.684505 0.776852 0.0268229 0.0805556 
0 0.806641 0.761574 0.0419271 0.101852 
0 0.277865 0.55463 0.0416667 0.0759259 
0 0.325651 0.630093 0.0513021 0.0481481 
0 0.0263021 0.408333 0.0296875 0.0537037 
0 0.161198 0.665972 0.046875 0.0486111 
0 0.759245 0.0793981 0.0268229 0.0421296 
0 0.322917 0.162037 0.0364583 0.0564815 
0 0.0634115 0.453935 0.0486979 0.0476852 
0 0.942318 0.487037 0.0809896 0.0527778 
