0 0.530729 0.403009 0.0520833 0.128241 
0 0.78763 0.174537 0.0721354 0.0796296 
0 0.745052 0.673611 0.0359375 0.0527778 
0 0.801823 0.27037 0.0598958 0.0907407 
0 0.785156 0.678704 0.0447917 0.102778 
0 0.878385 0.549537 0.0354167 0.117593 
0 0.552214 0.537269 0.0429688 0.10787 
0 0.804297 0.410185 0.0513021 0.0490741 
0 0.69388 0.534722 0.0346354 0.117593 
0 0.694792 0.355324 0.05625 0.0680556 
0 0.102604 0.884722 0.0463542 0.062037 
0 0.407422 0.631944 0.0393229 0.0972222 
0 0.868099 0.156713 0.0632813 0.0726852 
0 0.739714 0.359028 0.0325521 0.1125 
0 0.553646 0.673611 0.0572917 0.0722222 
0 0.251953 0.685648 0.0528646 0.0731481 
0 0.454948 0.427546 0.046875 0.074537 
0 0.917969 0.728704 0.0380208 0.0935185 
0 0.60651 0.909028 0.0526042 0.0837963 
0 0.832031 0.566435 0.0375 0.0689815 
0 0.47513 0.661574 0.0544271 0.106481 
0 0.379427 0.577315 0.0380208 0.139815 
0 0.239974 0.459259 0.0789063 0.132407 
0 0.228906 0.926157 0.0442708 0.0810185 
0 0.482682 0.920833 0.0351562 0.117593 
