0 0.363021 0.380093 0.0421875 0.0444444 
0 0.459245 0.708796 0.0497396 0.0546296 
0 0.265885 0.865278 0.034375 0.0833333 
0 0.791536 0.523843 0.0794271 0.0689815 
0 0.642578 0.370602 0.0632813 0.0949074 
0 0.70599 0.427315 0.0734375 0.0759259 
0 0.239714 0.292361 0.0502604 0.0421296 
0 0.129297 0.41713 0.0419271 0.0740741 
0 0.492448 0.660185 0.0270833 0.0490741 
0 0.974089 0.314815 0.0518229 0.0611111 
0 0.308333 0.870139 0.0385417 0.0884259 
0 0.365495 0.104167 0.0580729 0.0611111 
0 0.55625 0.641898 0.0411458 0.0578704 
0 0.645052 0.58125 0.0432292 0.0560185 
0 0.354818 0.600694 0.0533854 0.0597222 
0 0.16224 0.673611 0.0453125 0.0611111 
0 0.604036 0.177546 0.0356771 0.099537 
0 0.556641 0.211111 0.0669271 0.062037 
0 0.432161 0.371065 0.0455729 0.0560185 
0 0.213802 0.88588 0.0239583 0.0569444 
0 0.728125 0.185648 0.0390625 0.0824074 
0 0.874479 0.640509 0.0677083 0.0810185 
0 0.304036 0.201389 0.0320312 0.0814815 
0 0.785156 0.351157 0.0364583 0.0967593 
0 0.0325521 0.0513889 0.0390625 0.0472222 
0 0.552734 0.801157 0.0455729 0.0810185 
0 0.648438 0.899306 0.103646 0.134722 
0 0.0166667 0.25625 0.0286458 0.0569444 
0 0.382812 0.46088 0.0333333 0.0726852 
0 0.626432 0.0905093 0.0455729 0.0606481 
0 0.729948 0.69838 0.0411458 0.0541667 
0 0.534115 0.976157 0.0432292 0.0476852 
0 0.3 0.513889 0.0609375 0.0555556 
0 0.578125 0.948843 0.0364583 0.0486111 
0 0.598177 0.299769 0.0447917 0.0967593 
0 0.282552 0.980787 0.0442708 0.0384259 
0 0.739714 0.0550926 0.0414063 0.0944444 
0 0.638672 0.823611 0.0377604 0.0759259 
0 0.344792 0.15 0.0291667 0.0472222 
0 0.560026 0.398611 0.0382813 0.0953704 
0 0.619661 0.652083 0.0460938 0.0625 
0 0.360938 0.0659722 0.034375 0.0412037 
0 0.234245 0.615509 0.0356771 0.0726852 
0 0.151693 0.862731 0.0382813 0.075463 
