0 0.825651 0.157407 0.0408854 0.0546296 
0 0.494792 0.26713 0.0244792 0.087963 
0 0.958984 0.3375 0.0367187 0.0842593 
0 0.302995 0.024537 0.0247396 0.0490741 
0 0.845703 0.530787 0.0408854 0.0847222 
0 0.795443 0.24213 0.0408854 0.0611111 
0 0.465365 0.0263889 0.0401042 0.0527778 
0 0.424609 0.103009 0.0565104 0.0708333 
0 0.346875 0.316204 0.0364583 0.0564815 
0 0.177995 0.385185 0.0315104 0.075 
0 0.630859 0.974074 0.0643229 0.0518519 
0 0.141797 0.152315 0.0367187 0.0759259 
0 0.933073 0.576389 0.0322917 0.0722222 
0 0.681641 0.490046 0.0242187 0.049537 
0 0.914062 0.324769 0.0395833 0.0652778 
0 0.863281 0.361111 0.0234375 0.0740741 
0 0.983464 0.562037 0.0309896 0.0777778 
0 0.883854 0.162037 0.0291667 0.0518519 
0 0.974609 0.844213 0.0361979 0.0689815 
0 0.0790365 0.209259 0.0335938 0.0601852 
0 0.135156 0.505556 0.0411458 0.0824074 
0 0.530208 0.129167 0.0401042 0.0611111 
0 0.748047 0.550231 0.0403646 0.0736111 
0 0.623047 0.426157 0.0361979 0.0578704 
0 0.953125 0.407407 0.0546875 0.0472222 
0 0.770964 0.178009 0.0476562 0.0671296 
0 0.545833 0.424074 0.0375 0.100926 
0 0.886198 0.492593 0.0369792 0.0814815 
0 0.971224 0.0293981 0.0486979 0.0578704 
