0 0.542057 0.92963 0.0341146 0.130556 
0 0.621094 0.895833 0.0854167 0.0768519 
0 0.485026 0.357639 0.0507812 0.0967593 
0 0.604948 0.954861 0.0515625 0.0902778 
0 0.680729 0.289352 0.0411458 0.0518519 
0 0.113281 0.0416667 0.0947917 0.0722222 
0 0.616667 0.0576389 0.110417 0.0699074 
0 0.451172 0.120833 0.102344 0.075 
0 0.322786 0.200463 0.0575521 0.134259 
0 0.648438 0.181481 0.0911458 0.0675926 
0 0.70612 0.114352 0.0570313 0.0944444 
0 0.175911 0.718287 0.0419271 0.0625 
0 0.290495 0.8875 0.0804688 0.0722222 
0 0.479167 0.501389 0.0338542 0.134259 
0 0.28763 0.622917 0.0440104 0.0782407 
0 0.329297 0.4375 0.0434896 0.0657407 
0 0.552344 0.274074 0.0583333 0.087963 
0 0.412891 0.528009 0.0414063 0.0439815 
0 0.433333 0.614583 0.0692708 0.0634259 
0 0.288411 0.72662 0.0575521 0.0449074 
0 0.21263 0.665046 0.0460938 0.0615741 
0 0.229297 0.958333 0.0523437 0.0768519 
0 0.447266 0.794213 0.0341146 0.0736111 
0 0.619141 0.119907 0.114844 0.0527778 
0 0.430859 0.454398 0.0533854 0.0365741 
0 0.324219 0.598148 0.0270833 0.136111 
0 0.257812 0.349306 0.046875 0.0643518 
0 0.166406 0.445833 0.0484375 0.108333 
0 0.653776 0.71875 0.0658854 0.0541667 
0 0.593229 0.848148 0.0333333 0.0444444 
0 0.238542 0.116667 0.0328125 0.0740741 
0 0.112109 0.236574 0.0507812 0.0740741 
0 0.0466146 0.874537 0.0458333 0.0546296 
0 0.0272135 0.155324 0.0544271 0.0652778 
0 0.123047 0.704861 0.0466146 0.0532407 
0 0.560547 0.159954 0.0440104 0.0375 
0 0.535677 0.314352 0.0541667 0.0907407 
0 0.276302 0.478704 0.0322917 0.0907407 
0 0.319141 0.0831019 0.0382813 0.0800926 
0 0.0785156 0.100926 0.0611979 0.0601852 
0 0.207422 0.890741 0.0341146 0.0657407 
0 0.129427 0.611806 0.0567708 0.0884259 
0 0.351562 0.599769 0.0510417 0.128241 
0 0.0304688 0.818981 0.0609375 0.0546296 
0 0.0260417 0.271296 0.0291667 0.0555556 
0 0.167318 0.211806 0.0414063 0.0680556 
0 0.701172 0.0428241 0.0309896 0.0837963 
0 0.108333 0.805556 0.05 0.0740741 
0 0.755859 0.0224537 0.0752604 0.0449074 
0 0.0518229 0.484259 0.04375 0.0759259 
