0 0.871615 0.411806 0.113542 0.160648 
0 0.594661 0.598148 0.0747396 0.0787037 
0 0.6875 0.460417 0.0838542 0.145833 
0 0.780729 0.952315 0.0442708 0.0648148 
0 0.414583 0.406713 0.0682292 0.0625 
0 0.542057 0.116204 0.0544271 0.087037 
0 0.363542 0.704398 0.040625 0.0976852 
0 0.571224 0.39213 0.0309896 0.0777778 
0 0.635286 0.742593 0.0471354 0.0601852 
0 0.824609 0.521991 0.102865 0.0689815 
0 0.521094 0.5 0.0734375 0.0805556 
0 0.680729 0.843056 0.0432292 0.0833333 
0 0.134896 0.967824 0.0369792 0.0597222 
0 0.981901 0.599769 0.0356771 0.0726852 
0 0.76901 0.0340278 0.0708333 0.0597222 
0 0.400781 0.734028 0.0614583 0.0634259 
0 0.46237 0.132639 0.0674479 0.074537 
0 0.189063 0.602546 0.0427083 0.0541667 
0 0.289062 0.616204 0.0364583 0.0574074 
0 0.24362 0.780787 0.0450521 0.0615741 
0 0.482682 0.732176 0.0325521 0.0606481 
0 0.714323 0.0328704 0.0890625 0.0537037 
0 0.0664062 0.907176 0.0588542 0.0430556 
0 0.258464 0.962731 0.0539063 0.0699074 
0 0.609896 0.671065 0.0604167 0.0680556 
0 0.800391 0.471296 0.0966146 0.0648148 
0 0.121354 0.482639 0.0432292 0.0458333 
0 0.696875 0.538657 0.0864583 0.118056 
0 0.641667 0.26412 0.0380208 0.163426 
0 0.491927 0.796759 0.0260417 0.0638889 
0 0.401823 0.338657 0.0416667 0.0486111 
0 0.797917 0.636343 0.0348958 0.0949074 
0 0.329297 0.900926 0.0419271 0.0861111 
0 0.83151 0.133796 0.040625 0.0555556 
0 0.163932 0.706944 0.0497396 0.0638889 
0 0.51224 0.94375 0.0239583 0.0375 
0 0.550781 0.725694 0.0369792 0.0662037 
0 0.145833 0.433565 0.0286458 0.0689815 
0 0.0398437 0.136111 0.0411458 0.062963 
0 0.445052 0.965972 0.0609375 0.0643518 
0 0.53125 0.382639 0.0369792 0.113426 
0 0.633854 0.0655093 0.0364583 0.0578704 
0 0.021224 0.571991 0.0283854 0.0550926 
0 0.228516 0.228935 0.0268229 0.075463 
0 0.689453 0.342361 0.0471354 0.0486111 
0 0.751953 0.7 0.0575521 0.0564815 
0 0.508333 0.596528 0.0630208 0.0625 
0 0.601042 0.929861 0.0666667 0.0949074 
0 0.102344 0.147454 0.03125 0.0523148 
0 0.245833 0.856713 0.0395833 0.0634259 
0 0.189453 0.46875 0.0559896 0.0532407 
0 0.115625 0.865509 0.0572917 0.0467593 
0 0.853516 0.282176 0.0434896 0.0578704 
0 0.129818 0.789583 0.0414063 0.0625 
0 0.755339 0.649074 0.0377604 0.0527778 
