0 0.70651 0.809259 0.0526042 0.087037 
0 0.0596354 0.0375 0.0942708 0.075 
0 0.441927 0.248148 0.0630208 0.0740741 
0 0.566406 0.235417 0.0442708 0.0949074 
0 0.376563 0.406019 0.0640625 0.0703704 
0 0.0315104 0.628009 0.0369792 0.0736111 
0 0.956641 0.841435 0.0424479 0.0856481 
0 0.584505 0.403935 0.0335938 0.100463 
0 0.530208 0.788194 0.0432292 0.118981 
0 0.89401 0.635185 0.0927083 0.0768519 
0 0.811458 0.951389 0.0395833 0.0972222 
0 0.277474 0.760417 0.0398437 0.115278 
0 0.852995 0.464815 0.0445312 0.112963 
0 0.485286 0.595602 0.0648438 0.178241 
0 0.176042 0.462269 0.0479167 0.0578704 
0 0.38112 0.807639 0.0773437 0.116204 
0 0.167187 0.559491 0.0385417 0.0717593 
0 0.754948 0.425694 0.0463542 0.0819444 
0 0.204036 0.738657 0.103906 0.163426 
0 0.476562 0.75463 0.0473958 0.062963 
0 0.280469 0.96875 0.0515625 0.0597222 
0 0.028776 0.822454 0.0528646 0.0819444 
