0 0.684635 0.41412 0.0567708 0.0949074 
0 0.323307 0.514815 0.0690104 0.146296 
0 0.570833 0.673611 0.0947917 0.0712963 
0 0.773438 0.218056 0.122917 0.112037 
0 0.676302 0.943519 0.053125 0.107407 
0 0.277995 0.0592593 0.0695312 0.0833333 
0 0.517187 0.497917 0.0885417 0.099537 
0 0.142318 0.290509 0.0294271 0.100463 
0 0.665495 0.104167 0.0778646 0.172222 
0 0.415755 0.441898 0.0518229 0.109722 
0 0.217448 0.634028 0.0546875 0.0634259 
0 0.334505 0.395833 0.0580729 0.0740741 
0 0.0354167 0.244676 0.0348958 0.0486111 
0 0.332031 0.31713 0.04375 0.113889 
0 0.503906 0.378009 0.0510417 0.100463 
0 0.213802 0.184259 0.0380208 0.0768519 
0 0.357682 0.543981 0.0591146 0.106481 
0 0.532682 0.911574 0.0372396 0.164815 
0 0.236198 0.461343 0.0546875 0.0708333 
0 0.145573 0.388194 0.0572917 0.0782407 
0 0.514193 0.182639 0.0601562 0.0763889 
0 0.183594 0.0502315 0.0515625 0.0967593 
0 0.386719 0.840741 0.0322917 0.0518519 
0 0.113151 0.538657 0.0361979 0.0513889 
0 0.275391 0.144213 0.0460938 0.0523148 
0 0.453906 0.701389 0.0541667 0.10463 
0 0.382682 0.684491 0.0476562 0.0800926 
0 0.288021 0.940046 0.0385417 0.109722 
0 0.560026 0.322685 0.0533854 0.0657407 
0 0.707031 0.621991 0.0401042 0.0560185 
0 0.466797 0.535185 0.0617188 0.0518519 
0 0.0179687 0.878472 0.0348958 0.0699074 
0 0.177083 0.172917 0.05 0.0662037 
0 0.253516 0.316435 0.0361979 0.0652778 
0 0.260026 0.397685 0.0367187 0.115741 
0 0.933594 0.534259 0.0375 0.062037 
0 0.147396 0.0796296 0.0447917 0.0435185 
0 0.704036 0.069213 0.0367187 0.135648 
0 0.292708 0.722222 0.0520833 0.112037 
0 0.0639323 0.467824 0.0643229 0.0467593 
0 0.0638021 0.197685 0.0375 0.05 
0 0.158854 0.585185 0.0479167 0.087963 
0 0.80026 0.53912 0.0359375 0.0625 
0 0.569792 0.0266204 0.059375 0.0523148 
0 0.467839 0.121528 0.0658854 0.0736111 
0 0.497786 0.975694 0.0361979 0.0458333 
0 0.430859 0.779861 0.0408854 0.0912037 
0 0.0904948 0.870602 0.0471354 0.0587963 
0 0.405729 0.895833 0.0276042 0.0537037 
0 0.401823 0.560185 0.0770833 0.0601852 
0 0.154036 0.863426 0.0429688 0.0768519 
0 0.744141 0.01875 0.0309896 0.0347222 
0 0.0979167 0.787731 0.0807292 0.0662037 
