0 0.455078 0.602315 0.0617188 0.110185 
0 0.622135 0.412731 0.0640625 0.0662037 
0 0.685547 0.89838 0.0414063 0.115278 
0 0.563021 0.260185 0.0421875 0.075 
0 0.384245 0.670602 0.0356771 0.0967593 
0 0.542578 0.101389 0.0309896 0.133333 
0 0.525781 0.754861 0.0354167 0.111574 
0 0.165104 0.471296 0.046875 0.0685185 
0 0.633333 0.592824 0.0515625 0.0476852 
0 0.86237 0.677546 0.0658854 0.0486111 
0 0.568359 0.7625 0.0388021 0.185185 
0 0.436328 0.6875 0.0408854 0.0759259 
0 0.472917 0.775 0.0458333 0.0833333 
0 0.477474 0.678009 0.0539063 0.0847222 
0 0.54974 0.591898 0.0479167 0.0902778 
0 0.394271 0.202778 0.065625 0.062037 
0 0.320312 0.170139 0.0479167 0.0476852 
0 0.586849 0.104167 0.0658854 0.0740741 
0 0.251953 0.363426 0.0455729 0.0722222 
0 0.701172 0.296528 0.0356771 0.0671296 
0 0.319661 0.469213 0.0247396 0.0634259 
0 0.496484 0.396759 0.0856771 0.062037 
0 0.232161 0.493056 0.0341146 0.0453704 
0 0.448047 0.225 0.0278646 0.10463 
0 0.598698 0.940046 0.0526042 0.111574 
0 0.402865 0.71875 0.0427083 0.0412037 
0 0.582422 0.52037 0.0559896 0.0583333 
0 0.778255 0.0425926 0.0763021 0.0638889 
0 0.661589 0.85463 0.0627604 0.0694444 
0 0.350651 0.846296 0.0466146 0.0583333 
0 0.535156 0.83588 0.0416667 0.0699074 
0 0.285937 0.90463 0.0479167 0.0731481 
0 0.215885 0.263657 0.0453125 0.0578704 
0 0.243359 0.940046 0.0434896 0.075463 
0 0.837891 0.198611 0.0434896 0.0888889 
0 0.41849 0.961806 0.0421875 0.0699074 
0 0.365495 0.872454 0.0377604 0.0430556 
0 0.192969 0.571528 0.0270833 0.0578704 
0 0.201432 0.740278 0.0455729 0.062037 
0 0.509766 0.0381944 0.0414063 0.074537 
0 0.282031 0.732176 0.0375 0.0513889 
0 0.336719 0.524306 0.0385417 0.0689815 
0 0.0259115 0.318519 0.0434896 0.0638889 
0 0.090625 0.401157 0.0307292 0.0597222 
0 0.79349 0.682407 0.0296875 0.0398148 
0 0.401172 0.0347222 0.0434896 0.0601852 
0 0.131771 0.764583 0.0317708 0.0412037 
0 0.428906 0.405324 0.0442708 0.0773148 
0 0.0578125 0.622454 0.0286458 0.0486111 
0 0.697266 0.715972 0.0252604 0.0532407 
