0 0.727474 0.2125 0.0492188 0.0842593 
0 0.791927 0.563889 0.0895833 0.0657407 
0 0.68112 0.120139 0.0596354 0.103241 
0 0.942318 0.491204 0.0585938 0.0907407 
0 0.652734 0.591435 0.0679687 0.0699074 
0 0.484896 0.312269 0.0453125 0.0717593 
0 0.369661 0.771759 0.0445312 0.0564815 
0 0.79987 0.334491 0.0757812 0.0689815 
0 0.726562 0.0773148 0.0598958 0.0990741 
0 0.703125 0.712269 0.0302083 0.0550926 
0 0.669401 0.30162 0.0351562 0.0467593 
0 0.703646 0.535648 0.0307292 0.0675926 
0 0.584896 0.831481 0.0395833 0.0833333 
0 0.101172 0.22662 0.0341146 0.0597222 
0 0.69974 0.0488426 0.0536458 0.0949074 
0 0.395573 0.228009 0.0442708 0.0773148 
0 0.470833 0.825 0.040625 0.0601852 
0 0.236589 0.410417 0.0440104 0.0625 
0 0.484375 0.40463 0.0432292 0.0444444 
0 0.304167 0.860648 0.0385417 0.062963 
0 0.44388 0.22662 0.0315104 0.0726852 
0 0.691797 0.969444 0.0559896 0.0592593 
0 0.458984 0.699769 0.0471354 0.101389 
0 0.750521 0.371528 0.0307292 0.0689815 
0 0.587891 0.208333 0.0382813 0.0472222 
0 0.310547 0.453935 0.0398437 0.075463 
0 0.591797 0.0916667 0.0700521 0.062037 
0 0.0261719 0.327546 0.0200521 0.0689815 
0 0.469531 0.0949074 0.0432292 0.0666667 
0 0.613281 0.815741 0.034375 0.05 
0 0.395964 0.0990741 0.0632813 0.0685185 
0 0.666016 0.936574 0.0388021 0.0555556 
0 0.609375 0.510417 0.0395833 0.0550926 
0 0.473437 0.565509 0.03125 0.0532407 
0 0.256771 0.329398 0.0494792 0.0615741 
0 0.298568 0.105324 0.0429688 0.0736111 
0 0.174349 0.66713 0.0361979 0.0592593 
0 0.122917 0.675463 0.0385417 0.0472222 
0 0.344661 0.295602 0.0315104 0.0893519 
0 0.436458 0.983333 0.0421875 0.0333333 
0 0.213411 0.376389 0.0367187 0.0333333 
0 0.133724 0.0872685 0.0304688 0.0541667 
0 0.551823 0.258565 0.0442708 0.0476852 
0 0.0596354 0.62338 0.0208333 0.0634259 
0 0.731901 0.368519 0.0372396 0.0935185 
