0 0.899479 0.840972 0.0395833 0.0819444 
0 0.0835937 0.668981 0.05 0.0601852 
0 0.957031 0.539815 0.0526042 0.0953704 
0 0.539974 0.385648 0.0528646 0.0583333 
0 0.0125 0.307639 0.0244792 0.128241 
0 0.081901 0.353241 0.0658854 0.062963 
0 0.908203 0.182407 0.0294271 0.0685185 
0 0.676823 0.788657 0.0307292 0.0810185 
0 0.052474 0.199769 0.0585938 0.0847222 
0 0.951172 0.96088 0.0570313 0.0763889 
0 0.615234 0.907176 0.0492188 0.0708333 
0 0.239974 0.344213 0.0419271 0.0763889 
0 0.545443 0.509259 0.0466146 0.062963 
0 0.510286 0.631944 0.0403646 0.105556 
0 0.635677 0.408796 0.0333333 0.126852 
0 0.606901 0.370139 0.0315104 0.0791667 
0 0.19349 0.526852 0.0427083 0.0703704 
0 0.822266 0.353935 0.0434896 0.0967593 
0 0.153906 0.754861 0.0510417 0.0615741 
0 0.204167 0.38287 0.0265625 0.106481 
0 0.19974 0.663657 0.0364583 0.074537 
0 0.641016 0.196065 0.0325521 0.110648 
0 0.947786 0.454398 0.0330729 0.116204 
0 0.828646 0.570139 0.0375 0.0819444 
0 0.241016 0.756019 0.0481771 0.0694444 
0 0.224349 0.578704 0.0268229 0.0546296 
0 0.261719 0.396759 0.0348958 0.0611111 
0 0.166146 0.651389 0.0338542 0.116667 
0 0.147917 0.490509 0.0385417 0.108796 
0 0.333724 0.390509 0.0393229 0.075463 
0 0.677734 0.323843 0.0393229 0.106944 
0 0.757812 0.142361 0.0302083 0.0569444 
0 0.179036 0.465972 0.0351562 0.0560185 
0 0.341146 0.568519 0.0348958 0.113889 
0 0.779297 0.459954 0.0601562 0.0893519 
0 0.476823 0.430324 0.0572917 0.0949074 
0 0.124349 0.678704 0.0429688 0.0981481 
0 0.259505 0.850926 0.0497396 0.075 
0 0.514193 0.849537 0.0486979 0.0592593 
0 0.751953 0.830787 0.0335938 0.0717593 
0 0.3125 0.733333 0.0354167 0.0657407 
0 0.280599 0.486574 0.0341146 0.119444 
0 0.0104167 0.414815 0.0203125 0.0648148 
