0 0.852083 0.0696759 0.059375 0.122685 
0 0.462891 0.210417 0.0466146 0.140278 
0 0.796875 0.398843 0.0359375 0.0893519 
0 0.308333 0.216898 0.0515625 0.165278 
0 0.477604 0.0460648 0.040625 0.0828704 
0 0.368229 0.36412 0.05625 0.0986111 
0 0.896484 0.509954 0.0596354 0.0902778 
0 0.618099 0.302778 0.0403646 0.0861111 
0 0.93112 0.178472 0.0481771 0.118981 
0 0.904818 0.642361 0.0330729 0.143056 
0 0.626432 0.507407 0.0804688 0.0814815 
0 0.284766 0.403935 0.0794271 0.0717593 
0 0.573307 0.703472 0.0476562 0.0958333 
0 0.865234 0.15787 0.0528646 0.0462963 
0 0.554167 0.17037 0.0489583 0.0972222 
0 0.295182 0.534722 0.0315104 0.0703704 
0 0.255599 0.22662 0.0492188 0.0884259 
0 0.598568 0.234954 0.0476562 0.0689815 
0 0.173698 0.519907 0.0322917 0.101852 
0 0.973177 0.159259 0.046875 0.0851852 
0 0.704557 0.573843 0.0382813 0.0930556 
0 0.0489583 0.574537 0.0598958 0.133333 
0 0.390104 0.542593 0.0515625 0.164815 
0 0.79388 0.484722 0.0434896 0.0685185 
0 0.49362 0.710185 0.0565104 0.087963 
0 0.438542 0.400694 0.0333333 0.0541667 
0 0.671875 0.322685 0.0520833 0.0731481 
0 0.482682 0.296528 0.0705729 0.0699074 
0 0.448828 0.611343 0.0429688 0.0773148 
0 0.611849 0.576852 0.0752604 0.0851852 
0 0.50638 0.376157 0.0825521 0.0791667 
0 0.105859 0.453009 0.0825521 0.0643518 
0 0.527734 0.615046 0.0481771 0.0810185 
0 0.863281 0.570602 0.0546875 0.075463 
0 0.123307 0.384954 0.0325521 0.109722 
0 0.229297 0.428704 0.0393229 0.113889 
0 0.482943 0.820833 0.0403646 0.0953704 
0 0.21224 0.848148 0.0640625 0.0962963 
0 0.0403646 0.838657 0.0484375 0.0939815 
0 0.375781 0.125926 0.0380208 0.0518519 
0 0.467187 0.957639 0.040625 0.0782407 
0 0.832031 0.48912 0.0458333 0.0736111 
0 0.636719 0.672222 0.0411458 0.0490741 
0 0.891146 0.947917 0.0421875 0.0976852 
0 0.447526 0.753009 0.0335938 0.105093 
