0 0.0436198 0.800463 0.0554687 0.112963 
0 0.536068 0.789352 0.0617188 0.12963 
0 0.521484 0.853472 0.0898438 0.0763889 
0 0.840755 0.840278 0.0372396 0.149074 
0 0.0369792 0.934028 0.0723958 0.0726852 
0 0.183203 0.925463 0.0388021 0.141667 
0 0.181901 0.728009 0.0419271 0.173611 
0 0.61875 0.786806 0.0625 0.0606481 
0 0.660156 0.615046 0.0328125 0.150463 
0 0.508854 0.689352 0.0536458 0.0898148 
0 0.227995 0.978472 0.0533854 0.0430556 
0 0.585417 0.820833 0.0411458 0.133333 
0 0.932031 0.743981 0.034375 0.138889 
0 0.898958 0.957407 0.0510417 0.0666667 
0 0.551823 0.96875 0.059375 0.0625 
