0 0.978516 0.571065 0.0388021 0.0875 
0 0.191146 0.292824 0.0442708 0.0875 
0 0.667969 0.0293981 0.0401042 0.0550926 
0 0.976042 0.696296 0.0317708 0.0722222 
0 0.80612 0.397917 0.0492188 0.0800926 
0 0.924349 0.171759 0.0268229 0.135185 
0 0.625911 0.368056 0.0341146 0.0666667 
0 0.477604 0.674074 0.0385417 0.0611111 
0 0.775391 0.684491 0.0377604 0.0708333 
0 0.929688 0.965278 0.040625 0.0648148 
0 0.345052 0.324537 0.0427083 0.0592593 
0 0.340104 0.64838 0.0447917 0.0689815 
0 0.541016 0.361343 0.0606771 0.0958333 
0 0.0158854 0.682639 0.0307292 0.0819444 
0 0.867188 0.465278 0.0723958 0.0777778 
0 0.535677 0.767361 0.0369792 0.0689815 
0 0.673307 0.209954 0.0419271 0.0699074 
0 0.0795573 0.397917 0.0424479 0.0662037 
0 0.447526 0.317593 0.0486979 0.0564815 
0 0.722656 0.689815 0.0265625 0.0574074 
0 0.711849 0.816435 0.0289063 0.074537 
0 0.764714 0.359028 0.0507812 0.0597222 
0 0.17513 0.412269 0.0341146 0.0717593 
0 0.666927 0.513426 0.0229167 0.0925926 
0 0.0972656 0.714352 0.0361979 0.0777778 
0 0.161198 0.583796 0.0291667 0.0675926 
0 0.811458 0.867593 0.0427083 0.111111 
0 0.635807 0.846991 0.0434896 0.0791667 
0 0.251693 0.469676 0.0388021 0.0550926 
0 0.905339 0.19213 0.0247396 0.0694444 
0 0.963281 0.846296 0.0328125 0.0777778 
0 0.00924479 0.380787 0.0148437 0.111574 
0 0.516536 0.977778 0.0450521 0.0444444 
0 0.966276 0.209259 0.0315104 0.0518519 
