0 0.133073 0.0541667 0.0546875 0.0657407 
0 0.746094 0.0402778 0.0651042 0.0759259 
0 0.979948 0.400926 0.0375 0.0722222 
0 0.45651 0.0796296 0.034375 0.100926 
0 0.923307 0.192824 0.0627604 0.0949074 
0 0.449479 0.246759 0.046875 0.0666667 
0 0.0397135 0.154167 0.0367187 0.109259 
0 0.153385 0.77662 0.0328125 0.0587963 
0 0.513151 0.0490741 0.0440104 0.0981481 
0 0.498047 0.156019 0.0523437 0.0694444 
0 0.394271 0.629861 0.0447917 0.0523148 
0 0.847266 0.34213 0.0408854 0.0824074 
0 0.769531 0.656713 0.0515625 0.0819444 
0 0.25651 0.0337963 0.0401042 0.062963 
0 0.640625 0.113194 0.0432292 0.0939815 
0 0.184245 0.272222 0.0283854 0.0666667 
0 0.96875 0.0472222 0.0369792 0.0537037 
0 0.472917 0.55463 0.05 0.0509259 
0 0.58776 0.197222 0.0625 0.0703704 
0 0.59375 0.571991 0.0369792 0.0643518 
0 0.825781 0.160417 0.0432292 0.0550926 
0 0.0516927 0.244907 0.0382813 0.0703704 
