0 0.754297 0.580787 0.102344 0.0717593 
0 0.339063 0.759491 0.0666667 0.0893519 
0 0.865625 0.733102 0.0463542 0.0569444 
0 0.919401 0.828241 0.0789063 0.0703704 
0 0.787109 0.926157 0.0513021 0.138426 
0 0.710547 0.423148 0.102344 0.107407 
0 0.670443 0.67338 0.0440104 0.115278 
0 0.878906 0.3375 0.0364583 0.137037 
0 0.584896 0.794213 0.0770833 0.0726852 
0 0.442839 0.750926 0.0356771 0.0611111 
0 0.847656 0.496991 0.0864583 0.0717593 
0 0.970703 0.652778 0.0565104 0.0675926 
0 0.829557 0.690046 0.0341146 0.050463 
0 0.400651 0.519444 0.0346354 0.162963 
0 0.243359 0.734259 0.0731771 0.0731481 
0 0.520443 0.799074 0.0372396 0.0435185 
0 0.580078 0.950463 0.0335938 0.0944444 
0 0.376563 0.981481 0.059375 0.037037 
0 0.619661 0.861111 0.0372396 0.0787037 
0 0.494401 0.735648 0.0502604 0.0648148 
0 0.277344 0.69838 0.0453125 0.0523148 
