0 0.73724 0.371065 0.0651042 0.118056 
0 0.773047 0.283796 0.0934896 0.0953704 
0 0.411198 0.119444 0.0510417 0.0648148 
0 0.625 0.0599537 0.04375 0.109722 
0 0.380339 0.252315 0.0299479 0.0518519 
0 0.411328 0.677083 0.0596354 0.0476852 
0 0.244531 0.286111 0.0364583 0.0833333 
0 0.552734 0.949537 0.0320312 0.0990741 
0 0.477865 0.316435 0.0442708 0.0875 
0 0.685547 0.0398148 0.0341146 0.0638889 
0 0.519141 0.490046 0.0393229 0.0912037 
0 0.370443 0.565741 0.0690104 0.0490741 
0 0.595703 0.233102 0.0554687 0.0662037 
0 0.780208 0.686343 0.0557292 0.0597222 
0 0.137891 0.884259 0.0486979 0.0425926 
0 0.159245 0.771759 0.0481771 0.0481481 
0 0.355729 0.199074 0.0421875 0.0962963 
0 0.503385 0.897454 0.0390625 0.0532407 
0 0.618099 0.316667 0.0986979 0.0722222 
0 0.407552 0.96875 0.0505208 0.0606481 
0 0.188672 0.888194 0.0335938 0.0606481 
0 0.226953 0.452778 0.0476562 0.0824074 
0 0.689453 0.543056 0.0361979 0.127778 
0 0.351172 0.121759 0.0356771 0.101852 
0 0.369141 0.622917 0.0617188 0.0449074 
0 0.0208333 0.766898 0.0416667 0.0550926 
0 0.623438 0.56412 0.0369792 0.0560185 
0 0.415234 0.025 0.0289063 0.05 
0 0.491016 0.432176 0.0226563 0.0421296 
0 0.158854 0.551157 0.0619792 0.0587963 
0 0.373307 0.352083 0.0382813 0.0662037 
0 0.576172 0.742593 0.0513021 0.0675926 
0 0.368099 0.744213 0.0658854 0.0458333 
0 0.724089 0.241667 0.0367187 0.106481 
0 0.257552 0.723148 0.0401042 0.0796296 
0 0.629948 0.681944 0.059375 0.116667 
0 0.117188 0.685417 0.03125 0.0458333 
0 0.319531 0.218981 0.0296875 0.0518519 
0 0.467839 0.525231 0.0263021 0.0578704 
0 0.0949219 0.703704 0.0309896 0.0731481 
0 0.138281 0.413426 0.0333333 0.0398148 
0 0.531771 0.550463 0.0619792 0.0555556 
0 0.435156 0.240509 0.0390625 0.0375 
0 0.305339 0.180093 0.0242187 0.0712963 
0 0.159505 0.654398 0.0299479 0.0578704 
0 0.190104 0.451852 0.0395833 0.05 
0 0.10612 0.787731 0.0424479 0.0513889 
0 0.39401 0.324306 0.0421875 0.0449074 
0 0.153385 0.980787 0.0427083 0.0384259 
0 0.0201823 0.303704 0.0393229 0.0657407 
0 0.213932 0.651389 0.0513021 0.0694444 
0 0.561589 0.0180556 0.0320312 0.0361111 
0 0.261719 0.924537 0.0494792 0.0472222 
0 0.472135 0.632407 0.0416667 0.125926 
0 0.369922 0.825926 0.0361979 0.0509259 
0 0.307813 0.841667 0.0380208 0.0925926 
0 0.735807 0.117593 0.0523437 0.0518519 
0 0.449219 0.403241 0.0234375 0.0842593 
0 0.664583 0.140741 0.0765625 0.0564815 
0 0.555208 0.29375 0.0307292 0.0958333 
0 0.48125 0.779861 0.0401042 0.0819444 
