0 0.29375 0.923611 0.0390625 0.112037 
0 0.75625 0.895833 0.0536458 0.0546296 
0 0.194141 0.963657 0.0502604 0.0699074 
0 0.669401 0.778935 0.0429688 0.133796 
0 0.773958 0.208102 0.04375 0.0550926 
0 0.352604 0.97037 0.0520833 0.0592593 
0 0.590365 0.250463 0.0380208 0.062037 
0 0.604427 0.642824 0.0807292 0.0680556 
0 0.465495 0.274537 0.0289063 0.05 
0 0.883203 0.622454 0.0242187 0.0467593 
0 0.122005 0.616435 0.0611979 0.0782407 
0 0.76224 0.593982 0.05625 0.0666667 
0 0.822266 0.596296 0.0388021 0.0805556 
0 0.0731771 0.384491 0.059375 0.0736111 
