0 0.515104 0.840278 0.0546875 0.102778 
0 0.684115 0.0430556 0.0463542 0.0833333 
0 0.68112 0.950463 0.0372396 0.0981481 
0 0.645964 0.161574 0.0830729 0.108333 
0 0.797786 0.755093 0.0716146 0.0861111 
0 0.461719 0.475694 0.0479167 0.0930556 
0 0.521484 0.629167 0.0559896 0.0685185 
0 0.635156 0.0368056 0.0421875 0.0736111 
0 0.63776 0.835185 0.0390625 0.12037 
0 0.733984 0.0696759 0.0502604 0.121759 
0 0.417318 0.225231 0.0361979 0.0875 
0 0.76263 0.866667 0.0721354 0.0574074 
0 0.877474 0.639352 0.0476562 0.0685185 
0 0.0197917 0.0388889 0.0348958 0.0712963 
0 0.20013 0.312963 0.0565104 0.0898148 
0 0.572656 0.050463 0.0463542 0.0935185 
0 0.464193 0.825694 0.0455729 0.0662037 
0 0.58737 0.322222 0.0367187 0.0527778 
0 0.392318 0.828935 0.0653646 0.0513889 
0 0.703646 0.729167 0.0296875 0.05 
0 0.235807 0.418981 0.0533854 0.0694444 
0 0.489714 0.369213 0.0622396 0.1125 
0 0.0776042 0.335417 0.0484375 0.0615741 
0 0.148438 0.340741 0.0322917 0.0564815 
0 0.377734 0.346065 0.0424479 0.0606481 
0 0.294271 0.158565 0.0364583 0.050463 
0 0.756901 0.604398 0.0309896 0.0893519 
0 0.549219 0.127315 0.0770833 0.0842593 
0 0.114844 0.894907 0.0385417 0.0666667 
0 0.791536 0.933102 0.0419271 0.0708333 
0 0.183984 0.422917 0.0575521 0.0708333 
0 0.170182 0.186806 0.0299479 0.0476852 
0 0.885677 0.967824 0.0421875 0.0587963 
0 0.734375 0.401157 0.0427083 0.0726852 
0 0.0592448 0.579861 0.0513021 0.0615741 
0 0.215495 0.1375 0.0669271 0.0907407 
0 0.255078 0.269907 0.0351562 0.0722222 
0 0.941406 0.46875 0.0630208 0.0976852 
0 0.567839 0.420833 0.0289063 0.115741 
0 0.429688 0.471296 0.0286458 0.0796296 
0 0.564974 0.52037 0.0335938 0.0731481 
