0 0.942839 0.0851852 0.0549479 0.156481 
0 0.792057 0.458333 0.0960938 0.0851852 
0 0.698177 0.289583 0.0770833 0.0921296 
0 0.64987 0.139583 0.0768229 0.0939815 
0 0.883333 0.401157 0.0354167 0.14213 
0 0.0377604 0.283796 0.0729167 0.0611111 
0 0.148698 0.293287 0.0885417 0.0597222 
0 0.0467448 0.358565 0.0414063 0.103241 
0 0.595312 0.319907 0.0296875 0.108333 
0 0.944401 0.704167 0.0544271 0.0907407 
0 0.213802 0.258796 0.053125 0.0675926 
0 0.785156 0.544213 0.0421875 0.0865741 
0 0.796484 0.961806 0.0429688 0.0708333 
0 0.800391 0.0844907 0.0388021 0.074537 
0 0.496875 0.621991 0.0578125 0.0763889 
0 0.0661458 0.644907 0.0427083 0.0675926 
0 0.354688 0.349769 0.0729167 0.0865741 
0 0.354036 0.553472 0.0622396 0.0560185 
0 0.807161 0.349306 0.0658854 0.075463 
0 0.119271 0.333102 0.0802083 0.0587963 
0 0.230729 0.946991 0.0598958 0.0986111 
0 0.0373698 0.738657 0.0533854 0.0699074 
0 0.277344 0.850231 0.0614583 0.114352 
0 0.597656 0.411343 0.0645833 0.0643518 
0 0.517057 0.311806 0.0632813 0.0421296 
0 0.466016 0.18287 0.0346354 0.075 
0 0.667448 0.575694 0.0546875 0.0717593 
0 0.632812 0.55463 0.0380208 0.0888889 
0 0.38138 0.265046 0.0330729 0.0912037 
0 0.184115 0.467593 0.053125 0.0648148 
0 0.253906 0.615278 0.0572917 0.0518519 
0 0.871094 0.827315 0.0348958 0.0990741 
0 0.307161 0.448843 0.0304688 0.0884259 
0 0.499219 0.193056 0.0432292 0.113889 
0 0.751432 0.65625 0.0486979 0.0921296 
0 0.355729 0.192361 0.065625 0.0550926 
0 0.602083 0.251852 0.0677083 0.101852 
0 0.257552 0.344444 0.0645833 0.0592593 
0 0.836458 0.817361 0.04375 0.0430556 
0 0.852995 0.88287 0.0257812 0.0898148 
0 0.428646 0.479167 0.0588542 0.0740741 
0 0.784115 0.281713 0.0609375 0.0652778 
0 0.138281 0.433565 0.0494792 0.0662037 
0 0.0339844 0.521296 0.0419271 0.0675926 
0 0.594271 0.483796 0.0463542 0.0824074 
