0 0.225391 0.475694 0.0429688 0.0847222 
0 0.73138 0.542593 0.0294271 0.0518519 
0 0.596615 0.160185 0.05625 0.0703704 
0 0.89401 0.939352 0.0385417 0.0787037 
0 0.779818 0.767361 0.0278646 0.0560185 
0 0.936979 0.675926 0.0380208 0.0796296 
0 0.815365 0.186806 0.0359375 0.13287 
0 0.173698 0.0719907 0.0505208 0.126389 
0 0.567448 0.873611 0.0557292 0.0722222 
0 0.510286 0.0449074 0.0445312 0.0777778 
0 0.597135 0.483565 0.0484375 0.0875 
0 0.105729 0.512963 0.028125 0.0722222 
0 0.965365 0.0930556 0.0385417 0.0583333 
0 0.191667 0.237963 0.0442708 0.100926 
0 0.97513 0.815046 0.0440104 0.100463 
0 0.70612 0.0247685 0.0591146 0.049537 
0 0.333984 0.330093 0.0419271 0.05 
0 0.728516 0.134259 0.0283854 0.0509259 
0 0.68112 0.237963 0.0544271 0.0768519 
0 0.301172 0.705324 0.0440104 0.0930556 
0 0.38737 0.37963 0.0549479 0.0564815 
0 0.889193 0.30162 0.0309896 0.0587963 
0 0.83737 0.796296 0.0372396 0.0685185 
0 0.0330729 0.210185 0.0442708 0.111111 
0 0.191536 0.662269 0.0283854 0.075463 
0 0.771094 0.825463 0.0286458 0.0601852 
0 0.502995 0.488657 0.0523437 0.0662037 
0 0.886328 0.600231 0.0341146 0.0699074 
0 0.909635 0.22963 0.053125 0.1 
0 0.694792 0.583333 0.0390625 0.100926 
0 0.568359 0.614583 0.0382813 0.0736111 
