0 0.690365 0.701852 0.0630208 0.130556 
0 0.663151 0.290046 0.0684896 0.126389 
0 0.865234 0.515972 0.170052 0.136574 
0 0.330729 0.744444 0.0708333 0.0574074 
0 0.79388 0.103009 0.0945313 0.106944 
0 0.457552 0.34375 0.0338542 0.147685 
0 0.580078 0.377083 0.0382813 0.0671296 
0 0.525391 0.306944 0.0419271 0.0851852 
0 0.785156 0.79375 0.0541667 0.0763889 
0 0.365885 0.144444 0.0453125 0.0833333 
0 0.875 0.590741 0.102604 0.12963 
0 0.327214 0.0951389 0.0492188 0.0662037 
0 0.495052 0.917361 0.0427083 0.104167 
0 0.746484 0.71875 0.0710938 0.0856481 
0 0.739714 0.948843 0.0429688 0.0958333 
0 0.486719 0.710648 0.0609375 0.0787037 
0 0.477083 0.555093 0.0765625 0.132407 
0 0.720182 0.510185 0.0398437 0.0472222 
0 0.392839 0.0576389 0.0882813 0.0532407 
0 0.541927 0.150463 0.0380208 0.0546296 
0 0.112891 0.128472 0.0638021 0.0569444 
0 0.516016 0.230324 0.0325521 0.0430556 
0 0.530208 0.0981481 0.0348958 0.0601852 
0 0.266667 0.813889 0.0416667 0.0814815 
0 0.229036 0.0321759 0.0585938 0.0550926 
0 0.432813 0.2375 0.0354167 0.0833333 
0 0.333724 0.678704 0.0492188 0.0555556 
0 0.582031 0.924306 0.0791667 0.0625 
0 0.564974 0.309028 0.0289063 0.103241 
0 0.358464 0.928009 0.0450521 0.0587963 
0 0.11888 0.509259 0.0674479 0.0842593 
0 0.672396 0.82662 0.0354167 0.0532407 
0 0.345703 0.851157 0.0450521 0.0597222 
0 0.307552 0.0402778 0.0317708 0.0805556 
0 0.56888 0.572917 0.0408854 0.108796 
0 0.249089 0.580556 0.0377604 0.0851852 
0 0.511719 0.443519 0.0427083 0.1 
0 0.64349 0.540741 0.0302083 0.0574074 
0 0.0701823 0.714352 0.0507812 0.0712963 
