0 0.917448 0.944444 0.0359375 0.110185 
0 0.348698 0.373148 0.0572917 0.102778 
0 0.0903646 0.742593 0.0328125 0.0759259 
0 0.149609 0.960185 0.0471354 0.0759259 
0 0.317708 0.682176 0.0755208 0.0689815 
0 0.8125 0.36412 0.0463542 0.0699074 
0 0.535156 0.954861 0.0213542 0.0875 
0 0.693359 0.284028 0.0294271 0.103241 
0 0.423958 0.973843 0.0317708 0.050463 
0 0.738281 0.573611 0.03125 0.0861111 
0 0.639714 0.966204 0.0377604 0.062037 
0 0.0746094 0.875463 0.0393229 0.0518519 
0 0.659635 0.793519 0.0625 0.0944444 
0 0.303906 0.466435 0.0296875 0.0921296 
