0 0.141016 0.0634259 0.0455729 0.12037 
0 0.203776 0.467824 0.0393229 0.0800926 
0 0.566016 0.149769 0.0476562 0.0689815 
0 0.926302 0.0773148 0.0348958 0.062037 
0 0.852995 0.294907 0.0335938 0.062037 
0 0.773438 0.180556 0.0317708 0.132407 
0 0.473828 0.482176 0.0533854 0.0578704 
0 0.548828 0.869676 0.0570313 0.0791667 
0 0.76263 0.412269 0.0513021 0.0782407 
0 0.563932 0.47662 0.0528646 0.0819444 
0 0.863802 0.590741 0.0317708 0.0703704 
0 0.475651 0.04375 0.0533854 0.0819444 
0 0.851042 0.203241 0.0364583 0.0740741 
0 0.98151 0.485648 0.034375 0.0990741 
0 0.326562 0.546528 0.0515625 0.0828704 
0 0.412109 0.037963 0.0309896 0.0759259 
0 0.741276 0.175 0.0450521 0.0888889 
0 0.702734 0.537269 0.0283854 0.0550926 
0 0.366667 0.212731 0.0354167 0.0569444 
0 0.597656 0.752546 0.0505208 0.0643518 
0 0.425391 0.0775463 0.0606771 0.0856481 
0 0.979427 0.215046 0.040625 0.0782407 
0 0.515625 0.700694 0.0401042 0.0689815 
0 0.790625 0.473148 0.028125 0.062963 
0 0.759245 0.52662 0.0492188 0.0680556 
0 0.120312 0.268056 0.0380208 0.0592593 
0 0.646484 0.318287 0.0294271 0.0532407 
0 0.351953 0.705324 0.0320312 0.0884259 
0 0.789583 0.212269 0.03125 0.130093 
0 0.813021 0.79375 0.0390625 0.0680556 
0 0.560547 0.399537 0.0377604 0.0712963 
0 0.754427 0.767361 0.028125 0.0643518 
0 0.608854 0.264352 0.0421875 0.0768519 
0 0.317448 0.184028 0.0265625 0.0810185 
0 0.592839 0.976389 0.0351562 0.0444444 
0 0.672396 0.0171296 0.0651042 0.0333333 
0 0.301042 0.322917 0.040625 0.0467593 
0 0.642057 0.229861 0.0518229 0.075463 
0 0.882292 0.927083 0.0484375 0.0847222 
0 0.460026 0.19838 0.0507812 0.0625 
0 0.160286 0.243287 0.0356771 0.0800926 
0 0.954557 0.867593 0.0429688 0.0555556 
0 0.710938 0.604167 0.0234375 0.087963 
