0 0.888151 0.120139 0.0731771 0.0884259 
0 0.613281 0.552083 0.065625 0.075463 
0 0.810547 0.553241 0.0372396 0.0601852 
0 0.15013 0.547222 0.0492188 0.123148 
0 0.976172 0.0907407 0.0476562 0.0638889 
0 0.661068 0.800231 0.0533854 0.0773148 
0 0.955078 0.418056 0.0283854 0.114815 
0 0.527865 0.31088 0.0541667 0.0736111 
0 0.30026 0.353472 0.0807292 0.113426 
0 0.877995 0.280093 0.0559896 0.0583333 
0 0.590365 0.79213 0.05 0.062037 
0 0.605469 0.285417 0.0442708 0.0875 
0 0.894922 0.456944 0.0429688 0.0574074 
0 0.850651 0.560417 0.0398437 0.0782407 
0 0.601953 0.354167 0.0523437 0.0777778 
0 0.108854 0.551157 0.0380208 0.0912037 
0 0.6875 0.936574 0.0489583 0.0851852 
0 0.0272135 0.691435 0.0315104 0.0550926 
0 0.479948 0.496296 0.0364583 0.0796296 
