0 0.110026 0.520833 0.0648438 0.0953704 
0 0.636719 0.31713 0.0526042 0.131481 
0 0.564974 0.236343 0.0835937 0.0773148 
0 0.773958 0.137269 0.0994792 0.0606481 
0 0.577214 0.154167 0.0361979 0.122222 
0 0.916016 0.269676 0.0513021 0.185648 
0 0.14987 0.23125 0.0804688 0.0671296 
0 0.172526 0.733333 0.0684896 0.075 
0 0.883724 0.79375 0.0549479 0.0976852 
0 0.0178385 0.473148 0.0294271 0.168519 
0 0.481901 0.29838 0.0434896 0.127315 
0 0.836458 0.0928241 0.0505208 0.118981 
0 0.909635 0.396759 0.0359375 0.062037 
0 0.643099 0.201852 0.0434896 0.112963 
0 0.0955729 0.817824 0.0369792 0.104167 
0 0.917969 0.123843 0.0572917 0.0615741 
0 0.745182 0.0203704 0.0523437 0.0407407 
