0 0.106901 0.497454 0.0445312 0.106944 
0 0.64401 0.199537 0.0552083 0.1 
0 0.160677 0.0326389 0.0416667 0.0532407 
0 0.660677 0.378935 0.0473958 0.102315 
0 0.740755 0.553472 0.0528646 0.0726852 
0 0.273698 0.540741 0.05 0.0842593 
0 0.693359 0.214352 0.0382813 0.0592593 
0 0.932161 0.434722 0.0372396 0.0787037 
0 0.58099 0.894907 0.0390625 0.0805556 
0 0.771094 0.486574 0.0338542 0.0833333 
0 0.715234 0.0736111 0.0268229 0.0675926 
0 0.185547 0.759259 0.0335938 0.087963 
0 0.852995 0.390509 0.0440104 0.0458333 
0 0.139193 0.772685 0.0403646 0.0648148 
0 0.223828 0.428241 0.0549479 0.0787037 
0 0.149349 0.393519 0.0356771 0.0944444 
0 0.166276 0.489583 0.0445312 0.0680556 
0 0.632812 0.74213 0.05625 0.0731481 
0 0.588411 0.290278 0.0367187 0.0703704 
0 0.410677 0.69213 0.0390625 0.0759259 
0 0.656641 0.793519 0.0315104 0.0712963 
0 0.557161 0.376157 0.0398437 0.106944 
0 0.693359 0.649306 0.0356771 0.0680556 
0 0.828646 0.170833 0.053125 0.087963 
0 0.309245 0.419676 0.0450521 0.0819444 
0 0.840365 0.199306 0.0375 0.0550926 
0 0.892057 0.675463 0.0481771 0.075 
0 0.138542 0.631019 0.0661458 0.0981481 
0 0.779297 0.233333 0.0361979 0.0666667 
0 0.745052 0.38912 0.0578125 0.0587963 
0 0.320312 0.540046 0.0380208 0.0717593 
0 0.961458 0.254398 0.0572917 0.0560185 
0 0.0776042 0.211111 0.0427083 0.0537037 
0 0.146615 0.942593 0.0286458 0.0953704 
0 0.35 0.706481 0.046875 0.0796296 
0 0.757422 0.921759 0.0257812 0.0712963 
