0 0.0548177 0.647454 0.0643229 0.128241 
0 0.853516 0.578935 0.0408854 0.0884259 
0 0.793359 0.0365741 0.0341146 0.0731481 
0 0.531771 0.373148 0.0401042 0.107407 
0 0.446224 0.38125 0.0575521 0.0949074 
0 0.794922 0.397454 0.0684896 0.0939815 
0 0.972135 0.153009 0.0489583 0.109722 
0 0.974609 0.413657 0.0460938 0.0800926 
0 0.645052 0.464352 0.0505208 0.1 
0 0.159115 0.141204 0.0666667 0.115741 
0 0.659635 0.075 0.040625 0.0925926 
0 0.0639323 0.241898 0.0330729 0.146759 
0 0.88138 0.196991 0.0778646 0.0782407 
0 0.719271 0.634954 0.0505208 0.0726852 
0 0.380599 0.062963 0.0372396 0.122222 
0 0.0338542 0.146528 0.0651042 0.0662037 
0 0.0476562 0.742593 0.040625 0.0796296 
0 0.816406 0.494444 0.0291667 0.114815 
0 0.837891 0.0321759 0.0518229 0.0625 
0 0.595703 0.150231 0.0335938 0.121759 
0 0.894531 0.58287 0.0328125 0.105556 
0 0.18112 0.857639 0.0507812 0.0828704 
0 0.190885 0.2375 0.0494792 0.0851852 
0 0.693359 0.431481 0.0294271 0.0824074 
0 0.539062 0.728241 0.04375 0.133333 
0 0.232422 0.665046 0.0585938 0.0791667 
0 0.166016 0.532176 0.0518229 0.0930556 
0 0.710417 0.282639 0.0473958 0.0569444 
0 0.84375 0.250926 0.05 0.062963 
0 0.0782552 0.433796 0.0966146 0.0805556 
0 0.333333 0.930556 0.0619792 0.0462963 
0 0.233984 0.441435 0.0627604 0.111574 
0 0.114844 0.685417 0.0703125 0.0699074 
0 0.897005 0.307407 0.0440104 0.116667 
0 0.723568 0.344676 0.0304688 0.0773148 
0 0.596615 0.672222 0.04375 0.0666667 
0 0.699219 0.222222 0.0255208 0.0583333 
0 0.292578 0.757407 0.0377604 0.0712963 
0 0.784635 0.322454 0.0447917 0.075463 
0 0.735286 0.709259 0.0294271 0.0527778 
0 0.258724 0.328704 0.0523437 0.113889 
0 0.895964 0.49838 0.0367187 0.0541667 
0 0.660677 0.768287 0.0473958 0.0884259 
0 0.173568 0.608102 0.0486979 0.0699074 
0 0.0339844 0.971296 0.0523437 0.0555556 
0 0.48099 0.283102 0.0322917 0.0828704 
0 0.333464 0.711806 0.0377604 0.0847222 
0 0.665495 0.53125 0.0440104 0.0430556 
0 0.722656 0.500926 0.0416667 0.0962963 
0 0.194531 0.786574 0.0546875 0.0592593 
0 0.39987 0.410185 0.0335938 0.0453704 
0 0.727995 0.771759 0.0544271 0.0722222 
