0 0.967318 0.470139 0.0476562 0.0958333 
0 0.935026 0.936806 0.0429688 0.0949074 
0 0.789974 0.323611 0.0309896 0.127778 
0 0.929688 0.53912 0.0770833 0.0865741 
0 0.276172 0.363889 0.0356771 0.0592593 
0 0.565495 0.256481 0.0445312 0.0712963 
0 0.475781 0.357407 0.034375 0.158333 
0 0.313542 0.739583 0.0302083 0.0699074 
0 0.947266 0.832639 0.0377604 0.0597222 
0 0.431901 0.520833 0.0398437 0.0685185 
0 0.920833 0.660185 0.0453125 0.0694444 
0 0.223958 0.911343 0.0302083 0.074537 
0 0.738672 0.483333 0.0341146 0.0546296 
0 0.0203125 0.547454 0.0385417 0.104167 
0 0.713411 0.54375 0.0419271 0.0967593 
0 0.743099 0.377546 0.0356771 0.109722 
0 0.0738281 0.60625 0.0341146 0.0560185 
0 0.507422 0.454861 0.0419271 0.0800926 
0 0.782292 0.825231 0.0447917 0.0578704 
0 0.927734 0.27037 0.0361979 0.122222 
0 0.867188 0.13912 0.0338542 0.0773148 
0 0.228385 0.611111 0.0380208 0.0555556 
0 0.370052 0.472222 0.0328125 0.0546296 
0 0.340104 0.9375 0.0411458 0.103704 
0 0.165885 0.875926 0.0395833 0.0712963 
0 0.832552 0.909722 0.0265625 0.116667 
0 0.503906 0.630324 0.034375 0.0967593 
0 0.945833 0.764352 0.05625 0.0462963 
0 0.321224 0.321296 0.0325521 0.087963 
0 0.738281 0.779398 0.0494792 0.0476852 
0 0.211849 0.455787 0.0393229 0.0625 
0 0.813932 0.363657 0.0492188 0.10787 
0 0.750521 0.965278 0.0369792 0.0638889 
0 0.689453 0.651852 0.0294271 0.0685185 
0 0.79974 0.206713 0.0723958 0.0523148 
0 0.609375 0.594676 0.0244792 0.0763889 
0 0.622656 0.296528 0.059375 0.0523148 
0 0.171094 0.938194 0.0380208 0.0884259 
0 0.58151 0.814583 0.0578125 0.0884259 
0 0.857422 0.245602 0.0486979 0.0726852 
0 0.651953 0.596528 0.0372396 0.0560185 
0 0.798828 0.595139 0.0539063 0.0615741 
0 0.750911 0.685417 0.0518229 0.0615741 
0 0.640104 0.67963 0.0453125 0.0435185 
0 0.860417 0.343287 0.0463542 0.0819444 
0 0.196354 0.638426 0.0270833 0.10463 
0 0.401172 0.741667 0.0289063 0.0833333 
0 0.454557 0.240741 0.0361979 0.0462963 
0 0.172396 0.600926 0.0385417 0.0537037 
0 0.47513 0.681481 0.0445312 0.0537037 
0 0.686979 0.762037 0.0328125 0.0546296 
0 0.480469 0.494213 0.0411458 0.0625 
0 0.837891 0.785185 0.0309896 0.0731481 
0 0.140625 0.350231 0.0260417 0.0625 
0 0.819271 0.515972 0.059375 0.049537 
0 0.105859 0.430556 0.0351562 0.0666667 
0 0.277865 0.725694 0.0473958 0.0634259 
0 0.847656 0.422222 0.0510417 0.0675926 
0 0.834505 0.714815 0.0424479 0.0398148 
0 0.329297 0.535185 0.0403646 0.0703704 
0 0.148047 0.417361 0.0268229 0.0828704 
0 0.335677 0.669676 0.034375 0.049537 
0 0.586458 0.637731 0.0239583 0.0569444 
0 0.458984 0.432176 0.0419271 0.0467593 
0 0.445964 0.834259 0.0398437 0.0768519 
0 0.572786 0.747454 0.0424479 0.0532407 
0 0.987891 0.824306 0.0210938 0.0689815 
0 0.414583 0.860648 0.0229167 0.062963 
0 0.897005 0.947917 0.0273438 0.0930556 
0 0.299089 0.48125 0.0403646 0.0541667 
0 0.284635 0.536574 0.0390625 0.0435185 
