0 0.585938 0.258333 0.0395833 0.113889 
0 0.308333 0.508333 0.0375 0.102778 
0 0.566797 0.529861 0.0351562 0.123611 
0 0.63724 0.496991 0.0416667 0.0421296 
0 0.525391 0.0356481 0.0440104 0.0712963 
0 0.159245 0.815509 0.0361979 0.050463 
0 0.430859 0.289352 0.0523437 0.0888889 
0 0.60013 0.77037 0.0466146 0.122222 
0 0.633724 0.263426 0.0648438 0.0490741 
0 0.70612 0.387037 0.0481771 0.0888889 
0 0.534766 0.278704 0.0252604 0.0574074 
0 0.584896 0.154398 0.0348958 0.113426 
0 0.615755 0.156713 0.0513021 0.0402778 
0 0.319531 0.894907 0.0276042 0.0509259 
0 0.474349 0.129861 0.0403646 0.0541667 
0 0.366276 0.719676 0.0539063 0.0884259 
0 0.471094 0.613426 0.0458333 0.062963 
0 0.213802 0.425 0.0317708 0.0472222 
0 0.261198 0.160185 0.0447917 0.0537037 
0 0.497005 0.51088 0.0346354 0.0523148 
0 0.395052 0.121065 0.0572917 0.0486111 
0 0.403125 0.665972 0.040625 0.0467593 
0 0.351042 0.342824 0.0484375 0.0819444 
0 0.266667 0.878472 0.0317708 0.0486111 
0 0.54349 0.387731 0.0598958 0.130093 
0 0.458724 0.822454 0.0585938 0.0486111 
0 0.669922 0.797685 0.0278646 0.109259 
0 0.0578125 0.848611 0.0411458 0.075 
0 0.688021 0.206481 0.0291667 0.0407407 
0 0.35013 0.537731 0.0429688 0.0458333 
0 0.254036 0.622222 0.0346354 0.0416667 
0 0.445182 0.0328704 0.0460938 0.062963 
0 0.561589 0.689352 0.0440104 0.0953704 
0 0.159245 0.494907 0.0658854 0.0601852 
0 0.0467448 0.0652778 0.0367187 0.0537037 
0 0.440625 0.425463 0.0473958 0.0685185 
0 0.508854 0.115278 0.0354167 0.0601852 
0 0.308333 0.762963 0.0463542 0.0472222 
0 0.395703 0.0263889 0.0403646 0.0388889 
0 0.190625 0.0743056 0.0354167 0.049537 
0 0.212109 0.501389 0.0388021 0.0453704 
0 0.0714844 0.430093 0.0502604 0.0509259 
0 0.165234 0.438194 0.0466146 0.0421296 
0 0.520052 0.228704 0.0348958 0.0675926 
0 0.407422 0.184259 0.0460938 0.0648148 
0 0.534245 0.825694 0.0601562 0.0791667 
0 0.601562 0.9125 0.046875 0.0527778 
0 0.527344 0.73588 0.0442708 0.0662037 
0 0.176953 0.334028 0.0736979 0.0467593 
0 0.360807 0.0439815 0.0242187 0.087963 
