0 0.817839 0.250926 0.0523437 0.119444 
0 0.895052 0.446296 0.0489583 0.103704 
0 0.946224 0.313194 0.0966146 0.105093 
0 0.85 0.508333 0.0479167 0.087963 
0 0.0570313 0.38125 0.0453125 0.0884259 
0 0.621094 0.233565 0.0364583 0.0958333 
0 0.70651 0.529167 0.0463542 0.0953704 
0 0.875 0.372917 0.0322917 0.0763889 
0 0.388151 0.706713 0.0382813 0.0773148 
0 0.722656 0.431019 0.04375 0.0888889 
0 0.934115 0.869213 0.0375 0.114352 
0 0.634766 0.398843 0.0591146 0.0800926 
0 0.0855469 0.184259 0.0388021 0.0787037 
0 0.697266 0.343519 0.0434896 0.0907407 
0 0.36276 0.275694 0.0494792 0.0791667 
0 0.620703 0.719676 0.0492188 0.0893519 
0 0.770052 0.619676 0.0359375 0.0736111 
0 0.844271 0.683102 0.0447917 0.0643518 
0 0.947266 0.574537 0.0502604 0.0712963 
0 0.950651 0.514583 0.0315104 0.0884259 
0 0.155729 0.186806 0.0307292 0.0699074 
0 0.438542 0.291435 0.0479167 0.0708333 
0 0.0143229 0.482176 0.028125 0.0810185 
0 0.683594 0.409259 0.0427083 0.0981481 
0 0.801693 0.878704 0.0361979 0.0962963 
0 0.717839 0.965278 0.0460938 0.0648148 
0 0.0325521 0.0324074 0.0453125 0.0648148 
0 0.567448 0.35162 0.0588542 0.118981 
0 0.247396 0.86713 0.0354167 0.102778 
0 0.191406 0.946065 0.0526042 0.103241 
0 0.164974 0.639352 0.0315104 0.0935185 
0 0.238021 0.391435 0.0401042 0.0782407 
0 0.486849 0.506481 0.0382813 0.0787037 
0 0.78125 0.437269 0.0291667 0.0615741 
0 0.693359 0.676157 0.0424479 0.114352 
0 0.419792 0.446528 0.040625 0.0976852 
0 0.458464 0.33588 0.0382813 0.0652778 
0 0.892578 0.662037 0.0518229 0.0694444 
0 0.352995 0.785185 0.0263021 0.0601852 
0 0.557031 0.743287 0.0364583 0.075463 
0 0.561458 0.468981 0.0489583 0.0694444 
0 0.248307 0.512037 0.0627604 0.0712963 
0 0.338802 0.42662 0.0484375 0.0606481 
0 0.196094 0.409259 0.0505208 0.0546296 
0 0.665104 0.285648 0.0447917 0.0712963 
0 0.436849 0.591204 0.0429688 0.0583333 
0 0.129167 0.516435 0.0505208 0.0550926 
0 0.0261719 0.732176 0.0502604 0.0643518 
0 0.563932 0.580324 0.0398437 0.136574 
0 0.990234 0.540046 0.0169271 0.102315 
