0 0.696745 0.121065 0.0388021 0.0597222 
0 0.852083 0.297454 0.021875 0.0606481 
0 0.717188 0.378704 0.0541667 0.149074 
0 0.730078 0.590741 0.0544271 0.0472222 
0 0.569792 0.208102 0.0453125 0.0569444 
0 0.587891 0.912269 0.0455729 0.0847222 
0 0.625521 0.349769 0.0473958 0.0949074 
0 0.584375 0.749537 0.075 0.0638889 
0 0.225911 0.335648 0.0408854 0.0574074 
0 0.407682 0.896528 0.0361979 0.0828704 
0 0.400911 0.169676 0.0356771 0.0773148 
0 0.750911 0.812963 0.0388021 0.0555556 
0 0.64987 0.647917 0.0638021 0.0467593 
0 0.252083 0.97037 0.0453125 0.0583333 
0 0.259766 0.62338 0.0466146 0.0402778 
0 0.450781 0.875463 0.03125 0.0388889 
0 0.519531 0.842824 0.0364583 0.050463 
0 0.104297 0.64537 0.0341146 0.0657407 
0 0.508724 0.691898 0.0440104 0.0606481 
0 0.728516 0.955787 0.0731771 0.0699074 
0 0.508333 0.798148 0.0536458 0.087963 
0 0.758854 0.66088 0.0458333 0.0819444 
0 0.0217448 0.0736111 0.0382813 0.0416667 
0 0.339583 0.22037 0.0260417 0.0527778 
0 0.426953 0.641667 0.0419271 0.112963 
0 0.18776 0.96713 0.0484375 0.0611111 
0 0.717839 0.806713 0.0330729 0.0652778 
0 0.86276 0.250463 0.0291667 0.0611111 
0 0.0402344 0.297917 0.0497396 0.0569444 
0 0.0263021 0.861343 0.034375 0.0652778 
0 0.594661 0.979167 0.0382813 0.0416667 
0 0.900391 0.0810185 0.0382813 0.062963 
0 0.381771 0.755556 0.0432292 0.0453704 
0 0.638672 0.848611 0.0481771 0.112037 
0 0.350651 0.886343 0.0367187 0.0513889 
0 0.796875 0.948843 0.0432292 0.0875 
0 0.455339 0.491204 0.0434896 0.05 
0 0.951172 0.738657 0.0455729 0.0763889 
0 0.0684896 0.368519 0.0442708 0.0472222 
0 0.273438 0.0268519 0.0369792 0.0509259 
0 0.313672 0.963426 0.0419271 0.062963 
0 0.653776 0.231481 0.0278646 0.0694444 
0 0.707031 0.874306 0.0885417 0.0884259 
