0 0.967318 0.42963 0.0643229 0.0796296 
0 0.177995 0.690046 0.0518229 0.1625 
0 0.945833 0.355787 0.0572917 0.0689815 
0 0.229818 0.756019 0.0674479 0.0916667 
0 0.365365 0.14213 0.0364583 0.0722222 
0 0.902344 0.671065 0.0567708 0.131944 
0 0.360156 0.892361 0.0645833 0.0800926 
0 0.969661 0.913194 0.0549479 0.126389 
0 0.858984 0.67662 0.0471354 0.0856481 
0 0.626432 0.918287 0.0393229 0.113426 
0 0.467318 0.515972 0.0445312 0.0921296 
0 0.297135 0.9 0.0479167 0.102778 
0 0.0959635 0.619444 0.0466146 0.172222 
0 0.435026 0.0449074 0.0388021 0.0898148 
0 0.322005 0.636806 0.0372396 0.101389 
0 0.49974 0.620139 0.0432292 0.0606481 
0 0.738672 0.421065 0.0434896 0.134722 
0 0.336198 0.208333 0.0598958 0.110185 
0 0.928776 0.832176 0.0591146 0.0800926 
0 0.478255 0.81412 0.0523437 0.0976852 
0 0.445312 0.645833 0.0489583 0.0657407 
0 0.452344 0.715741 0.0354167 0.0361111 
0 0.464193 0.36875 0.0361979 0.0847222 
0 0.693359 0.855093 0.0398437 0.130556 
0 0.59375 0.600694 0.0302083 0.131019 
0 0.686458 0.578472 0.0567708 0.118056 
0 0.06875 0.86412 0.046875 0.0912037 
0 0.213672 0.250231 0.0429688 0.0847222 
0 0.518099 0.767361 0.0419271 0.0708333 
0 0.474089 0.894907 0.0294271 0.0509259 
0 0.773438 0.708333 0.0546875 0.0546296 
0 0.771484 0.155556 0.0325521 0.0694444 
0 0.0747396 0.782176 0.0458333 0.0782407 
0 0.405469 0.678704 0.0572917 0.0907407 
0 0.65625 0.620602 0.0302083 0.099537 
0 0.250521 0.0259259 0.0692708 0.0518519 
0 0.582552 0.348843 0.0260417 0.0662037 
0 0.495964 0.386111 0.0507812 0.0537037 
0 0.827214 0.567361 0.0721354 0.0634259 
0 0.0166667 0.280556 0.0322917 0.0574074 
0 0.951172 0.525926 0.0768229 0.0925926 
