0 0.76224 0.146528 0.0359375 0.169907 
0 0.0898438 0.434722 0.034375 0.10463 
0 0.561068 0.34537 0.0346354 0.0787037 
0 0.929688 0.0805556 0.1 0.0990741 
0 0.517057 0.542593 0.0388021 0.0722222 
0 0.0561198 0.514815 0.0299479 0.0648148 
0 0.414323 0.186111 0.053125 0.109259 
0 0.285937 0.490046 0.04375 0.0736111 
0 0.157943 0.537731 0.0513021 0.0689815 
0 0.0722656 0.131019 0.0424479 0.0574074 
0 0.141276 0.315741 0.0320312 0.0601852 
0 0.972656 0.845833 0.0442708 0.0638889 
0 0.118099 0.528241 0.0278646 0.0925926 
0 0.506771 0.843287 0.0536458 0.0689815 
0 0.0480469 0.629861 0.0585938 0.0643518 
0 0.826693 0.668519 0.0455729 0.0675926 
0 0.3625 0.780324 0.0567708 0.0782407 
0 0.0884115 0.243287 0.0294271 0.102315 
0 0.715365 0.300231 0.0546875 0.0967593 
0 0.682682 0.147454 0.0414063 0.0606481 
0 0.730469 0.23125 0.0411458 0.0541667 
0 0.885807 0.353704 0.0565104 0.0648148 
0 0.796875 0.425463 0.0375 0.105556 
0 0.0998698 0.0516204 0.0403646 0.075463 
0 0.927734 0.88588 0.0294271 0.0828704 
0 0.950651 0.676852 0.0268229 0.0564815 
0 0.390365 0.247685 0.0302083 0.075 
0 0.875911 0.564352 0.0611979 0.0546296 
0 0.882812 0.460417 0.0786458 0.0680556 
0 0.169141 0.740509 0.0481771 0.0726852 
0 0.0821615 0.557176 0.0304688 0.0513889 
0 0.479557 0.951389 0.0486979 0.0916667 
0 0.314714 0.261574 0.0414063 0.062037 
0 0.682682 0.504861 0.0414063 0.0467593 
0 0.388672 0.68912 0.0388021 0.0800926 
0 0.117839 0.357639 0.0424479 0.0856481 
0 0.35612 0.149306 0.0580729 0.0671296 
0 0.374219 0.456019 0.028125 0.0916667 
0 0.955599 0.978704 0.0372396 0.0425926 
