0 0.696354 0.28125 0.0484375 0.0634259 
0 0.70651 0.503241 0.0692708 0.118519 
0 0.4875 0.261806 0.0765625 0.0578704 
0 0.55026 0.358333 0.071875 0.0694444 
0 0.803255 0.484028 0.0361979 0.0662037 
0 0.619531 0.464352 0.0802083 0.133333 
0 0.72513 0.778472 0.0830729 0.0837963 
0 0.46875 0.363426 0.0369792 0.0842593 
0 0.242839 0.176852 0.116406 0.0555556 
0 0.361068 0.440509 0.0414063 0.0708333 
0 0.789974 0.0592593 0.0627604 0.102778 
0 0.63763 0.906944 0.0674479 0.0666667 
0 0.450391 0.862963 0.0731771 0.0564815 
0 0.615234 0.563889 0.0861979 0.140741 
0 0.480729 0.803935 0.0614583 0.0763889 
0 0.141927 0.219676 0.0583333 0.0550926 
0 0.288802 0.673148 0.0484375 0.107407 
0 0.847656 0.446528 0.0395833 0.0578704 
0 0.748958 0.467361 0.0432292 0.049537 
0 0.394271 0.0502315 0.0442708 0.0606481 
0 0.314714 0.808102 0.0356771 0.0587963 
0 0.559505 0.54213 0.0356771 0.0935185 
0 0.601562 0.791204 0.04375 0.0453704 
0 0.107422 0.369444 0.0325521 0.0694444 
0 0.143099 0.361111 0.0403646 0.0490741 
0 0.274609 0.485417 0.0507812 0.0662037 
0 0.12474 0.926157 0.0395833 0.0810185 
0 0.382812 0.707407 0.0671875 0.0657407 
0 0.101562 0.451852 0.0286458 0.0509259 
0 0.302083 0.323148 0.0239583 0.0675926 
0 0.176042 0.479398 0.0552083 0.0773148 
0 0.0436198 0.17037 0.0346354 0.0564815 
0 0.464323 0.672222 0.0296875 0.0527778 
0 0.353776 0.234722 0.0398437 0.105556 
0 0.310286 0.561111 0.0606771 0.0518519 
0 0.132031 0.480787 0.0427083 0.050463 
0 0.239844 0.743056 0.059375 0.0490741 
0 0.188151 0.758102 0.0414063 0.0615741 
0 0.376953 0.566435 0.0346354 0.0652778 
0 0.136068 0.124769 0.0315104 0.0476852 
0 0.346224 0.868519 0.0403646 0.0796296 
