0 0.688542 0.0668981 0.034375 0.130093 
0 0.682682 0.171759 0.0351562 0.0694444 
0 0.729427 0.497222 0.053125 0.10463 
0 0.76224 0.421991 0.0958333 0.103241 
0 0.566406 0.839815 0.0411458 0.0675926 
0 0.686979 0.629167 0.0354167 0.163889 
0 0.319661 0.290046 0.0304688 0.0402778 
0 0.097526 0.221991 0.0377604 0.0680556 
0 0.621094 0.425926 0.1 0.0722222 
0 0.41237 0.204167 0.0549479 0.0592593 
0 0.81888 0.10625 0.0757812 0.0939815 
0 0.632292 0.796991 0.0567708 0.111574 
0 0.477995 0.402778 0.0393229 0.0842593 
0 0.37526 0.428241 0.0328125 0.0694444 
0 0.191016 0.957639 0.0393229 0.0560185 
0 0.562109 0.0766204 0.0382813 0.104167 
0 0.417448 0.08125 0.0328125 0.0967593 
0 0.127083 0.131713 0.0432292 0.0662037 
0 0.380859 0.327546 0.0299479 0.0532407 
0 0.519531 0.575 0.0338542 0.0574074 
0 0.48776 0.905556 0.046875 0.103704 
0 0.257552 0.790278 0.0380208 0.0731481 
0 0.409635 0.768981 0.059375 0.0509259 
0 0.622135 0.656713 0.0375 0.0532407 
0 0.159115 0.618981 0.0609375 0.0657407 
0 0.140885 0.538194 0.059375 0.0541667 
0 0.205469 0.203241 0.0703125 0.0796296 
0 0.288542 0.37662 0.0333333 0.0689815 
0 0.244922 0.35787 0.0388021 0.087963 
0 0.609766 0.838426 0.0408854 0.0638889 
0 0.365755 0.83125 0.0554687 0.0439815 
0 0.448307 0.487731 0.0247396 0.0819444 
0 0.734896 0.233102 0.0526042 0.049537 
0 0.160156 0.841204 0.0479167 0.0472222 
0 0.0188802 0.822454 0.0367187 0.0541667 
0 0.0170573 0.363194 0.0325521 0.0587963 
0 0.136979 0.947917 0.0479167 0.0513889 
0 0.623568 0.162269 0.0424479 0.108796 
0 0.772396 0.786806 0.0723958 0.0717593 
0 0.194401 0.52037 0.0486979 0.0490741 
0 0.0424479 0.0467593 0.046875 0.0509259 
0 0.247135 0.9375 0.0348958 0.0546296 
0 0.370313 0.650231 0.06875 0.0476852 
0 0.352995 0.288657 0.0398437 0.0828704 
0 0.591276 0.340278 0.0570313 0.0740741 
0 0.0503906 0.339815 0.0320312 0.0564815 
0 0.476042 0.640741 0.0442708 0.0962963 
0 0.0992187 0.787037 0.0328125 0.0583333 
0 0.553125 0.388889 0.0317708 0.0925926 
0 0.330859 0.735648 0.0268229 0.0861111 
0 0.370443 0.914815 0.0377604 0.0472222 
0 0.0630208 0.583796 0.0390625 0.0342593 
0 0.434375 0.319676 0.0359375 0.0430556 
0 0.445052 0.878472 0.0447917 0.0486111 
0 0.159896 0.710648 0.0296875 0.0564815 
0 0.465625 0.74375 0.0333333 0.104167 
0 0.132292 0.89838 0.0552083 0.050463 
