0 0.751432 0.17662 0.101302 0.20787 
0 0.673828 0.672685 0.0611979 0.102778 
0 0.370833 0.402778 0.0369792 0.128704 
0 0.366927 0.632407 0.0864583 0.10463 
0 0.43138 0.202778 0.0695312 0.143519 
0 0.621615 0.82338 0.034375 0.158796 
0 0.345182 0.773843 0.0669271 0.0680556 
0 0.428125 0.331481 0.0401042 0.0861111 
0 0.432943 0.63588 0.0695312 0.119907 
0 0.564974 0.374537 0.0502604 0.112037 
0 0.486589 0.207176 0.0361979 0.0680556 
0 0.26849 0.0900463 0.0578125 0.0986111 
0 0.117318 0.590741 0.0632813 0.0888889 
0 0.598177 0.382407 0.0364583 0.212037 
0 0.475521 0.327546 0.0447917 0.0662037 
0 0.210938 0.0789352 0.0770833 0.0689815 
0 0.324479 0.713194 0.0536458 0.050463 
0 0.751953 0.565509 0.0268229 0.0532407 
0 0.254687 0.520602 0.059375 0.0717593 
0 0.180599 0.626157 0.0424479 0.0615741 
0 0.352604 0.53912 0.04375 0.124537 
0 0.520443 0.815972 0.0377604 0.185648 
0 0.0789063 0.394676 0.0458333 0.0773148 
0 0.244401 0.818519 0.0299479 0.05 
0 0.280339 0.596759 0.0299479 0.0685185 
0 0.375781 0.0662037 0.0401042 0.117593 
0 0.29401 0.663426 0.0421875 0.0685185 
0 0.614193 0.576389 0.0533854 0.115741 
0 0.523438 0.537731 0.0578125 0.0597222 
0 0.166146 0.233333 0.0401042 0.111111 
0 0.759766 0.453935 0.0450521 0.0662037 
0 0.286589 0.371991 0.0414063 0.124537 
0 0.348828 0.15162 0.0408854 0.149537 
0 0.497135 0.422917 0.0317708 0.138426 
0 0.485417 0.515278 0.0552083 0.117593 
0 0.536198 0.458333 0.0572917 0.062963 
0 0.258724 0.452315 0.0695312 0.0638889 
0 0.484766 0.711806 0.0539063 0.050463 
0 0.598177 0.898611 0.0276042 0.0953704 
0 0.549349 0.742593 0.0330729 0.0907407 
0 0.317839 0.265509 0.0575521 0.0893519 
0 0.432682 0.465741 0.0388021 0.0416667 
0 0.0563802 0.84375 0.0372396 0.0606481 
0 0.0615885 0.46875 0.0372396 0.0726852 
0 0.324089 0.538194 0.0304688 0.11713 
0 0.536198 0.146991 0.114583 0.0689815 
0 0.583984 0.0511574 0.0273438 0.0532407 
0 0.189714 0.275926 0.0315104 0.0722222 
0 0.691016 0.591898 0.0242187 0.0393519 
0 0.13776 0.868519 0.0380208 0.113889 
0 0.546484 0.20463 0.0346354 0.062963 
0 0.98737 0.0236111 0.0216146 0.0472222 
0 0.470703 0.958333 0.0382813 0.075 
0 0.478516 0.109259 0.0539063 0.0583333 
