0 0.151562 0.0962963 0.0541667 0.0703704 
0 0.101693 0.0319444 0.0513021 0.0638889 
0 0.0472656 0.043287 0.0664062 0.0486111 
0 0.930078 0.044213 0.0554687 0.0708333 
0 0.626953 0.489815 0.0393229 0.0722222 
0 0.0621094 0.29838 0.0372396 0.0773148 
0 0.76862 0.0831019 0.0705729 0.0773148 
0 0.207292 0.374306 0.0442708 0.0893519 
0 0.728125 0.797917 0.0364583 0.0773148 
0 0.948177 0.243287 0.0572917 0.0912037 
0 0.413672 0.674769 0.0393229 0.0560185 
0 0.291797 0.260648 0.0393229 0.075 
0 0.616146 0.246991 0.04375 0.0708333 
0 0.050651 0.200231 0.0388021 0.101389 
0 0.878385 0.0645833 0.0348958 0.0532407 
0 0.671875 0.762269 0.0364583 0.0541667 
0 0.659635 0.174074 0.0484375 0.0944444 
0 0.475521 0.123611 0.0380208 0.110185 
0 0.636328 0.0270833 0.0611979 0.0532407 
0 0.982292 0.397454 0.0354167 0.0486111 
0 0.931641 0.0930556 0.0273438 0.0796296 
0 0.869141 0.400231 0.0393229 0.075463 
0 0.811068 0.426389 0.0388021 0.05 
0 0.523438 0.841667 0.0401042 0.0601852 
0 0.879948 0.209028 0.0385417 0.102315 
0 0.269271 0.0715278 0.05 0.0634259 
0 0.077474 0.150463 0.0330729 0.0694444 
0 0.851042 0.208333 0.0427083 0.0638889 
0 0.515104 0.19375 0.0557292 0.0652778 
0 0.0196615 0.696528 0.0377604 0.0791667 
0 0.291276 0.352315 0.0450521 0.0490741 
0 0.700651 0.611111 0.0356771 0.0546296 
0 0.901432 0.114815 0.0273438 0.0888889 
