0 0.655208 0.353241 0.0494792 0.0490741 
0 0.635807 0.521991 0.0591146 0.0532407 
0 0.544401 0.564352 0.0361979 0.0425926 
0 0.579167 0.839815 0.0463542 0.0583333 
0 0.603516 0.0967593 0.0476562 0.0425926 
0 0.382292 0.45787 0.0552083 0.0407407 
0 0.338151 0.952083 0.0325521 0.0458333 
0 0.541536 0.455324 0.0247396 0.075463 
0 0.47513 0.34375 0.0315104 0.0356481 
0 0.279036 0.299306 0.0346354 0.0421296 
0 0.507812 0.087963 0.0447917 0.0407407 
0 0.58737 0.274537 0.0320312 0.0398148 
0 0.570703 0.743056 0.0445312 0.0490741 
0 0.204297 0.296065 0.0341146 0.0430556 
0 0.470573 0.675231 0.05 0.0532407 
0 0.459766 0.178472 0.0325521 0.0523148 
0 0.397005 0.869676 0.0299479 0.0615741 
0 0.134375 0.414352 0.0322917 0.0407407 
0 0.283724 0.557176 0.0382813 0.0421296 
0 0.25 0.292824 0.03125 0.0532407 
0 0.204167 0.493056 0.0458333 0.0611111 
0 0.392188 0.535185 0.0364583 0.0472222 
0 0.338672 0.0877315 0.0341146 0.0384259 
0 0.624479 0.134491 0.0260417 0.0467593 
0 0.384766 0.785648 0.0445312 0.0722222 
0 0.188151 0.409028 0.0424479 0.0606481 
0 0.310026 0.506481 0.0674479 0.0462963 
0 0.363932 0.344907 0.0351562 0.0453704 
0 0.476042 0.426389 0.0359375 0.0601852 
0 0.119141 0.544676 0.0372396 0.0541667 
0 0.61276 0.628009 0.0421875 0.074537 
0 0.413802 0.128009 0.0489583 0.0541667 
0 0.480729 0.486111 0.0286458 0.0361111 
0 0.347135 0.383796 0.0447917 0.0416667 
0 0.42513 0.538657 0.0429688 0.0375 
0 0.188542 0.53588 0.0307292 0.0430556 
0 0.309505 0.81713 0.0492188 0.0416667 
0 0.566016 0.508565 0.0377604 0.0513889 
0 0.580599 0.540741 0.0476562 0.0388889 
0 0.294661 0.393519 0.0388021 0.0574074 
0 0.190234 0.107407 0.0263021 0.0453704 
0 0.621094 0.98125 0.0619792 0.0375 
0 0.585938 0.372454 0.0447917 0.0578704 
0 0.43138 0.961806 0.0486979 0.0726852 
0 0.247266 0.0875 0.0382813 0.0537037 
0 0.210156 0.147222 0.0385417 0.0361111 
0 0.292708 0.620602 0.03125 0.0347222 
0 0.549349 0.630556 0.0289063 0.0555556 
0 0.591797 0.583796 0.0455729 0.0648148 
0 0.576172 0.45 0.0252604 0.0657407 
0 0.254557 0.241204 0.0502604 0.0462963 
0 0.48724 0.549074 0.0255208 0.0611111 
0 0.361849 0.712731 0.0299479 0.0393519 
0 0.226823 0.809259 0.0354167 0.0407407 
0 0.764583 0.189815 0.0322917 0.0574074 
0 0.366667 0.560648 0.0411458 0.0481481 
0 0.566406 0.897685 0.0375 0.062963 
