0 0.25651 0.15162 0.0375 0.0550926 
0 0.630859 0.921065 0.0377604 0.149537 
0 0.681641 0.81875 0.0361979 0.108796 
0 0.794401 0.604861 0.0591146 0.0726852 
0 0.520052 0.487269 0.0572917 0.0662037 
0 0.825651 0.932176 0.0466146 0.0458333 
0 0.369531 0.21088 0.0369792 0.050463 
0 0.747135 0.253704 0.04375 0.0648148 
0 0.415234 0.912269 0.0486979 0.0782407 
0 0.30638 0.345833 0.0403646 0.05 
0 0.321354 0.96875 0.0375 0.0578704 
0 0.493229 0.237269 0.0651042 0.121759 
0 0.470313 0.69537 0.0578125 0.062037 
0 0.145964 0.237269 0.0236979 0.050463 
0 0.764193 0.451852 0.0335938 0.108333 
0 0.419922 0.0907407 0.0377604 0.0777778 
0 0.435286 0.493287 0.0924479 0.0634259 
0 0.707943 0.12338 0.0377604 0.0412037 
0 0.24375 0.902778 0.05 0.0722222 
0 0.230469 0.3 0.0479167 0.0722222 
0 0.571224 0.381713 0.0388021 0.099537 
0 0.445312 0.950231 0.0411458 0.099537 
0 0.639714 0.681944 0.0341146 0.116667 
0 0.276693 0.371065 0.0559896 0.0458333 
0 0.750521 0.895833 0.0276042 0.0824074 
0 0.796354 0.801852 0.03125 0.0722222 
0 0.464583 0.340278 0.0442708 0.087037 
0 0.194661 0.0268519 0.0268229 0.0490741 
0 0.388672 0.717824 0.0617188 0.0513889 
0 0.302995 0.900926 0.0622396 0.0953704 
0 0.416016 0.80463 0.0341146 0.0648148 
0 0.384115 0.0180556 0.0395833 0.0361111 
0 0.289974 0.64375 0.0393229 0.0939815 
0 0.70612 0.586574 0.0273438 0.0481481 
0 0.53763 0.765509 0.0309896 0.0689815 
0 0.682161 0.271991 0.0361979 0.0828704 
0 0.506901 0.724537 0.0575521 0.112963 
0 0.44974 0.206019 0.0265625 0.0740741 
0 0.431641 0.343287 0.0309896 0.0967593 
0 0.333073 0.454398 0.0520833 0.0689815 
0 0.761328 0.721759 0.0929687 0.0537037 
0 0.363542 0.806481 0.0390625 0.0481481 
0 0.195703 0.208102 0.0523437 0.0856481 
0 0.334245 0.249769 0.0351562 0.0393519 
0 0.266667 0.536111 0.0333333 0.0981481 
0 0.80612 0.71088 0.0231771 0.0384259 
0 0.093099 0.654398 0.0190104 0.0736111 
0 0.580599 0.226852 0.0471354 0.126852 
0 0.0921875 0.0217593 0.0432292 0.0398148 
0 0.879818 0.538657 0.0549479 0.0578704 
0 0.979427 0.172685 0.0411458 0.0601852 
0 0.405729 0.958333 0.0588542 0.0648148 
0 0.327865 0.0365741 0.0302083 0.0527778 
0 0.43724 0.0354167 0.040625 0.0421296 
0 0.22513 0.0354167 0.0450521 0.0532407 
0 0.0309896 0.413889 0.0432292 0.0388889 
0 0.072526 0.238194 0.0450521 0.0643518 
