0 0.144792 0.655324 0.0609375 0.114352 
0 0.229297 0.778935 0.0414063 0.0828704 
0 0.864323 0.0476852 0.0484375 0.0953704 
0 0.786589 0.821065 0.0591146 0.11713 
0 0.15638 0.375 0.0325521 0.0611111 
0 0.522917 0.405787 0.0703125 0.0662037 
0 0.981901 0.677083 0.0330729 0.168981 
0 0.16901 0.733102 0.0442708 0.0699074 
0 0.355729 0.821296 0.0395833 0.0564815 
0 0.301172 0.638657 0.0554687 0.0560185 
0 0.231641 0.378472 0.0325521 0.0634259 
0 0.854948 0.83588 0.053125 0.0819444 
0 0.0216146 0.641898 0.040625 0.0615741 
0 0.335677 0.426389 0.03125 0.0703704 
0 0.192448 0.37338 0.0354167 0.0486111 
0 0.896484 0.722685 0.0372396 0.0768519 
0 0.370703 0.514352 0.0346354 0.0824074 
0 0.673437 0.758796 0.0354167 0.0601852 
0 0.860286 0.748611 0.0403646 0.0907407 
0 0.746094 0.711806 0.0526042 0.0875 
0 0.92526 0.383333 0.0713542 0.062037 
0 0.120443 0.350694 0.0486979 0.0486111 
0 0.111328 0.446065 0.0445312 0.0458333 
0 0.88138 0.48912 0.0335938 0.0615741 
0 0.369792 0.624306 0.0458333 0.0467593 
0 0.327083 0.545833 0.0380208 0.0694444 
0 0.282161 0.383796 0.0434896 0.0731481 
0 0.247266 0.560648 0.0309896 0.110185 
0 0.620052 0.736574 0.0291667 0.0592593 
0 0.0234375 0.923611 0.0380208 0.100926 
0 0.520052 0.903704 0.0463542 0.106481 
0 0.296875 0.970602 0.0364583 0.0569444 
0 0.741667 0.77338 0.0276042 0.0782407 
0 0.194141 0.871528 0.0658854 0.103241 
