0 0.948307 0.920139 0.0393229 0.0819444 
0 0.73138 0.480324 0.0669271 0.0837963 
0 0.515104 0.428241 0.03125 0.0944444 
0 0.25 0.707407 0.0411458 0.0805556 
0 0.902865 0.55162 0.0453125 0.0967593 
0 0.822266 0.715278 0.0361979 0.0407407 
0 0.978516 0.335185 0.0388021 0.0944444 
0 0.629427 0.865046 0.0526042 0.0597222 
0 0.308594 0.485185 0.0427083 0.0833333 
0 0.696745 0.796528 0.0377604 0.0652778 
0 0.252604 0.610648 0.0734375 0.106481 
0 0.0239583 0.704861 0.0479167 0.0847222 
0 0.529297 0.747917 0.0601562 0.120833 
0 0.41263 0.51088 0.0372396 0.0791667 
0 0.869141 0.678009 0.0309896 0.0865741 
0 0.536068 0.946296 0.0372396 0.0685185 
0 0.794401 0.788657 0.0382813 0.0587963 
0 0.926302 0.642361 0.0401042 0.0856481 
0 0.460677 0.642824 0.040625 0.0513889 
0 0.805729 0.893981 0.04375 0.100926 
0 0.0779948 0.900926 0.0315104 0.0712963 
0 0.814453 0.460417 0.0591146 0.119907 
0 0.771484 0.971528 0.0351562 0.0523148 
0 0.402344 0.728009 0.034375 0.0949074 
0 0.58151 0.629861 0.0354167 0.0615741 
0 0.897917 0.265741 0.0359375 0.0925926 
0 0.625521 0.483102 0.0635417 0.0597222 
0 0.725651 0.561806 0.0460938 0.0597222 
0 0.693359 0.286343 0.0575521 0.147685 
