0 0.64987 0.657407 0.0466146 0.108333 
0 0.558073 0.731019 0.0380208 0.124074 
0 0.872005 0.520833 0.0419271 0.0666667 
0 0.240104 0.731019 0.0390625 0.108333 
0 0.710938 0.479167 0.078125 0.0712963 
0 0.508724 0.51088 0.0424479 0.129167 
0 0.552734 0.263426 0.0309896 0.0925926 
0 0.222266 0.59537 0.0539063 0.0768519 
0 0.056901 0.466667 0.0377604 0.0722222 
0 0.851562 0.781713 0.0479167 0.0837963 
0 0.835938 0.85162 0.0447917 0.0726852 
0 0.927214 0.175463 0.0388021 0.0712963 
0 0.746615 0.791667 0.0296875 0.0712963 
0 0.329557 0.59838 0.0346354 0.105093 
0 0.158073 0.705787 0.0364583 0.0958333 
0 0.234766 0.496991 0.0627604 0.0736111 
0 0.0397135 0.571528 0.0507812 0.0800926 
0 0.876432 0.642361 0.0434896 0.0717593 
0 0.455339 0.653241 0.0476562 0.0731481 
0 0.677214 0.896759 0.0507812 0.0833333 
0 0.672917 0.372917 0.0640625 0.0513889 
0 0.313932 0.790046 0.0434896 0.0689815 
0 0.609896 0.291204 0.0307292 0.130556 
0 0.960938 0.522222 0.0390625 0.0824074 
0 0.0858073 0.822917 0.0304688 0.0708333 
0 0.413281 0.549537 0.0640625 0.0888889 
0 0.546875 0.458796 0.0447917 0.0916667 
0 0.698698 0.74375 0.0416667 0.119907 
0 0.631901 0.158565 0.0429688 0.075463 
