0 0.164714 0.512269 0.0585938 0.0800926 
0 0.604036 0.695602 0.0356771 0.0726852 
0 0.284375 0.501389 0.0520833 0.114815 
0 0.671745 0.435648 0.0664062 0.0740741 
0 0.640104 0.893287 0.0598958 0.0810185 
0 0.821745 0.691435 0.0424479 0.0828704 
0 0.0515625 0.535648 0.0552083 0.0953704 
0 0.777344 0.604167 0.0421875 0.0842593 
0 0.821745 0.787269 0.0513021 0.0773148 
0 0.756771 0.55463 0.0380208 0.1 
0 0.377474 0.353009 0.0377604 0.0847222 
0 0.0992187 0.622222 0.0296875 0.137037 
0 0.06875 0.443981 0.0416667 0.0740741 
0 0.773438 0.96088 0.0255208 0.074537 
0 0.664974 0.655324 0.0351562 0.0921296 
0 0.977604 0.968518 0.0432292 0.062963 
0 0.813932 0.530556 0.0440104 0.0935185 
0 0.404036 0.737269 0.0580729 0.0726852 
0 0.720703 0.840278 0.0700521 0.0638889 
0 0.361719 0.4875 0.0348958 0.0694444 
0 0.728516 0.684954 0.0388021 0.0810185 
0 0.540495 0.84375 0.0372396 0.0652778 
0 0.19388 0.961806 0.0523437 0.0717593 
0 0.0290365 0.753935 0.0434896 0.0912037 
0 0.484115 0.741667 0.03125 0.0472222 
0 0.289583 0.788657 0.0427083 0.0912037 
0 0.022526 0.866435 0.0372396 0.0652778 
0 0.321094 0.646759 0.0708333 0.0481481 
0 0.554167 0.709722 0.0359375 0.100926 
0 0.246224 0.575 0.0330729 0.05 
0 0.328255 0.843056 0.0330729 0.140741 
0 0.817839 0.325926 0.0268229 0.062037 
0 0.46901 0.853241 0.0572917 0.0564815 
0 0.248698 0.925231 0.0375 0.0643518 
0 0.55625 0.507407 0.0411458 0.0518519 
0 0.0825521 0.942593 0.0395833 0.0731481 
0 0.629948 0.824537 0.0229167 0.0638889 
0 0.520573 0.674769 0.0380208 0.050463 
0 0.690885 0.394676 0.0302083 0.0393519 
0 0.0217448 0.921991 0.0341146 0.0643518 
0 0.847656 0.650231 0.0776042 0.0643518 
