0 0.635807 0.481944 0.0570313 0.0527778 
0 0.546875 0.519907 0.0369792 0.0398148 
0 0.576172 0.795833 0.0460938 0.0555556 
0 0.33737 0.896759 0.0341146 0.062037 
0 0.661589 0.312037 0.0539063 0.0490741 
0 0.397917 0.814583 0.0364583 0.0606481 
0 0.507292 0.610185 0.0328125 0.0453704 
0 0.735807 0.204167 0.0367187 0.0518519 
0 0.384766 0.734491 0.0434896 0.0578704 
0 0.563542 0.851157 0.0348958 0.0615741 
0 0.592318 0.233333 0.0325521 0.0398148 
0 0.466536 0.628472 0.0388021 0.0449074 
0 0.466276 0.131481 0.0315104 0.0546296 
0 0.299349 0.351157 0.0388021 0.0578704 
0 0.219401 0.0944444 0.0466146 0.05 
0 0.480469 0.37662 0.0348958 0.0449074 
0 0.572786 0.69838 0.0403646 0.0523148 
0 0.616797 0.956713 0.0611979 0.0782407 
0 0.861328 0.443981 0.0565104 0.105556 
0 0.630339 0.0923611 0.0283854 0.0384259 
