0 0.502474 0.0673611 0.0971354 0.109722 
0 0.653776 0.409259 0.0419271 0.15 
0 0.0411458 0.914815 0.0416667 0.0777778 
0 0.645964 0.870602 0.0518229 0.178241 
0 0.548828 0.225231 0.0809896 0.0791667 
0 0.552734 0.690046 0.0934896 0.074537 
0 0.655729 0.703704 0.0635417 0.187037 
0 0.252474 0.675 0.128385 0.108333 
0 0.516146 0.493519 0.0473958 0.178704 
0 0.395052 0.623148 0.06875 0.0657407 
0 0.688021 0.218981 0.0359375 0.0601852 
0 0.422135 0.385417 0.059375 0.109722 
0 0.235807 0.907176 0.0309896 0.109722 
0 0.125 0.847685 0.04375 0.0703704 
0 0.336589 0.094213 0.0669271 0.109722 
0 0.378255 0.160648 0.0752604 0.0703704 
0 0.296615 0.129861 0.0619792 0.176389 
0 0.0907552 0.228704 0.0346354 0.0509259 
0 0.449219 0.167824 0.0630208 0.0643518 
0 0.0641927 0.285185 0.0585938 0.0546296 
0 0.125911 0.0756944 0.0591146 0.0875 
0 0.185807 0.294676 0.0752604 0.0782407 
0 0.611328 0.888889 0.0382813 0.0574074 
0 0.0678385 0.59537 0.0450521 0.0685185 
0 0.37474 0.956713 0.046875 0.0550926 
0 0.317708 0.0252315 0.0651042 0.049537 
0 0.208854 0.114583 0.0447917 0.0689815 
0 0.198437 0.940046 0.053125 0.0578704 
0 0.645573 0.0178241 0.0317708 0.0347222 
0 0.215234 0.75787 0.0507812 0.0675926 
0 0.389844 0.892361 0.0630208 0.0439815 
0 0.370573 0.456019 0.0390625 0.0537037 
0 0.208984 0.459259 0.0315104 0.0611111 
0 0.238672 0.0564815 0.0372396 0.111111 
0 0.0355469 0.357176 0.0611979 0.0689815 
0 0.26862 0.55 0.0403646 0.119444 
0 0.382812 0.0701389 0.0364583 0.0828704 
0 0.366146 0.294907 0.040625 0.087037 
0 0.471224 0.361574 0.0304688 0.0740741 
0 0.164583 0.974769 0.05 0.0476852 
0 0.551693 0.838889 0.0460938 0.075 
0 0.259766 0.726157 0.0403646 0.0819444 
0 0.448307 0.293287 0.0294271 0.131019 
0 0.0171875 0.783796 0.0317708 0.0592593 
