0 0.528776 0.628472 0.0585938 0.1125 
0 0.36276 0.680093 0.0244792 0.127778 
0 0.203906 0.792593 0.0385417 0.103704 
0 0.291536 0.531713 0.0351562 0.074537 
0 0.315365 0.678009 0.0458333 0.0791667 
0 0.0703125 0.674769 0.0515625 0.0837963 
0 0.483594 0.529398 0.0380208 0.134722 
0 0.41875 0.928009 0.0776042 0.0865741 
0 0.898438 0.516898 0.0416667 0.159722 
0 0.598568 0.933102 0.0320312 0.120833 
0 0.0540365 0.458333 0.0372396 0.0675926 
0 0.501953 0.711343 0.0445312 0.0671296 
0 0.226172 0.261111 0.0257812 0.0472222 
0 0.139974 0.233333 0.0398437 0.0564815 
0 0.848568 0.776389 0.0341146 0.0731481 
0 0.163542 0.873611 0.065625 0.0694444 
0 0.792448 0.463889 0.0286458 0.118519 
0 0.149609 0.686111 0.0460938 0.105556 
0 0.898958 0.317361 0.0322917 0.050463 
0 0.304688 0.447454 0.0635417 0.0587963 
0 0.859766 0.325463 0.0304688 0.0490741 
0 0.155729 0.926389 0.0697917 0.0842593 
