0 0.0820312 0.715278 0.0541667 0.0546296 
0 0.199609 0.130787 0.0372396 0.123611 
0 0.45612 0.0981481 0.0528646 0.118519 
0 0.0324219 0.242593 0.0346354 0.0712963 
0 0.767057 0.26713 0.0877604 0.0694444 
0 0.852083 0.174537 0.0390625 0.0925926 
0 0.285026 0.959259 0.0419271 0.0805556 
0 0.381641 0.302083 0.0304688 0.111574 
0 0.673828 0.761343 0.0736979 0.0662037 
0 0.828125 0.592824 0.053125 0.156944 
0 0.619141 0.686343 0.0476562 0.104167 
0 0.975 0.807639 0.0401042 0.0930556 
0 0.538021 0.196528 0.0489583 0.122685 
0 0.148568 0.578009 0.0481771 0.0865741 
0 0.721224 0.662731 0.0403646 0.0810185 
0 0.541536 0.923611 0.0440104 0.0731481 
0 0.410156 0.803009 0.0322917 0.0550926 
0 0.81888 0.426852 0.0377604 0.0537037 
0 0.453385 0.850231 0.0609375 0.0689815 
0 0.110417 0.855556 0.0411458 0.0796296 
0 0.780208 0.851389 0.059375 0.0657407 
0 0.19974 0.85463 0.0479167 0.0981481 
0 0.494401 0.68287 0.0523437 0.0675926 
0 0.0427083 0.457639 0.0635417 0.0856481 
0 0.501042 0.374537 0.0291667 0.062037 
0 0.118359 0.959259 0.0440104 0.0759259 
0 0.25 0.852315 0.0473958 0.102778 
0 0.0244792 0.797685 0.0333333 0.0898148 
0 0.230078 0.526389 0.0736979 0.0611111 
0 0.153125 0.399306 0.0401042 0.0439815 
0 0.786589 0.778241 0.0356771 0.0787037 
0 0.103125 0.254398 0.0578125 0.074537 
0 0.611328 0.495602 0.0539063 0.0782407 
0 0.585938 0.910648 0.0229167 0.0888889 
0 0.50638 0.878935 0.0518229 0.0699074 
0 0.585938 0.978241 0.0567708 0.0435185 
0 0.904818 0.519907 0.0367187 0.062963 
0 0.409896 0.39375 0.0447917 0.0949074 
