0 0.615755 0.315278 0.0356771 0.0481481 
0 0.76849 0.0583333 0.0598958 0.110185 
0 0.520964 0.93588 0.0653646 0.0717593 
0 0.504818 0.713657 0.0367187 0.0569444 
0 0.61224 0.545833 0.0989583 0.0888889 
0 0.648438 0.724306 0.0421875 0.124537 
0 0.583984 0.93125 0.0429688 0.131944 
0 0.585026 0.620139 0.0335938 0.0810185 
0 0.73737 0.413194 0.0799479 0.0949074 
0 0.57474 0.277315 0.0348958 0.0583333 
0 0.63724 0.26713 0.0338542 0.0592593 
0 0.525911 0.502083 0.0414063 0.0643518 
0 0.681641 0.441435 0.0346354 0.136574 
0 0.668359 0.0622685 0.0424479 0.0726852 
0 0.750521 0.586806 0.0604167 0.116204 
0 0.6875 0.228241 0.0302083 0.140741 
0 0.520052 0.604167 0.0557292 0.0768519 
0 0.159505 0.299074 0.0601562 0.0592593 
0 0.0778646 0.670602 0.0354167 0.0597222 
0 0.469661 0.155556 0.0513021 0.107407 
0 0.635286 0.444907 0.0398437 0.0462963 
0 0.479688 0.646759 0.0364583 0.101852 
0 0.39362 0.118056 0.0523437 0.0638889 
0 0.420182 0.478935 0.0367187 0.0625 
0 0.69974 0.664583 0.0520833 0.0662037 
0 0.167969 0.787731 0.0244792 0.0625 
0 0.225521 0.924537 0.0395833 0.0574074 
0 0.722266 0.291204 0.0450521 0.0527778 
0 0.471224 0.0275463 0.0476562 0.0550926 
0 0.597135 0.767824 0.0416667 0.0643518 
0 0.0473958 0.308565 0.0385417 0.0597222 
0 0.102604 0.316667 0.0354167 0.0537037 
0 0.352995 0.0634259 0.0372396 0.0888889 
0 0.672396 0.699306 0.0322917 0.0541667 
0 0.70599 0.591435 0.0645833 0.0736111 
0 0.352083 0.451389 0.0619792 0.075 
0 0.458333 0.430556 0.0328125 0.0731481 
0 0.657812 0.389815 0.0380208 0.0388889 
0 0.0845052 0.528704 0.0393229 0.0592593 
0 0.307161 0.278704 0.0320312 0.0435185 
0 0.169661 0.899306 0.0341146 0.0606481 
0 0.0360677 0.159259 0.0330729 0.0583333 
0 0.801302 0.436574 0.0369792 0.0425926 
0 0.411589 0.216204 0.0335938 0.0583333 
0 0.869141 0.0194444 0.0585938 0.0388889 
0 0.233594 0.806944 0.0359375 0.0407407 
0 0.100391 0.140046 0.0325521 0.0412037 
0 0.29375 0.895833 0.0390625 0.0824074 
0 0.364583 0.390046 0.0395833 0.0949074 
0 0.547786 0.41088 0.0367187 0.0486111 
