0 0.636198 0.467824 0.0578125 0.0967593 
0 0.558073 0.761343 0.034375 0.104167 
0 0.363021 0.0513889 0.0458333 0.102778 
0 0.521484 0.309491 0.0434896 0.0949074 
0 0.250911 0.145833 0.0361979 0.0935185 
0 0.736328 0.132407 0.0539063 0.114815 
0 0.692969 0.335417 0.0354167 0.156944 
0 0.409635 0.954861 0.0515625 0.0856481 
0 0.41875 0.521528 0.0479167 0.0513889 
0 0.410547 0.815509 0.0622396 0.0949074 
0 0.583464 0.563657 0.0523437 0.0587963 
0 0.197526 0.322685 0.0424479 0.0555556 
0 0.191406 0.772917 0.0364583 0.0523148 
0 0.447526 0.63125 0.0497396 0.0541667 
0 0.783724 0.0275463 0.0726563 0.0550926 
0 0.491927 0.609259 0.0494792 0.110185 
0 0.438802 0.0993056 0.0411458 0.0421296 
0 0.380339 0.207407 0.0361979 0.0759259 
0 0.511719 0.947917 0.0609375 0.0930556 
0 0.103646 0.0509259 0.0395833 0.0657407 
0 0.384505 0.109722 0.0315104 0.0425926 
0 0.141536 0.772222 0.0513021 0.0518519 
0 0.630859 0.541204 0.0591146 0.0453704 
0 0.448698 0.24375 0.0286458 0.0699074 
0 0.78763 0.479167 0.0565104 0.0583333 
0 0.0640625 0.100926 0.040625 0.0611111 
0 0.146094 0.908102 0.0473958 0.0597222 
0 0.476042 0.433102 0.0354167 0.0708333 
0 0.627995 0.124306 0.0856771 0.0782407 
0 0.506901 0.736111 0.0445312 0.0537037 
0 0.294401 0.158102 0.0367187 0.0763889 
0 0.235156 0.321296 0.0484375 0.0796296 
0 0.323828 0.0881944 0.0294271 0.0541667 
0 0.261979 0.796528 0.0489583 0.0541667 
0 0.316927 0.846065 0.0401042 0.0699074 
0 0.498698 0.269907 0.0317708 0.0583333 
0 0.381901 0.478472 0.0570313 0.0430556 
0 0.60599 0.817361 0.0609375 0.0569444 
0 0.662109 0.808565 0.0247396 0.0513889 
0 0.0200521 0.087037 0.0369792 0.062963 
0 0.573177 0.928704 0.0359375 0.0518519 
0 0.557682 0.0886574 0.0299479 0.0847222 
0 0.73151 0.0425926 0.0421875 0.0851852 
0 0.172917 0.390509 0.034375 0.0578704 
0 0.308594 0.0513889 0.0276042 0.0648148 
0 0.36862 0.592593 0.0549479 0.0546296 
0 0.529297 0.379398 0.0570313 0.0532407 
0 0.274479 0.963657 0.0291667 0.0689815 
0 0.507812 0.819907 0.0255208 0.0768519 
0 0.165755 0.431481 0.0476562 0.0453704 
0 0.328385 0.928009 0.0473958 0.0467593 
0 0.399219 0.688889 0.0380208 0.0842593 
