0 0.304427 0.290972 0.0369792 0.106944 
0 0.0221354 0.972222 0.0421875 0.0509259 
0 0.622526 0.909722 0.0486979 0.118519 
0 0.729036 0.443519 0.0757812 0.135185 
0 0.488281 0.934028 0.0364583 0.118056 
0 0.938932 0.837963 0.0658854 0.0611111 
0 0.885677 0.856019 0.0359375 0.075 
0 0.633333 0.800231 0.065625 0.130093 
0 0.161068 0.920139 0.0684896 0.118981 
0 0.359245 0.573611 0.0273438 0.087963 
0 0.31862 0.825231 0.0434896 0.099537 
0 0.145443 0.944444 0.0382813 0.0787037 
0 0.239714 0.977315 0.0294271 0.0435185 
0 0.779818 0.378935 0.0372396 0.050463 
0 0.745573 0.981713 0.0369792 0.0356481 
