0 0.348177 0.231713 0.0515625 0.150463 
0 0.396484 0.614583 0.0440104 0.105093 
0 0.667578 0.395139 0.0669271 0.108796 
0 0.433073 0.198148 0.05625 0.150926 
0 0.536589 0.849769 0.0481771 0.108796 
0 0.32474 0.727083 0.0447917 0.0634259 
0 0.287891 0.65625 0.0315104 0.0949074 
0 0.29388 0.348611 0.0320312 0.0962963 
0 0.940885 0.682639 0.0390625 0.0847222 
0 0.505469 0.548611 0.0484375 0.0768519 
0 0.851562 0.486111 0.0494792 0.0907407 
0 0.476953 0.338194 0.0471354 0.113426 
0 0.902865 0.278935 0.084375 0.114352 
0 0.581641 0.0678241 0.0398437 0.123611 
0 0.351302 0.681944 0.0354167 0.106481 
0 0.400651 0.802083 0.0424479 0.0587963 
0 0.816406 0.228009 0.0583333 0.143056 
0 0.756771 0.626852 0.0385417 0.0787037 
0 0.29349 0.255093 0.0479167 0.062037 
0 0.417057 0.88588 0.0549479 0.0819444 
0 0.0583333 0.67963 0.0348958 0.114815 
0 0.605469 0.446528 0.0447917 0.0578704 
0 0.721224 0.820833 0.0533854 0.0990741 
0 0.209505 0.649769 0.0408854 0.0773148 
0 0.720182 0.218981 0.0658854 0.0638889 
0 0.683203 0.878472 0.0429688 0.124537 
0 0.659635 0.189815 0.0453125 0.0685185 
0 0.0398437 0.319213 0.0328125 0.124537 
0 0.165104 0.437037 0.0583333 0.0518519 
0 0.635807 0.521991 0.0361979 0.0643518 
0 0.313542 0.512269 0.040625 0.0800926 
0 0.270312 0.152083 0.059375 0.129167 
0 0.50638 0.74838 0.0460938 0.0921296 
0 0.986328 0.850694 0.0226563 0.0782407 
0 0.361849 0.46412 0.0372396 0.075463 
0 0.579687 0.730787 0.0640625 0.0680556 
0 0.657161 0.850694 0.0403646 0.0597222 
0 0.052474 0.414815 0.0981771 0.0759259 
0 0.21849 0.32338 0.0473958 0.0634259 
0 0.836458 0.886574 0.0359375 0.0611111 
0 0.367188 0.965278 0.0744792 0.0648148 
0 0.79401 0.94537 0.084375 0.0851852 
0 0.546354 0.614583 0.08125 0.0847222 
0 0.869141 0.746065 0.0351562 0.115278 
0 0.686979 0.317593 0.0791667 0.0648148 
0 0.30026 0.570602 0.0432292 0.0680556 
0 0.0617188 0.162731 0.0557292 0.0532407 
0 0.129688 0.940046 0.046875 0.0902778 
0 0.197786 0.586806 0.0492188 0.0449074 
0 0.0229167 0.868519 0.0348958 0.0546296 
0 0.518099 0.674537 0.0601562 0.0601852 
0 0.107161 0.319444 0.0393229 0.103704 
