0 0.866146 0.170833 0.0630208 0.160185 
0 0.934505 0.809491 0.0601562 0.075463 
0 0.583464 0.197685 0.0325521 0.123148 
0 0.560547 0.0916667 0.0403646 0.115741 
0 0.847135 0.0655093 0.0609375 0.0560185 
0 0.784115 0.909722 0.0838542 0.0731481 
0 0.397266 0.388889 0.0591146 0.0574074 
0 0.58151 0.434954 0.0817708 0.0643518 
0 0.659245 0.170139 0.0471354 0.0680556 
0 0.679688 0.338426 0.078125 0.0935185 
0 0.920443 0.0513889 0.0804688 0.0694444 
0 0.417448 0.334028 0.0296875 0.0587963 
0 0.444922 0.480324 0.0304688 0.0810185 
0 0.781641 0.347222 0.0242187 0.075 
0 0.739714 0.0543981 0.0289063 0.0912037 
0 0.344271 0.264815 0.0364583 0.0805556 
0 0.770573 0.124769 0.0390625 0.111574 
0 0.483073 0.532176 0.0359375 0.0550926 
0 0.630859 0.301852 0.0403646 0.0703704 
0 0.546875 0.785185 0.0302083 0.0805556 
0 0.598177 0.349306 0.0364583 0.0800926 
0 0.679688 0.236574 0.0307292 0.110185 
0 0.664974 0.753472 0.0226563 0.0717593 
0 0.478776 0.269676 0.0507812 0.0634259 
0 0.477083 0.155787 0.0453125 0.0671296 
0 0.305078 0.327778 0.0471354 0.0648148 
0 0.364453 0.222685 0.0231771 0.0833333 
0 0.147005 0.268519 0.0335938 0.0490741 
0 0.142578 0.840741 0.0351562 0.0416667 
0 0.395964 0.47037 0.0382813 0.0490741 
0 0.715885 0.197917 0.0390625 0.0578704 
0 0.478646 0.216204 0.0552083 0.0537037 
0 0.867578 0.252315 0.0289063 0.0583333 
0 0.744661 0.825 0.0388021 0.0851852 
0 0.645573 0.854398 0.0505208 0.0486111 
0 0.959896 0.260185 0.03125 0.0462963 
0 0.211068 0.3625 0.0283854 0.0583333 
0 0.692839 0.900231 0.0523437 0.0819444 
0 0.791927 0.682407 0.0666667 0.0722222 
0 0.319792 0.512963 0.0317708 0.0787037 
0 0.292057 0.0381944 0.0434896 0.0717593 
0 0.461849 0.893981 0.0346354 0.0666667 
0 0.70013 0.403704 0.0570313 0.0944444 
0 0.665104 0.610417 0.0380208 0.0421296 
0 0.0809896 0.552083 0.0276042 0.0467593 
0 0.479818 0.600231 0.0445312 0.0634259 
0 0.46237 0.371528 0.0320312 0.0606481 
0 0.693359 0.153935 0.0393229 0.0412037 
0 0.474609 0.797454 0.0252604 0.050463 
0 0.239974 0.806019 0.0330729 0.0842593 
0 0.314193 0.649306 0.0330729 0.0671296 
0 0.53125 0.515972 0.0317708 0.0550926 
0 0.213151 0.479861 0.0351562 0.0513889 
0 0.27487 0.892361 0.0507812 0.0597222 
0 0.323438 0.141435 0.0401042 0.0449074 
0 0.54974 0.902778 0.0380208 0.0685185 
0 0.101302 0.23125 0.0265625 0.0662037 
0 0.776302 0.511343 0.0270833 0.0736111 
0 0.669922 0.469213 0.0544271 0.0930556 
0 0.55612 0.55463 0.0481771 0.0462963 
0 0.544401 0.324306 0.0471354 0.0615741 
0 0.33125 0.439352 0.0317708 0.0731481 
0 0.534635 0.0488426 0.0359375 0.0921296 
0 0.302474 0.150231 0.0263021 0.0625 
0 0.457031 0.687963 0.0260417 0.0712963 
0 0.977995 0.49838 0.0325521 0.0921296 
0 0.343359 0.790278 0.0497396 0.0740741 
0 0.0442708 0.566667 0.0307292 0.0462963 
0 0.171354 0.49838 0.0270833 0.0458333 
