0 0.878385 0.27037 0.0729167 0.10463 
0 0.664062 0.458333 0.0614583 0.101852 
0 0.401302 0.580324 0.05 0.1125 
0 0.932682 0.792593 0.0523437 0.121296 
0 0.681641 0.830324 0.0414063 0.0921296 
0 0.730469 0.346759 0.0526042 0.0722222 
0 0.88724 0.544907 0.0557292 0.0935185 
0 0.978125 0.693519 0.0427083 0.0814815 
0 0.536589 0.658102 0.0554687 0.0662037 
0 0.804688 0.907176 0.03125 0.0708333 
0 0.760286 0.71713 0.0330729 0.105556 
0 0.252734 0.730093 0.0356771 0.0861111 
0 0.195443 0.726852 0.0476562 0.113889 
0 0.53125 0.340972 0.0307292 0.0800926 
0 0.58112 0.702315 0.0367187 0.123148 
0 0.150521 0.837269 0.0458333 0.074537 
0 0.0697917 0.619444 0.0453125 0.119444 
0 0.679167 0.924537 0.0505208 0.105556 
0 0.977083 0.393519 0.0458333 0.0537037 
0 0.932161 0.655324 0.0429688 0.0532407 
0 0.472656 0.638194 0.0411458 0.0791667 
0 0.97513 0.506944 0.0450521 0.0740741 
0 0.63724 0.81875 0.04375 0.0597222 
0 0.947786 0.747222 0.0585938 0.0694444 
0 0.662109 0.352083 0.0690104 0.0726852 
0 0.440495 0.827778 0.0700521 0.0814815 
0 0.818359 0.850926 0.0346354 0.0861111 
0 0.427734 0.701389 0.0382813 0.087963 
0 0.855078 0.955556 0.0476562 0.0648148 
0 0.972266 0.0706019 0.0486979 0.0875 
0 0.76849 0.426852 0.0651042 0.0657407 
0 0.574219 0.980093 0.0427083 0.0398148 
0 0.728125 0.580787 0.0369792 0.0782407 
0 0.582031 0.182176 0.0609375 0.0958333 
0 0.127865 0.646528 0.0520833 0.0625 
0 0.291797 0.786806 0.0533854 0.0726852 
0 0.883724 0.821991 0.0450521 0.0597222 
0 0.721224 0.736574 0.0393229 0.0509259 
0 0.282031 0.190046 0.0489583 0.0782407 
0 0.333464 0.597222 0.0393229 0.0740741 
0 0.632812 0.960185 0.0322917 0.0768519 
0 0.513151 0.791667 0.0341146 0.0564815 
0 0.782292 0.494213 0.0567708 0.074537 
0 0.940365 0.923611 0.0744792 0.114815 
0 0.16224 0.930556 0.0291667 0.0925926 
0 0.276302 0.662037 0.0411458 0.0740741 
