0 0.822266 0.503935 0.0424479 0.0949074 
0 0.764714 0.283565 0.0507812 0.10787 
0 0.863281 0.407176 0.0541667 0.0930556 
0 0.347656 0.325926 0.0359375 0.0953704 
0 0.477995 0.214352 0.0497396 0.062963 
0 0.164323 0.180787 0.0666667 0.0791667 
0 0.363281 0.0277778 0.0453125 0.0555556 
0 0.942318 0.822454 0.0455729 0.0773148 
0 0.876953 0.728472 0.0367187 0.104167 
0 0.980469 0.35162 0.0369792 0.0875 
0 0.689453 0.563426 0.0283854 0.112963 
0 0.128776 0.325 0.0533854 0.0925926 
0 0.821745 0.924537 0.0398437 0.0768519 
0 0.92487 0.368981 0.0502604 0.0648148 
0 0.544922 0.51875 0.0440104 0.074537 
0 0.946224 0.491435 0.0867188 0.0726852 
0 0.476042 0.338426 0.0572917 0.062963 
0 0.450391 0.744676 0.0617188 0.0662037 
0 0.439193 0.535417 0.0346354 0.0513889 
0 0.73776 0.441898 0.0317708 0.105093 
0 0.35026 0.401389 0.0526042 0.0537037 
0 0.385026 0.31088 0.0299479 0.106944 
0 0.116667 0.0664352 0.0546875 0.10787 
0 0.708464 0.746528 0.0247396 0.0689815 
0 0.402083 0.662731 0.0473958 0.0652778 
0 0.148698 0.538194 0.0557292 0.0884259 
0 0.824219 0.87037 0.0453125 0.0731481 
0 0.229948 0.395139 0.0614583 0.0847222 
0 0.83112 0.402315 0.0294271 0.0712963 
0 0.859375 0.613657 0.0421875 0.0949074 
