0 0.699219 0.0921296 0.0453125 0.144444 
0 0.0703125 0.132639 0.0614583 0.0708333 
0 0.727995 0.884954 0.0476562 0.0875 
0 0.533724 0.260185 0.0445312 0.087963 
0 0.475391 0.227778 0.0294271 0.0611111 
0 0.776302 0.292593 0.0447917 0.15463 
0 0.971615 0.393056 0.0390625 0.108333 
0 0.786068 0.0585648 0.0648438 0.109722 
0 0.648828 0.261343 0.0299479 0.0523148 
0 0.540104 0.0622685 0.0447917 0.0810185 
0 0.325911 0.2 0.0424479 0.111111 
0 0.422396 0.738889 0.0427083 0.0740741 
0 0.655729 0.734259 0.0401042 0.0722222 
0 0.532292 0.195602 0.0348958 0.0597222 
0 0.722656 0.175463 0.0744792 0.0583333 
0 0.789062 0.405324 0.05625 0.102315 
0 0.852604 0.419213 0.0322917 0.0569444 
0 0.115104 0.121991 0.0411458 0.0550926 
0 0.819401 0.117824 0.0351562 0.0560185 
0 0.775391 0.822917 0.0242187 0.0587963 
