0 0.755859 0.347917 0.0377604 0.0430556 
0 0.965365 0.241204 0.0369792 0.0851852 
0 0.724609 0.661343 0.0424479 0.0865741 
0 0.486979 0.137963 0.0510417 0.062963 
0 0.625391 0.28912 0.0335938 0.108796 
0 0.26901 0.300926 0.034375 0.0722222 
0 0.293229 0.173843 0.0390625 0.0791667 
0 0.301302 0.349306 0.0442708 0.0782407 
0 0.792578 0.169676 0.0393229 0.0736111 
0 0.798828 0.301389 0.0382813 0.0814815 
0 0.895052 0.402083 0.0442708 0.110648 
0 0.166797 0.300231 0.0492188 0.0717593 
0 0.247656 0.238194 0.0427083 0.0699074 
0 0.754948 0.169907 0.0453125 0.102778 
0 0.623438 0.394444 0.0614583 0.0546296 
0 0.532292 0.219213 0.053125 0.0560185 
0 0.219792 0.416898 0.0536458 0.0847222 
0 0.978516 0.892361 0.0398437 0.110648 
0 0.913021 0.211111 0.0546875 0.0768519 
0 0.849219 0.141667 0.0255208 0.0851852 
0 0.0973958 0.277546 0.0354167 0.104167 
0 0.719661 0.7625 0.0393229 0.0685185 
0 0.571745 0.18125 0.0565104 0.0625 
0 0.289062 0.463194 0.0572917 0.0800926 
0 0.986849 0.676389 0.0231771 0.0824074 
0 0.425781 0.426157 0.0260417 0.0597222 
0 0.338672 0.475231 0.0335938 0.0800926 
0 0.569792 0.577778 0.0307292 0.0722222 
0 0.397005 0.428704 0.0393229 0.0694444 
