0 0.770052 0.0877315 0.0567708 0.127315 
0 0.616276 0.346991 0.0377604 0.0532407 
0 0.504297 0.74213 0.0367187 0.0564815 
0 0.648047 0.75787 0.0429688 0.138889 
0 0.6875 0.26088 0.0307292 0.135648 
0 0.866146 0.0372685 0.0640625 0.0726852 
0 0.735286 0.450926 0.0794271 0.0916667 
0 0.670833 0.0962963 0.0479167 0.0777778 
0 0.607031 0.590741 0.103125 0.0805556 
0 0.58099 0.307639 0.0442708 0.0643518 
0 0.046224 0.319213 0.0382813 0.0643518 
0 0.464844 0.0363426 0.0578125 0.0726852 
0 0.51901 0.961806 0.0640625 0.0717593 
0 0.636198 0.293287 0.0348958 0.0717593 
0 0.642187 0.0476852 0.06875 0.0611111 
0 0.22513 0.935648 0.0424479 0.0703704 
0 0.5375 0.0453704 0.0296875 0.0453704 
0 0.240365 0.60625 0.0317708 0.049537 
0 0.705078 0.706944 0.0601562 0.0675926 
0 0.46875 0.18588 0.0489583 0.104167 
0 0.14362 0.875 0.0388021 0.0435185 
0 0.473958 0.926157 0.0302083 0.0541667 
0 0.70599 0.633102 0.0682292 0.0791667 
0 0.30625 0.292593 0.0307292 0.0407407 
0 0.579557 0.946991 0.0356771 0.103241 
0 0.117057 0.0863426 0.0398437 0.0699074 
0 0.388672 0.0282407 0.0669271 0.0564815 
0 0.795833 0.0226852 0.0322917 0.0444444 
0 0.802734 0.473843 0.0429688 0.0513889 
0 0.683594 0.485648 0.0380208 0.143519 
0 0.477214 0.671528 0.0325521 0.0902778 
0 0.51901 0.642824 0.0567708 0.0625 
0 0.198958 0.520833 0.0473958 0.0814815 
0 0.0339844 0.170833 0.0315104 0.0564815 
0 0.628906 0.0155093 0.0364583 0.0310185 
0 0.0832031 0.541435 0.0341146 0.0569444 
0 0.176693 0.121296 0.0377604 0.0638889 
0 0.591797 0.787037 0.0346354 0.0518519 
0 0.463411 0.289583 0.0398437 0.0486111 
0 0.750391 0.625 0.0632813 0.111111 
0 0.366016 0.411806 0.0403646 0.104167 
0 0.110286 0.269213 0.0361979 0.0476852 
0 0.946745 0.380093 0.0528646 0.0861111 
0 0.550781 0.348611 0.0354167 0.0740741 
