0 0.819401 0.325 0.0460938 0.131481 
0 0.799349 0.0638889 0.0596354 0.114815 
0 0.660677 0.448611 0.0510417 0.0888889 
0 0.457943 0.74213 0.0388021 0.087037 
0 0.575651 0.185417 0.0398437 0.075463 
0 0.540495 0.315972 0.0518229 0.134722 
0 0.635286 0.491667 0.0372396 0.178704 
0 0.534635 0.0456019 0.08125 0.0902778 
0 0.273438 0.654167 0.0619792 0.0648148 
0 0.268359 0.100231 0.0455729 0.0736111 
0 0.605469 0.636343 0.0807292 0.123611 
0 0.545833 0.439583 0.0520833 0.103241 
0 0.442578 0.0587963 0.0440104 0.0740741 
0 0.516667 0.500926 0.0588542 0.0648148 
0 0.192839 0.0590278 0.0388021 0.10787 
0 0.102995 0.0590278 0.0320312 0.0726852 
0 0.503385 0.0868056 0.0546875 0.0402778 
0 0.386719 0.346065 0.0307292 0.122685 
0 0.422786 0.242824 0.0684896 0.0532407 
0 0.405599 0.58287 0.0346354 0.0935185 
0 0.0740885 0.127083 0.0367187 0.0625 
0 0.443359 0.83588 0.0403646 0.0865741 
0 0.448958 0.94537 0.0317708 0.0398148 
0 0.167969 0.115046 0.06875 0.074537 
0 0.0339844 0.263889 0.0539063 0.0601852 
0 0.544401 0.911343 0.0408854 0.102315 
0 0.611328 0.437731 0.0559896 0.116204 
0 0.252865 0.606713 0.0359375 0.0763889 
0 0.228516 0.178241 0.0414063 0.0564815 
0 0.388672 0.936574 0.0325521 0.0648148 
0 0.741797 0.137269 0.0653646 0.0699074 
0 0.414583 0.813426 0.0317708 0.0666667 
0 0.0184896 0.821065 0.0291667 0.0615741 
0 0.464193 0.240046 0.0403646 0.075463 
0 0.0643229 0.955787 0.040625 0.0708333 
0 0.403646 0.496528 0.0359375 0.0513889 
0 0.197266 0.575463 0.0486979 0.0740741 
0 0.218099 0.685185 0.0398437 0.0722222 
0 0.370182 0.442361 0.0372396 0.0486111 
0 0.184375 0.688426 0.0401042 0.0537037 
0 0.709505 0.0483796 0.0591146 0.0884259 
0 0.790104 0.233102 0.04375 0.0449074 
