0 0.746094 0.300463 0.05 0.103704 
0 0.629427 0.344213 0.040625 0.109722 
0 0.599609 0.158102 0.0856771 0.127315 
0 0.691927 0.037037 0.040625 0.0648148 
0 0.604427 0.0372685 0.0479167 0.074537 
0 0.780859 0.418287 0.0570313 0.134722 
0 0.795443 0.920139 0.0638021 0.0884259 
0 0.0714844 0.201852 0.0460938 0.0694444 
0 0.363281 0.235648 0.06875 0.0768519 
0 0.829557 0.133565 0.0335938 0.075463 
0 0.55612 0.805093 0.0481771 0.087037 
0 0.698698 0.349074 0.0927083 0.0768519 
0 0.246745 0.170139 0.0377604 0.0643518 
0 0.349349 0.936574 0.0419271 0.0851852 
0 0.0778646 0.365741 0.0473958 0.0777778 
0 0.589323 0.412731 0.0380208 0.106944 
0 0.708073 0.225694 0.0645833 0.0597222 
0 0.266016 0.420139 0.0367187 0.0791667 
0 0.410677 0.659259 0.0375 0.0601852 
0 0.727604 0.527778 0.0385417 0.0685185 
0 0.104036 0.724769 0.0414063 0.0671296 
0 0.226823 0.378704 0.0479167 0.0592593 
0 0.48138 0.200231 0.0325521 0.0893519 
0 0.715755 0.84838 0.0705729 0.118056 
0 0.39987 0.834954 0.0445312 0.0662037 
0 0.505859 0.0599537 0.0518229 0.0643518 
0 0.479167 0.397685 0.046875 0.0592593 
0 0.614844 0.834722 0.0203125 0.0787037 
0 0.320443 0.858102 0.0341146 0.0421296 
0 0.166667 0.136574 0.0526042 0.0472222 
0 0.602083 0.292593 0.0369792 0.0935185 
0 0.328646 0.0444444 0.0625 0.0425926 
0 0.379427 0.90787 0.0427083 0.0481481 
0 0.158073 0.180556 0.0348958 0.0731481 
0 0.533203 0.166898 0.0690104 0.0550926 
0 0.377865 0.514352 0.0427083 0.0462963 
0 0.438932 0.815278 0.0424479 0.0953704 
0 0.0216146 0.68287 0.0432292 0.0666667 
0 0.680208 0.614583 0.0380208 0.0893519 
0 0.517057 0.422222 0.0414063 0.0731481 
0 0.510156 0.471065 0.0338542 0.050463 
0 0.505469 0.346991 0.0526042 0.0736111 
0 0.239714 0.459259 0.0528646 0.0814815 
0 0.409896 0.741667 0.0302083 0.108333 
0 0.547396 0.868981 0.03125 0.0657407 
0 0.45651 0.682407 0.0583333 0.0666667 
0 0.353516 0.594444 0.0320312 0.062963 
0 0.248307 0.943519 0.0393229 0.075 
0 0.141667 0.600694 0.0479167 0.0615741 
0 0.097526 0.96088 0.0460938 0.0662037 
0 0.214844 0.0851852 0.0270833 0.0564815 
0 0.42474 0.359722 0.0541667 0.062963 
0 0.467578 0.744907 0.0393229 0.0518519 
0 0.245833 0.815972 0.0223958 0.075463 
