0 0.683594 0.860185 0.0583333 0.175 
0 0.540495 0.146759 0.0971354 0.10463 
0 0.65625 0.479167 0.0354167 0.0703704 
0 0.440495 0.262963 0.0690104 0.0796296 
0 0.651823 0.353704 0.0786458 0.0685185 
0 0.449479 0.455324 0.0895833 0.0615741 
0 0.314714 0.620139 0.0367187 0.0597222 
0 0.663021 0.140509 0.0713542 0.10787 
0 0.494792 0.26875 0.0354167 0.0800926 
0 0.476042 0.709722 0.0463542 0.128704 
0 0.636198 0.845139 0.0265625 0.0791667 
0 0.561458 0.821991 0.0328125 0.0865741 
0 0.50638 0.758333 0.0539063 0.0509259 
0 0.0903646 0.540741 0.0609375 0.0666667 
0 0.696224 0.273148 0.0471354 0.0935185 
0 0.727083 0.150463 0.113021 0.0861111 
0 0.297917 0.850694 0.0354167 0.1375 
0 0.18737 0.56713 0.0507812 0.075 
0 0.544401 0.482639 0.0664062 0.0541667 
0 0.371615 0.481944 0.0390625 0.0638889 
0 0.508724 0.700926 0.0580729 0.102778 
0 0.0438802 0.355787 0.0356771 0.0819444 
0 0.16862 0.392361 0.0335938 0.0930556 
0 0.111719 0.813426 0.0572917 0.0675926 
0 0.333984 0.741204 0.0205729 0.0861111 
0 0.680078 0.701389 0.0955729 0.0712963 
0 0.528776 0.0534722 0.0450521 0.0615741 
0 0.143359 0.659722 0.0653646 0.0546296 
0 0.266406 0.796065 0.0296875 0.0634259 
0 0.0209635 0.0490741 0.0403646 0.0518519 
0 0.51849 0.571759 0.0447917 0.118519 
0 0.115234 0.127546 0.0445312 0.127315 
0 0.626042 0.312963 0.0713542 0.0675926 
0 0.33138 0.950463 0.0257812 0.0814815 
0 0.586458 0.390509 0.0791667 0.0689815 
0 0.621094 0.123148 0.0458333 0.0657407 
0 0.473177 0.501852 0.0625 0.0453704 
0 0.278776 0.169213 0.0585938 0.0578704 
0 0.109635 0.216204 0.0744792 0.0712963 
0 0.350911 0.838657 0.0273438 0.0967593 
0 0.455859 0.646991 0.0658854 0.0680556 
0 0.26875 0.631481 0.0395833 0.0398148 
0 0.169661 0.0416667 0.0450521 0.0712963 
0 0.538672 0.911574 0.0398437 0.05 
0 0.208073 0.84537 0.0765625 0.0564815 
0 0.131901 0.911343 0.0231771 0.0625 
0 0.979427 0.0912037 0.0401042 0.0546296 
0 0.523438 0.933102 0.0666667 0.0662037 
0 0.16237 0.77037 0.0398437 0.0694444 
0 0.214844 0.921759 0.0463542 0.0611111 
0 0.406771 0.925231 0.0375 0.10787 
0 0.16888 0.168287 0.0440104 0.106019 
0 0.138672 0.61713 0.0476562 0.0638889 
0 0.128385 0.965278 0.046875 0.0638889 
0 0.318359 0.112269 0.0382813 0.111574 
0 0.142188 0.298843 0.0895833 0.0717593 
0 0.216276 0.208796 0.0674479 0.0805556 
0 0.586458 0.945139 0.0359375 0.0467593 
0 0.23776 0.708333 0.0739583 0.0537037 
