0 0.240625 0.228241 0.0619792 0.0851852 
0 0.541536 0.31412 0.0638021 0.121759 
0 0.615234 0.339815 0.0971354 0.0712963 
0 0.339583 0.235648 0.115625 0.0972222 
0 0.895573 0.570602 0.0354167 0.104167 
0 0.549349 0.227778 0.0325521 0.184259 
0 0.0786458 0.349306 0.0927083 0.145833 
0 0.963802 0.524306 0.0401042 0.0856481 
0 0.328125 0.149769 0.0854167 0.144907 
0 0.750521 0.524769 0.0401042 0.0912037 
0 0.40599 0.627083 0.0317708 0.139352 
0 0.938542 0.75787 0.0333333 0.0638889 
0 0.0705729 0.670833 0.0411458 0.0648148 
0 0.735807 0.677546 0.0476562 0.0865741 
0 0.383724 0.161111 0.0403646 0.123148 
0 0.146484 0.897685 0.0361979 0.0657407 
0 0.18112 0.531713 0.0408854 0.099537 
0 0.675391 0.234954 0.0492188 0.0856481 
0 0.888672 0.658333 0.0591146 0.10463 
0 0.195964 0.262731 0.0434896 0.18287 
0 0.258333 0.347454 0.0453125 0.144907 
0 0.986849 0.758565 0.0221354 0.115278 
0 0.630339 0.599306 0.0622396 0.0819444 
0 0.0714844 0.521759 0.0705729 0.0638889 
0 0.283984 0.522454 0.0351562 0.0902778 
0 0.319401 0.599769 0.0309896 0.0615741 
0 0.0820312 0.595602 0.0869792 0.0847222 
0 0.713411 0.513889 0.0513021 0.0777778 
0 0.738672 0.18588 0.0445312 0.0578704 
0 0.669401 0.358102 0.0414063 0.122685 
0 0.326172 0.777083 0.0393229 0.101389 
0 0.486849 0.508565 0.0492188 0.0634259 
0 0.0964844 0.438889 0.0414063 0.0759259 
0 0.821354 0.564583 0.0296875 0.113426 
0 0.900391 0.792824 0.0351562 0.1125 
0 0.617708 0.246991 0.0536458 0.0717593 
0 0.826172 0.799537 0.0367187 0.0962963 
0 0.73724 0.0969907 0.0703125 0.0643518 
0 0.240885 0.820139 0.0348958 0.0680556 
0 0.819271 0.921991 0.04375 0.0597222 
0 0.523828 0.474306 0.0257812 0.0958333 
0 0.520052 0.362037 0.0552083 0.0546296 
0 0.0933594 0.752315 0.0570313 0.0574074 
0 0.348958 0.403009 0.0520833 0.122685 
0 0.366146 0.559491 0.0322917 0.0643518 
0 0.371354 0.901157 0.0416667 0.0884259 
0 0.890625 0.274537 0.0713542 0.062037 
0 0.817318 0.671759 0.0393229 0.075 
0 0.664062 0.450463 0.0567708 0.0907407 
0 0.201172 0.80162 0.0315104 0.13287 
0 0.236979 0.478472 0.0338542 0.130093 
0 0.564453 0.924537 0.0294271 0.110185 
0 0.894531 0.96875 0.028125 0.0587963 
0 0.455859 0.34838 0.0257812 0.0578704 
0 0.388281 0.970602 0.0671875 0.0587963 
0 0.0803385 0.119676 0.0429688 0.0421296 
0 0.354036 0.450463 0.0486979 0.0648148 
0 0.140365 0.429167 0.0510417 0.100926 
0 0.719271 0.0391204 0.0380208 0.0773148 
0 0.942448 0.119444 0.0317708 0.05 
0 0.791016 0.821296 0.0341146 0.0648148 
0 0.665495 0.700926 0.0585938 0.0657407 
0 0.231901 0.942593 0.0617188 0.0648148 
0 0.184375 0.0212963 0.0479167 0.0416667 
