0 0.895964 0.244676 0.0601562 0.108796 
0 0.503516 0.763194 0.0643229 0.0680556 
0 0.900911 0.606713 0.0434896 0.0699074 
0 0.807682 0.35463 0.0377604 0.0944444 
0 0.660547 0.634954 0.0497396 0.075463 
0 0.368359 0.609722 0.0429688 0.0601852 
0 0.445052 0.403704 0.0692708 0.0740741 
0 0.91888 0.382407 0.0419271 0.0574074 
0 0.13724 0.503472 0.0427083 0.109722 
0 0.0860677 0.560417 0.0486979 0.074537 
0 0.807682 0.472917 0.0664062 0.0689815 
0 0.870182 0.855324 0.0533854 0.0662037 
0 0.440625 0.972222 0.0515625 0.0555556 
0 0.46875 0.580787 0.0380208 0.0634259 
0 0.563411 0.709259 0.0658854 0.062037 
0 0.179036 0.464815 0.0466146 0.0787037 
0 0.664062 0.535648 0.05 0.0768519 
0 0.558594 0.173148 0.0520833 0.0768519 
0 0.838932 0.763426 0.0617188 0.062037 
0 0.251953 0.807407 0.0403646 0.0796296 
0 0.684505 0.972222 0.0549479 0.0555556 
0 0.0544271 0.923611 0.059375 0.087963 
0 0.872656 0.700694 0.0494792 0.0569444 
0 0.988281 0.319676 0.0192708 0.0921296 
0 0.0950521 0.490278 0.0442708 0.062037 
0 0.33099 0.735648 0.0619792 0.0916667 
0 0.936979 0.509722 0.0796875 0.0731481 
0 0.346875 0.971991 0.0557292 0.0560185 
