0 0.609896 0.280324 0.0453125 0.10787 
0 0.702604 0.401389 0.0671875 0.0962963 
0 0.911198 0.141667 0.0489583 0.132407 
0 0.803255 0.799306 0.0455729 0.0773148 
0 0.214193 0.397917 0.0507812 0.0523148 
0 0.205859 0.326852 0.0315104 0.0972222 
0 0.76862 0.351852 0.0570313 0.0712963 
0 0.784635 0.484491 0.0713542 0.0606481 
0 0.973698 0.252546 0.0510417 0.075463 
0 0.0283854 0.551157 0.0526042 0.113426 
0 0.241276 0.0296296 0.0309896 0.05 
0 0.0513021 0.257176 0.0401042 0.0587963 
0 0.0940104 0.397454 0.0609375 0.0828704 
0 0.338542 0.741435 0.0473958 0.0578704 
0 0.827604 0.346065 0.0369792 0.0856481 
0 0.479948 0.665046 0.0390625 0.0486111 
0 0.320833 0.339815 0.0572917 0.0574074 
0 0.79388 0.895139 0.0351562 0.0689815 
0 0.406641 0.512269 0.0424479 0.0717593 
0 0.238281 0.296296 0.0286458 0.124074 
0 0.0207031 0.195602 0.0388021 0.0625 
0 0.610417 0.444444 0.0359375 0.0981481 
0 0.548307 0.559028 0.0315104 0.105093 
0 0.350911 0.446065 0.0403646 0.0875 
