0 0.573177 0.0689815 0.0390625 0.126852 
0 0.457812 0.862963 0.0489583 0.12037 
0 0.670313 0.107176 0.0416667 0.0800926 
0 0.889193 0.0462963 0.0742188 0.0916667 
0 0.741667 0.277778 0.0395833 0.14537 
0 0.0941406 0.700694 0.0315104 0.118056 
0 0.220443 0.46713 0.0434896 0.103704 
0 0.491797 0.121296 0.0299479 0.0472222 
0 0.123438 0.956713 0.0375 0.0828704 
0 0.663542 0.35787 0.0348958 0.119444 
0 0.526823 0.514815 0.0822917 0.0648148 
0 0.276302 0.799074 0.034375 0.103704 
0 0.547266 0.31412 0.0393229 0.0652778 
0 0.737891 0.894907 0.0752604 0.0712963 
0 0.615234 0.724306 0.0565104 0.0717593 
0 0.459766 0.0365741 0.0294271 0.0666667 
0 0.284505 0.506944 0.0554687 0.0675926 
0 0.368099 0.841204 0.0523437 0.0611111 
0 0.948698 0.527083 0.046875 0.0560185 
0 0.0816406 0.871528 0.0539063 0.125463 
0 0.509245 0.877546 0.0434896 0.10787 
0 0.941797 0.759028 0.0513021 0.0680556 
0 0.355208 0.697917 0.0583333 0.0717593 
0 0.0428385 0.527546 0.0674479 0.0736111 
0 0.0259115 0.34375 0.0513021 0.0847222 
