0 0.844792 0.209028 0.0489583 0.177315 
0 0.715755 0.10463 0.0731771 0.0657407 
0 0.808984 0.270833 0.0528646 0.0666667 
0 0.432031 0.128009 0.05625 0.0902778 
0 0.496224 0.161806 0.0320312 0.0939815 
0 0.785156 0.408796 0.0723958 0.157407 
0 0.874609 0.437037 0.0877604 0.146296 
0 0.633854 0.184491 0.0348958 0.0939815 
0 0.582422 0.77037 0.0486979 0.0555556 
0 0.103385 0.831481 0.0380208 0.0694444 
0 0.566406 0.956481 0.0322917 0.0861111 
0 0.392578 0.955787 0.0648438 0.0550926 
0 0.771484 0.651157 0.0549479 0.0652778 
0 0.381641 0.88588 0.0414063 0.0643518 
0 0.326302 0.0898148 0.0338542 0.087963 
0 0.797396 0.51088 0.0875 0.0893519 
0 0.590365 0.0363426 0.0526042 0.0662037 
0 0.348307 0.511343 0.0643229 0.0430556 
0 0.269271 0.765972 0.0432292 0.106944 
0 0.278776 0.330787 0.0481771 0.0458333 
0 0.479557 0.284028 0.0440104 0.049537 
0 0.422526 0.732407 0.0544271 0.0462963 
0 0.345443 0.454398 0.0315104 0.0763889 
0 0.267839 0.493056 0.0335938 0.0833333 
0 0.604036 0.386574 0.0315104 0.0583333 
0 0.282292 0.0738426 0.0458333 0.0763889 
0 0.0278646 0.102083 0.046875 0.0625 
0 0.219401 0.0712963 0.0533854 0.0407407 
0 0.0545573 0.652315 0.0351562 0.0574074 
0 0.48138 0.612037 0.0460938 0.0731481 
0 0.675781 0.546296 0.0541667 0.0601852 
0 0.680599 0.590741 0.0476562 0.0759259 
0 0.736719 0.868981 0.0328125 0.0574074 
0 0.654297 0.209491 0.0361979 0.0717593 
0 0.505859 0.753009 0.0523437 0.075463 
0 0.165755 0.030787 0.0408854 0.0513889 
0 0.378646 0.288194 0.0442708 0.0615741 
0 0.727604 0.274074 0.0364583 0.0518519 
0 0.647917 0.416435 0.0489583 0.0902778 
0 0.713411 0.9 0.0533854 0.0842593 
0 0.400391 0.359954 0.0471354 0.0393519 
0 0.0928385 0.413194 0.0309896 0.0337963 
0 0.207161 0.43125 0.0518229 0.0532407 
0 0.0882813 0.883102 0.034375 0.0421296 
0 0.640104 0.826852 0.0520833 0.0601852 
0 0.554688 0.659722 0.0375 0.112037 
0 0.575781 0.160648 0.0411458 0.133333 
0 0.504427 0.972222 0.0411458 0.0555556 
0 0.647917 0.119444 0.0552083 0.0453704 
0 0.517187 0.544213 0.05625 0.074537 
0 0.413542 0.339352 0.0380208 0.0611111 
0 0.455339 0.0324074 0.0580729 0.0537037 
0 0.0513021 0.981481 0.0411458 0.037037 
0 0.307943 0.216667 0.0476562 0.0333333 
0 0.570312 0.876852 0.0270833 0.0657407 
0 0.974609 0.851389 0.0247396 0.0435185 
0 0.442969 0.480093 0.0364583 0.062037 
0 0.111979 0.977083 0.0614583 0.0458333 
0 0.105339 0.168981 0.0315104 0.0592593 
