0 0.420182 0.267361 0.0669271 0.100463 
0 0.63724 0.205787 0.125 0.116204 
0 0.177865 0.336111 0.0416667 0.135185 
0 0.857943 0.588426 0.111198 0.0796296 
0 0.731901 0.45787 0.0533854 0.0768519 
0 0.964844 0.0472222 0.0390625 0.0685185 
0 0.708464 0.317361 0.0736979 0.0819444 
0 0.479688 0.169444 0.040625 0.0712963 
0 0.622526 0.742593 0.0518229 0.0648148 
0 0.49362 0.435648 0.0856771 0.062963 
0 0.751432 0.906944 0.0356771 0.0601852 
0 0.410937 0.0486111 0.0713542 0.0685185 
0 0.488281 0.684028 0.0854167 0.0652778 
0 0.785156 0.240509 0.106771 0.0643518 
0 0.345964 0.70625 0.0356771 0.0560185 
0 0.609375 0.451852 0.034375 0.112963 
0 0.517187 0.75625 0.0317708 0.173611 
0 0.315365 0.797685 0.0614583 0.062037 
0 0.666406 0.893287 0.0932292 0.0893519 
0 0.776823 0.757407 0.0354167 0.0444444 
0 0.57474 0.826389 0.0505208 0.0444444 
0 0.0736979 0.17963 0.0588542 0.0481481 
0 0.0946615 0.964352 0.0486979 0.0648148 
0 0.736328 0.391204 0.0263021 0.0527778 
0 0.417448 0.198148 0.0526042 0.0462963 
0 0.513151 0.283796 0.0497396 0.0722222 
0 0.0583333 0.649306 0.04375 0.0486111 
0 0.0208333 0.518981 0.0416667 0.0425926 
0 0.257031 0.393287 0.0817708 0.0513889 
0 0.557682 0.245139 0.0361979 0.165278 
0 0.0878906 0.0724537 0.0544271 0.0513889 
0 0.407422 0.737037 0.0278646 0.075 
0 0.167187 0.893981 0.0416667 0.135185 
0 0.63138 0.393519 0.0325521 0.0833333 
0 0.623047 0.0425926 0.0242187 0.0851852 
0 0.435807 0.762269 0.0263021 0.0763889 
0 0.221615 0.237963 0.0442708 0.0759259 
0 0.0677083 0.486111 0.0291667 0.0472222 
0 0.01875 0.280093 0.0359375 0.0592593 
0 0.920964 0.2625 0.0341146 0.0638889 
0 0.227734 0.157407 0.0523437 0.0518519 
0 0.4375 0.0300926 0.0307292 0.0592593 
0 0.117057 0.500694 0.0236979 0.0680556 
0 0.517578 0.537731 0.0888021 0.140278 
0 0.577214 0.0571759 0.0346354 0.0949074 
0 0.138021 0.810417 0.0671875 0.0458333 
0 0.289193 0.741435 0.0481771 0.0523148 
0 0.279818 0.265509 0.0309896 0.0819444 
0 0.30612 0.03125 0.0346354 0.0597222 
0 0.528255 0.963657 0.0408854 0.0476852 
0 0.260026 0.107176 0.0533854 0.0615741 
0 0.111849 0.263657 0.0450521 0.0412037 
0 0.146745 0.122685 0.0419271 0.0740741 
0 0.0164062 0.460185 0.0322917 0.0509259 
0 0.164453 0.531482 0.0408854 0.087037 
0 0.952214 0.542593 0.0388021 0.0564815 
0 0.130208 0.400463 0.0286458 0.100926 
0 0.703516 0.843056 0.0356771 0.0833333 
0 0.382161 0.72963 0.0528646 0.0555556 
0 0.235417 0.861111 0.0734375 0.0851852 
0 0.43125 0.624537 0.0385417 0.062963 
0 0.167318 0.190509 0.0398437 0.0856481 
