0 0.454297 0.678472 0.0617188 0.108796 
0 0.564453 0.37338 0.0476562 0.0837963 
0 0.697786 0.39213 0.0330729 0.0638889 
0 0.592318 0.202315 0.0643229 0.0731481 
0 0.469792 0.84213 0.0395833 0.0907407 
0 0.488542 0.469213 0.0625 0.0541667 
0 0.551172 0.677083 0.0445312 0.104167 
0 0.543359 0.186343 0.0309896 0.135648 
0 0.860807 0.762269 0.0596354 0.0541667 
0 0.39987 0.287037 0.0664062 0.0648148 
0 0.336719 0.574306 0.0338542 0.0689815 
0 0.257812 0.0268519 0.0515625 0.0537037 
0 0.250521 0.417593 0.0390625 0.0592593 
0 0.661719 0.94537 0.0520833 0.0638889 
0 0.165104 0.512037 0.059375 0.0703704 
0 0.349349 0.908796 0.0554687 0.0638889 
0 0.621094 0.509028 0.0770833 0.0662037 
0 0.395312 0.77338 0.0416667 0.0486111 
0 0.725651 0.056713 0.0419271 0.0865741 
0 0.566797 0.850694 0.0393229 0.18287 
0 0.526823 0.809954 0.0385417 0.0828704 
0 0.217057 0.316898 0.0377604 0.0532407 
0 0.260807 0.124306 0.0445312 0.0513889 
0 0.633333 0.681019 0.0536458 0.0509259 
0 0.689844 0.05625 0.0432292 0.108796 
0 0.387891 0.978241 0.0346354 0.0435185 
0 0.522526 0.677083 0.0393229 0.0736111 
0 0.511198 0.575 0.0609375 0.0574074 
0 0.316146 0.222917 0.04375 0.0523148 
0 0.448698 0.288657 0.03125 0.120833 
0 0.11888 0.751389 0.0523437 0.0546296 
0 0.700651 0.125926 0.0424479 0.0490741 
0 0.477865 0.754861 0.0505208 0.0847222 
0 0.296875 0.0965278 0.0442708 0.0652778 
0 0.66263 0.578935 0.0289063 0.0597222 
0 0.785156 0.149074 0.0807292 0.0694444 
0 0.593229 0.24375 0.025 0.0560185 
0 0.919922 0.420139 0.0481771 0.074537 
0 0.271224 0.161574 0.0476562 0.0435185 
