0 0.683073 0.452546 0.0604167 0.0652778 
0 0.369531 0.684028 0.0427083 0.0921296 
0 0.780339 0.480093 0.113281 0.0824074 
0 0.707552 0.60625 0.0484375 0.113426 
0 0.430469 0.579861 0.0458333 0.0560185 
0 0.594141 0.23588 0.0398437 0.0458333 
0 0.538151 0.114583 0.0695312 0.0671296 
0 0.175651 0.351389 0.0424479 0.05 
0 0.546875 0.0273148 0.0619792 0.0537037 
0 0.535156 0.295602 0.0453125 0.0652778 
0 0.573307 0.717824 0.0335938 0.0773148 
0 0.597656 0.601157 0.0401042 0.0476852 
0 0.302734 0.711806 0.0440104 0.0810185 
0 0.777344 0.413657 0.0598958 0.0671296 
0 0.427474 0.04375 0.0361979 0.0865741 
0 0.634766 0.436806 0.0361979 0.101389 
0 0.48776 0.162963 0.0489583 0.05 
0 0.451953 0.922685 0.0492188 0.0685185 
0 0.898438 0.153241 0.0489583 0.087963 
0 0.471094 0.506481 0.0265625 0.0833333 
0 0.494531 0.286111 0.0322917 0.122222 
0 0.366927 0.821991 0.0442708 0.0800926 
0 0.239844 0.372685 0.0546875 0.0490741 
0 0.170312 0.636111 0.0494792 0.0416667 
0 0.0377604 0.346991 0.0390625 0.0597222 
0 0.382682 0.340972 0.0361979 0.0671296 
0 0.417448 0.928935 0.0411458 0.10787 
0 0.651823 0.644907 0.0364583 0.062037 
0 0.326953 0.555556 0.0372396 0.0842593 
0 0.597656 0.185417 0.0541667 0.0560185 
0 0.23151 0.734259 0.0442708 0.0435185 
0 0.648828 0.966204 0.0393229 0.0657407 
0 0.0519531 0.0997685 0.0325521 0.0699074 
0 0.586979 0.860185 0.0526042 0.0666667 
0 0.604427 0.942593 0.0369792 0.0518519 
0 0.647526 0.315509 0.0356771 0.0689815 
0 0.423568 0.296528 0.0424479 0.0625 
0 0.323177 0.847685 0.0416667 0.0740741 
0 0.372135 0.565046 0.0364583 0.0615741 
0 0.266797 0.462269 0.0372396 0.0699074 
