0 0.648958 0.911343 0.0625 0.118981 
0 0.478516 0.679861 0.0486979 0.0523148 
0 0.673307 0.624537 0.0393229 0.0814815 
0 0.496615 0.825694 0.0411458 0.0717593 
0 0.194792 0.18588 0.046875 0.0652778 
0 0.686589 0.684954 0.0403646 0.108796 
0 0.626432 0.378472 0.0398437 0.049537 
0 0.723698 0.137731 0.0526042 0.0773148 
0 0.365495 0.178704 0.0559896 0.0648148 
0 0.667448 0.496991 0.0333333 0.0884259 
0 0.427734 0.954861 0.0419271 0.0782407 
0 0.386979 0.609028 0.0401042 0.0717593 
0 0.685547 0.0425926 0.0346354 0.0851852 
0 0.685547 0.382176 0.0398437 0.0726852 
0 0.625 0.59838 0.0598958 0.0643518 
0 0.436979 0.790741 0.0302083 0.1 
0 0.746094 0.33912 0.0567708 0.129167 
0 0.452083 0.0655093 0.04375 0.0625 
0 0.182422 0.465278 0.0393229 0.0527778 
0 0.32474 0.509491 0.040625 0.0828704 
0 0.27474 0.249074 0.0520833 0.0564815 
0 0.390885 0.469907 0.0390625 0.0898148 
0 0.240495 0.811574 0.0539063 0.0657407 
0 0.497526 0.289815 0.0304688 0.102778 
0 0.830078 0.103241 0.0768229 0.0722222 
0 0.409245 0.570139 0.0356771 0.0782407 
0 0.435677 0.901157 0.0364583 0.0625 
0 0.321224 0.825926 0.0679687 0.0648148 
0 0.703125 0.845139 0.03125 0.0634259 
0 0.257031 0.183333 0.0526042 0.0435185 
0 0.411328 0.229398 0.0481771 0.0513889 
0 0.674349 0.149306 0.0335938 0.136574 
0 0.442578 0.697454 0.0367187 0.0893519 
0 0.408984 0.909722 0.0335938 0.100926 
0 0.522917 0.0363426 0.0276042 0.0717593 
0 0.797786 0.165278 0.0502604 0.0666667 
0 0.908594 0.718518 0.0432292 0.0694444 
0 0.465365 0.726157 0.0447917 0.0467593 
0 0.520052 0.663657 0.0411458 0.099537 
0 0.923307 0.836343 0.0388021 0.0643518 
0 0.604948 0.469907 0.0395833 0.0666667 
0 0.216667 0.107176 0.0395833 0.0439815 
0 0.553776 0.827315 0.0445312 0.0583333 
0 0.574219 0.030787 0.0385417 0.0578704 
0 0.348437 0.368056 0.0401042 0.102778 
0 0.594271 0.316667 0.0286458 0.0740741 
0 0.501432 0.0712963 0.0309896 0.0824074 
0 0.641667 0.686574 0.0432292 0.05 
0 0.295703 0.358102 0.0611979 0.0587963 
0 0.445312 0.385185 0.0390625 0.0583333 
