0 0.695833 0.427083 0.0369792 0.156019 
0 0.586458 0.600926 0.0463542 0.0861111 
0 0.930729 0.638889 0.0473958 0.116667 
0 0.664062 0.733565 0.0385417 0.0949074 
0 0.153646 0.638889 0.0546875 0.114815 
0 0.716797 0.310648 0.0320312 0.118519 
0 0.953516 0.569907 0.0304688 0.0583333 
0 0.432161 0.443981 0.0408854 0.0648148 
0 0.479948 0.751852 0.0328125 0.0916667 
0 0.652344 0.577546 0.0359375 0.0550926 
0 0.375911 0.960185 0.0382813 0.0787037 
0 0.28763 0.498148 0.0273438 0.0722222 
0 0.50638 0.396991 0.0466146 0.100463 
0 0.954036 0.45 0.0382813 0.118519 
0 0.792969 0.688889 0.0411458 0.075 
0 0.758724 0.92963 0.0513021 0.0990741 
0 0.08125 0.799769 0.0359375 0.0671296 
0 0.859375 0.851157 0.0401042 0.0819444 
0 0.678776 0.946991 0.0591146 0.0800926 
0 0.776823 0.317361 0.0411458 0.0662037 
0 0.278776 0.974769 0.0434896 0.050463 
0 0.408724 0.835417 0.0429688 0.049537 
0 0.576563 0.94375 0.0411458 0.0930556 
0 0.416016 0.953935 0.0372396 0.0902778 
0 0.533594 0.910648 0.03125 0.0601852 
0 0.388932 0.434954 0.0419271 0.0578704 
0 0.869141 0.514583 0.0315104 0.0717593 
0 0.902344 0.889815 0.0583333 0.0527778 
0 0.283464 0.430556 0.0273438 0.0694444 
0 0.498958 0.621065 0.0359375 0.0625 
0 0.332031 0.731481 0.028125 0.0944444 
0 0.186719 0.734954 0.0348958 0.0976852 
0 0.212891 0.846296 0.0570313 0.0768519 
0 0.752474 0.612963 0.0361979 0.0546296 
