0 0.223958 0.766435 0.0760417 0.0847222 
0 0.296615 0.493519 0.0416667 0.174074 
0 0.784635 0.464352 0.0479167 0.134259 
0 0.67474 0.54375 0.0453125 0.121759 
0 0.185156 0.361111 0.0442708 0.112037 
0 0.638281 0.852315 0.0578125 0.138889 
0 0.18737 0.564815 0.0622396 0.062037 
0 0.957031 0.684954 0.0536458 0.0708333 
0 0.736849 0.682176 0.0450521 0.0921296 
0 0.264974 0.302546 0.0434896 0.0634259 
0 0.795833 0.910648 0.0526042 0.108333 
0 0.279036 0.06875 0.0388021 0.0708333 
0 0.402604 0.647454 0.0614583 0.0615741 
0 0.341797 0.298611 0.0320312 0.0564815 
0 0.575651 0.51875 0.0346354 0.101389 
0 0.0285156 0.948611 0.0570313 0.102778 
0 0.744141 0.455556 0.0445312 0.0472222 
0 0.446875 0.611111 0.0375 0.0944444 
0 0.719792 0.604167 0.0557292 0.0490741 
0 0.60638 0.950463 0.0414063 0.0916667 
0 0.506901 0.375463 0.0585938 0.0564815 
0 0.684635 0.822917 0.0338542 0.106944 
0 0.73776 0.84213 0.0411458 0.062037 
0 0.0192708 0.360417 0.0364583 0.0773148 
0 0.525391 0.855324 0.0341146 0.0800926 
0 0.931641 0.907176 0.0393229 0.101389 
