0 0.395052 0.241204 0.0630208 0.111111 
0 0.95599 0.486111 0.0708333 0.122222 
0 0.966276 0.805556 0.0434896 0.112963 
0 0.829557 0.516204 0.0393229 0.118519 
0 0.645052 0.0571759 0.0390625 0.114352 
0 0.458333 0.0921296 0.0494792 0.115741 
0 0.0486979 0.614583 0.0619792 0.0976852 
0 0.967188 0.0972222 0.0541667 0.108333 
0 0.623047 0.130324 0.0367187 0.0634259 
0 0.875391 0.569907 0.0559896 0.119444 
0 0.161068 0.892361 0.0507812 0.0847222 
0 0.971224 0.702315 0.0565104 0.062037 
0 0.123307 0.239583 0.0507812 0.0708333 
0 0.702734 0.125463 0.0835937 0.0861111 
0 0.916406 0.600694 0.0328125 0.0875 
0 0.69974 0.499769 0.0296875 0.106019 
0 0.0782552 0.950463 0.0351562 0.0990741 
0 0.0317708 0.92963 0.0354167 0.0916667 
0 0.429948 0.49213 0.0447917 0.0842593 
0 0.766146 0.211343 0.0635417 0.0606481 
0 0.776432 0.9 0.0403646 0.0601852 
0 0.435026 0.0321759 0.0450521 0.0578704 
0 0.719661 0.934028 0.0929687 0.0587963 
0 0.260286 0.880556 0.0669271 0.0731481 
0 0.382161 0.969676 0.0382813 0.0606481 
0 0.347656 0.919444 0.059375 0.0916667 
0 0.678255 0.428472 0.0763021 0.0578704 
0 0.55026 0.218519 0.0375 0.0925926 
0 0.105729 0.837731 0.0421875 0.0875 
0 0.388932 0.423611 0.0559896 0.0583333 
0 0.0921875 0.404167 0.0572917 0.112037 
0 0.666016 0.809722 0.0341146 0.0916667 
0 0.191797 0.477083 0.0393229 0.131944 
0 0.929688 0.84838 0.0598958 0.0662037 
0 0.58112 0.75 0.0518229 0.128704 
0 0.30013 0.272222 0.0565104 0.0638889 
0 0.140495 0.611343 0.0351562 0.0810185 
0 0.136328 0.426389 0.0544271 0.0611111 
0 0.332422 0.160185 0.0966146 0.0722222 
0 0.498047 0.882639 0.0570313 0.0736111 
0 0.465495 0.239352 0.0627604 0.0657407 
0 0.495182 0.609491 0.0450521 0.0615741 
0 0.826172 0.928009 0.0507812 0.0662037 
0 0.891536 0.715741 0.0455729 0.0564815 
0 0.943359 0.640972 0.0283854 0.0680556 
0 0.268099 0.770139 0.0325521 0.0976852 
0 0.268359 0.108796 0.0445312 0.1 
0 0.485547 0.814583 0.0466146 0.115278 
0 0.547266 0.900231 0.0460938 0.131019 
0 0.635807 0.230093 0.0481771 0.0601852 
0 0.479688 0.958333 0.0567708 0.0712963 
0 0.886719 0.381481 0.090625 0.0657407 
0 0.117578 0.951389 0.0408854 0.0564815 
0 0.021875 0.725231 0.0427083 0.0773148 
0 0.0813802 0.684491 0.0408854 0.0800926 
0 0.617188 0.9625 0.0276042 0.0694444 
