0 0.245833 0.05625 0.0515625 0.104167 
0 0.551172 0.0581019 0.0518229 0.0893519 
0 0.501432 0.260185 0.0648438 0.12963 
0 0.340885 0.177778 0.0395833 0.0768519 
0 0.322005 0.366204 0.0429688 0.107407 
0 0.428516 0.259491 0.0606771 0.0726852 
0 0.180208 0.0694444 0.040625 0.123148 
0 0.489323 0.34537 0.0270833 0.0981481 
0 0.808594 0.0627315 0.0625 0.108796 
0 0.951172 0.226389 0.0476562 0.103704 
0 0.424349 0.127083 0.0341146 0.0523148 
0 0.876562 0.57338 0.0479167 0.0634259 
0 0.9375 0.122685 0.0630208 0.062963 
0 0.396224 0.83125 0.0361979 0.0699074 
0 0.286458 0.106481 0.0322917 0.0768519 
0 0.253906 0.13287 0.0416667 0.0666667 
0 0.145573 0.100231 0.0348958 0.125463 
0 0.954167 0.397454 0.0645833 0.0837963 
0 0.526953 0.572454 0.0372396 0.100463 
0 0.729948 0.488657 0.0395833 0.0643518 
0 0.566406 0.197454 0.0510417 0.0578704 
0 0.711979 0.105093 0.0609375 0.0898148 
0 0.0971354 0.169213 0.0505208 0.0634259 
0 0.695312 0.570602 0.0338542 0.0643518 
0 0.0824219 0.2625 0.0466146 0.0861111 
0 0.157422 0.231481 0.0388021 0.0851852 
0 0.63763 0.756481 0.0513021 0.112963 
0 0.192057 0.268519 0.0533854 0.156481 
0 0.501953 0.404167 0.0388021 0.0416667 
0 0.15625 0.487037 0.0328125 0.102778 
0 0.773438 0.0706019 0.0322917 0.0939815 
0 0.397786 0.341667 0.0299479 0.0555556 
0 0.807682 0.589352 0.0591146 0.0657407 
0 0.803646 0.284491 0.0510417 0.0717593 
0 0.307161 0.260648 0.0502604 0.0638889 
0 0.605469 0.245139 0.0526042 0.0597222 
0 0.672786 0.22338 0.0445312 0.0930556 
0 0.363021 0.791204 0.046875 0.0490741 
0 0.56875 0.112731 0.0369792 0.115278 
0 0.81888 0.501852 0.0299479 0.0666667 
0 0.965365 0.73912 0.0489583 0.0986111 
0 0.774479 0.489583 0.0510417 0.0541667 
0 0.875911 0.130556 0.0408854 0.0824074 
0 0.70599 0.90787 0.0390625 0.0861111 
0 0.0904948 0.464352 0.0403646 0.0953704 
