0 0.838932 0.509954 0.0382813 0.1625 
0 0.868229 0.899306 0.0385417 0.140278 
0 0.473437 0.628935 0.05625 0.131019 
0 0.313411 0.683102 0.0294271 0.122685 
0 0.931641 0.621528 0.0559896 0.0875 
0 0.282943 0.805556 0.0549479 0.0592593 
0 0.256771 0.446528 0.0588542 0.0569444 
0 0.770573 0.96875 0.0380208 0.0625 
0 0.876562 0.406019 0.0484375 0.0462963 
0 0.103776 0.687037 0.0429688 0.102778 
0 0.164062 0.782639 0.0421875 0.0902778 
0 0.834505 0.380324 0.0414063 0.0726852 
0 0.547266 0.932407 0.0320312 0.122222 
0 0.979818 0.39375 0.0403646 0.050463 
0 0.789062 0.774769 0.0401042 0.0671296 
0 0.674219 0.378935 0.0385417 0.099537 
0 0.688542 0.571065 0.0848958 0.049537 
0 0.801172 0.325 0.0231771 0.0527778 
0 0.121094 0.875463 0.0598958 0.0712963 
0 0.0261719 0.684491 0.0497396 0.0828704 
