0 0.799349 0.538194 0.0481771 0.126389 
0 0.450911 0.884954 0.0361979 0.0800926 
0 0.871094 0.1875 0.126563 0.108333 
0 0.595182 0.825926 0.0695312 0.101852 
0 0.565495 0.363194 0.0518229 0.108796 
0 0.579167 0.188889 0.05625 0.10463 
0 0.693359 0.240972 0.0460938 0.0930556 
0 0.536719 0.615509 0.0494792 0.0912037 
0 0.0339844 0.385648 0.0367187 0.0648148 
0 0.63138 0.97037 0.0330729 0.0564815 
0 0.270964 0.266435 0.0481771 0.0671296 
0 0.391016 0.0430556 0.0341146 0.0861111 
0 0.525391 0.479861 0.0398437 0.108796 
0 0.6875 0.655093 0.0395833 0.0833333 
0 0.328385 0.0599537 0.0369792 0.0606481 
0 0.792969 0.242361 0.0385417 0.118981 
0 0.514193 0.665046 0.0643229 0.0671296 
0 0.107943 0.196759 0.0325521 0.0731481 
0 0.597656 0.614583 0.05625 0.123611 
0 0.476302 0.025463 0.0505208 0.0453704 
0 0.447005 0.18287 0.0601562 0.0898148 
0 0.650781 0.109954 0.0619792 0.0606481 
0 0.620182 0.701852 0.0393229 0.157407 
0 0.520052 0.221296 0.0604167 0.112963 
0 0.459505 0.394676 0.0393229 0.0606481 
0 0.274609 0.778241 0.0585938 0.0583333 
0 0.398177 0.725231 0.0333333 0.0939815 
0 0.104818 0.460185 0.0377604 0.0527778 
0 0.165104 0.0259259 0.0671875 0.0518519 
0 0.773828 0.315509 0.0497396 0.0597222 
0 0.291276 0.603704 0.0424479 0.0490741 
0 0.201302 0.950463 0.0463542 0.075 
0 0.161589 0.493519 0.0393229 0.0833333 
0 0.652344 0.677546 0.0484375 0.0782407 
0 0.411719 0.954167 0.034375 0.0657407 
0 0.977995 0.311343 0.0398437 0.0921296 
0 0.197526 0.689815 0.0502604 0.075 
0 0.0352865 0.0597222 0.0565104 0.0564815 
0 0.194922 0.2125 0.0320312 0.0990741 
0 0.414062 0.414815 0.0567708 0.0583333 
0 0.183333 0.289352 0.0838542 0.062037 
0 0.382943 0.506019 0.0309896 0.123148 
0 0.354297 0.570833 0.0242187 0.0398148 
0 0.370182 0.467824 0.0471354 0.0810185 
0 0.0583333 0.790741 0.0619792 0.0462963 
0 0.0714844 0.0215278 0.0523437 0.0430556 
0 0.0765625 0.566667 0.034375 0.0518519 
0 0.213021 0.437269 0.0583333 0.0606481 
0 0.251432 0.64537 0.0294271 0.0555556 
