0 0.677214 0.0659722 0.0367187 0.050463 
0 0.875391 0.124537 0.0283854 0.0740741 
0 0.897917 0.338657 0.0447917 0.0671296 
0 0.781771 0.227546 0.0369792 0.0643518 
0 0.957031 0.366204 0.0260417 0.0944444 
0 0.805208 0.160648 0.0255208 0.0435185 
0 0.539583 0.411806 0.0375 0.0458333 
0 0.479427 0.0972222 0.0354167 0.0564815 
0 0.541016 0.019213 0.0330729 0.0384259 
0 0.971224 0.288426 0.0372396 0.0462963 
0 0.0766927 0.0981481 0.0356771 0.0444444 
0 0.286198 0.0208333 0.0609375 0.0416667 
0 0.538542 0.0988426 0.034375 0.0532407 
0 0.721745 0.263426 0.0221354 0.0851852 
0 0.911068 0.49213 0.0481771 0.0796296 
0 0.844661 0.145602 0.0200521 0.0828704 
0 0.630339 0.0909722 0.0382813 0.0615741 
0 0.961979 0.508333 0.0359375 0.0592593 
0 0.822266 0.298611 0.0414063 0.0555556 
0 0.894922 0.197917 0.0460938 0.049537 
0 0.805599 0.234259 0.0325521 0.0722222 
0 0.967188 0.601157 0.0296875 0.075463 
0 0.75 0.0675926 0.0552083 0.0601852 
0 0.690885 0.288657 0.0234375 0.099537 
0 0.582031 0.455787 0.0375 0.0708333 
0 0.846224 0.0719907 0.0356771 0.0569444 
