0 0.948698 0.547685 0.0526042 0.0962963 
0 0.128255 0.419907 0.0476562 0.087037 
0 0.159375 0.861111 0.0479167 0.130556 
0 0.152865 0.624074 0.034375 0.130556 
0 0.736328 0.942593 0.0627604 0.087963 
0 0.813932 0.735417 0.0361979 0.0800926 
0 0.806641 0.419444 0.0643229 0.0962963 
0 0.646484 0.516435 0.0513021 0.0726852 
0 0.24362 0.576389 0.0419271 0.0981481 
0 0.688932 0.730093 0.0408854 0.105556 
0 0.892578 0.628935 0.0414063 0.0865741 
0 0.926172 0.83588 0.0518229 0.0810185 
0 0.75638 0.696296 0.0351562 0.103704 
0 0.350521 0.806019 0.0463542 0.0981481 
0 0.0980469 0.517361 0.0617188 0.0976852 
0 0.0605469 0.74213 0.0481771 0.0583333 
0 0.396484 0.873611 0.0346354 0.147222 
0 0.296875 0.963426 0.0442708 0.0712963 
0 0.22526 0.497454 0.05625 0.0810185 
0 0.480469 0.756944 0.0635417 0.0861111 
0 0.857422 0.591435 0.0419271 0.114352 
0 0.0770833 0.894907 0.0625 0.0731481 
0 0.546875 0.275463 0.0473958 0.0861111 
0 0.334635 0.562732 0.0598958 0.0671296 
0 0.36849 0.4875 0.0588542 0.123148 
0 0.619531 0.883565 0.0302083 0.0615741 
0 0.597266 0.514583 0.0388021 0.0578704 
0 0.382552 0.656713 0.0755208 0.0680556 
0 0.832552 0.698843 0.0364583 0.074537 
0 0.569271 0.742593 0.040625 0.0972222 
0 0.672786 0.612731 0.0330729 0.0541667 
0 0.916927 0.730093 0.0510417 0.0805556 
0 0.604948 0.55463 0.05625 0.05 
0 0.19974 0.263194 0.0421875 0.0597222 
0 0.102214 0.710417 0.0346354 0.0828704 
0 0.303255 0.648843 0.0460938 0.0569444 
0 0.464844 0.488657 0.0447917 0.050463 
0 0.231771 0.860185 0.0354167 0.037963 
0 0.264193 0.883102 0.0361979 0.0467593 
