0 0.404818 0.0439815 0.0460938 0.087037 
0 0.833984 0.138426 0.0257812 0.0675926 
0 0.919531 0.155556 0.0369792 0.128704 
0 0.127474 0.127315 0.0299479 0.0925926 
0 0.507292 0.826389 0.04375 0.126852 
0 0.478776 0.075 0.0497396 0.0712963 
0 0.733984 0.595833 0.0330729 0.0898148 
0 0.728516 0.38287 0.0408854 0.0796296 
0 0.57513 0.728704 0.0268229 0.0657407 
0 0.883333 0.13287 0.0526042 0.0712963 
0 0.755859 0.644907 0.0367187 0.0583333 
0 0.201302 0.190509 0.0291667 0.0921296 
0 0.14349 0.666667 0.0505208 0.0638889 
0 0.46263 0.149074 0.0283854 0.0537037 
0 0.345443 0.562732 0.0528646 0.0819444 
0 0.562891 0.253472 0.0544271 0.100463 
0 0.235938 0.1875 0.0395833 0.0740741 
0 0.132422 0.451852 0.0497396 0.0861111 
0 0.226432 0.344444 0.0434896 0.0648148 
0 0.109635 0.0358796 0.0692708 0.0587963 
0 0.699219 0.625463 0.0359375 0.0592593 
0 0.435547 0.951389 0.0414063 0.0648148 
0 0.0109375 0.143287 0.0213542 0.121759 
0 0.78763 0.789583 0.0361979 0.0717593 
0 0.400391 0.301852 0.0825521 0.0703704 
0 0.973047 0.650231 0.0351562 0.0597222 
0 0.754427 0.209722 0.0255208 0.0462963 
0 0.480469 0.25162 0.0557292 0.0643518 
0 0.957943 0.198611 0.0476562 0.062963 
0 0.159115 0.344213 0.0375 0.0773148 
0 0.929167 0.754167 0.0395833 0.0712963 
0 0.835938 0.722222 0.0395833 0.062963 
0 0.124089 0.569907 0.0434896 0.0796296 
