0 0.444401 0.769907 0.0460938 0.0833333 
0 0.654818 0.186806 0.0351562 0.0884259 
0 0.160547 0.534028 0.0341146 0.129167 
0 0.825651 0.175694 0.0497396 0.10787 
0 0.821224 0.2875 0.0320312 0.119444 
0 0.517057 0.903704 0.0372396 0.102778 
0 0.913672 0.12037 0.0351562 0.158333 
0 0.0321615 0.144213 0.0309896 0.109722 
0 0.207682 0.860648 0.0382813 0.0555556 
0 0.838932 0.456019 0.0471354 0.087037 
0 0.271224 0.341667 0.0434896 0.0759259 
0 0.457031 0.505787 0.0526042 0.0958333 
0 0.294922 0.503472 0.0575521 0.0671296 
0 0.384766 0.607639 0.0518229 0.0717593 
0 0.08125 0.391898 0.0510417 0.0597222 
0 0.595703 0.261806 0.0367187 0.101389 
0 0.339583 0.686111 0.0333333 0.1 
0 0.50625 0.155324 0.0322917 0.119907 
0 0.772396 0.51088 0.0505208 0.0893519 
0 0.474609 0.850463 0.0544271 0.0796296 
0 0.632292 0.670602 0.0505208 0.0726852 
0 0.76849 0.82338 0.0609375 0.0763889 
0 0.70599 0.0983796 0.046875 0.102315 
0 0.823177 0.580787 0.0515625 0.0569444 
0 0.516667 0.349537 0.0520833 0.114815 
0 0.0679687 0.233796 0.0453125 0.100926 
0 0.869661 0.043287 0.0393229 0.0791667 
0 0.609375 0.418981 0.0619792 0.0583333 
0 0.635677 0.912269 0.04375 0.136574 
0 0.555599 0.287037 0.0591146 0.0675926 
0 0.14349 0.889815 0.0510417 0.0944444 
0 0.33138 0.391667 0.0304688 0.0898148 
0 0.107422 0.502546 0.0585938 0.0810185 
0 0.0480469 0.606019 0.0570313 0.101852 
0 0.382031 0.316204 0.0322917 0.0490741 
0 0.257031 0.156944 0.0364583 0.0814815 
0 0.457812 0.263889 0.0390625 0.0898148 
0 0.0242187 0.852778 0.040625 0.107407 
