0 0.594661 0.518981 0.0544271 0.131481 
0 0.573177 0.755556 0.0411458 0.12963 
0 0.614193 0.444444 0.0794271 0.0944444 
0 0.336198 0.940972 0.0395833 0.115278 
0 0.221875 0.620602 0.0520833 0.075463 
0 0.285156 0.393981 0.059375 0.05 
0 0.45013 0.744213 0.0419271 0.050463 
0 0.765234 0.677546 0.0450521 0.0569444 
0 0.698698 0.877315 0.0755208 0.0981481 
0 0.169401 0.365972 0.0424479 0.0560185 
0 0.533594 0.526852 0.0390625 0.175 
0 0.286068 0.558102 0.0851562 0.0569444 
0 0.702214 0.753935 0.0325521 0.0486111 
0 0.0329427 0.752315 0.0341146 0.0759259 
0 0.65 0.303009 0.0661458 0.0615741 
0 0.589844 0.257639 0.0338542 0.0421296 
0 0.120052 0.618056 0.0328125 0.0851852 
0 0.423828 0.229398 0.0700521 0.0513889 
0 0.352734 0.715278 0.0309896 0.0944444 
0 0.450911 0.279398 0.0695312 0.0430556 
0 0.433594 0.970602 0.04375 0.0532407 
0 0.053776 0.0828704 0.0278646 0.0638889 
0 0.44362 0.453241 0.0367187 0.0962963 
0 0.236068 0.308796 0.0341146 0.0546296 
0 0.512109 0.170139 0.0507812 0.0532407 
0 0.257422 0.172454 0.0611979 0.0717593 
0 0.436458 0.101157 0.0619792 0.0569444 
0 0.419401 0.189352 0.0554687 0.0462963 
0 0.0947917 0.812037 0.059375 0.0537037 
0 0.0583333 0.924306 0.0442708 0.114352 
0 0.200911 0.558102 0.0346354 0.0662037 
0 0.17513 0.121296 0.0414063 0.087963 
0 0.353516 0.249074 0.0460938 0.0916667 
0 0.321745 0.252083 0.0263021 0.129167 
0 0.120312 0.437731 0.0302083 0.0782407 
0 0.0710938 0.224074 0.0578125 0.0666667 
0 0.104427 0.529167 0.0432292 0.0648148 
0 0.138932 0.8125 0.0367187 0.135185 
0 0.261719 0.0233796 0.0546875 0.0467593 
0 0.159766 0.21412 0.0460938 0.0912037 
0 0.065625 0.730324 0.0411458 0.0532407 
0 0.20013 0.46412 0.0835937 0.0828704 
0 0.417708 0.744676 0.0302083 0.0513889 
0 0.258073 0.672222 0.0489583 0.0907407 
0 0.478516 0.20787 0.0377604 0.0703704 
0 0.166667 0.420139 0.0640625 0.0439815 
