0 0.433203 0.121759 0.0450521 0.0611111 
0 0.388151 0.0377315 0.0695312 0.0513889 
0 0.455599 0.902778 0.0601562 0.0555556 
0 0.626432 0.605787 0.0393229 0.0421296 
0 0.673437 0.31412 0.025 0.0412037 
0 0.207943 0.491667 0.0377604 0.0509259 
0 0.695833 0.506944 0.05 0.0842593 
0 0.584505 0.044213 0.0460938 0.0550926 
0 0.484896 0.60463 0.0296875 0.0481481 
0 0.571745 0.37037 0.0393229 0.107407 
0 0.424609 0.381944 0.0580729 0.087037 
0 0.393229 0.113657 0.0458333 0.0541667 
0 0.426042 0.520833 0.0390625 0.0648148 
0 0.600521 0.265741 0.0520833 0.0416667 
0 0.591276 0.871991 0.0424479 0.114352 
0 0.35651 0.806481 0.0447917 0.0925926 
0 0.461849 0.701389 0.0466146 0.0601852 
0 0.508203 0.110648 0.0601562 0.112037 
0 0.658203 0.0324074 0.0388021 0.0601852 
0 0.158724 0.499537 0.0466146 0.0462963 
0 0.34401 0.607639 0.0463542 0.0532407 
0 0.661589 0.914815 0.0273438 0.122222 
0 0.394531 0.75625 0.0385417 0.0449074 
0 0.522917 0.324537 0.0463542 0.0546296 
0 0.380729 0.210648 0.0463542 0.0462963 
0 0.366536 0.496991 0.0466146 0.0421296 
0 0.55612 0.634722 0.0367187 0.123148 
0 0.586458 0.114815 0.0348958 0.0537037 
0 0.464193 0.218981 0.0424479 0.0546296 
0 0.571224 0.259491 0.0330729 0.099537 
0 0.303776 0.84375 0.0429688 0.0467593 
0 0.280599 0.43588 0.0476562 0.0439815 
0 0.353776 0.300231 0.0351562 0.0652778 
0 0.523438 0.378009 0.025 0.0662037 
0 0.245964 0.699074 0.0351562 0.0416667 
0 0.043099 0.539352 0.0486979 0.0546296 
0 0.277734 0.487963 0.0481771 0.0398148 
0 0.311589 0.971528 0.0315104 0.0513889 
0 0.3 0.586806 0.0333333 0.0939815 
0 0.157943 0.256019 0.0273438 0.05 
0 0.587891 0.42963 0.0414063 0.0462963 
0 0.67474 0.643981 0.0369792 0.0777778 
0 0.145573 0.892361 0.04375 0.0652778 
0 0.0144531 0.444444 0.0263021 0.0342593 
0 0.0376302 0.0344907 0.0575521 0.0587963 
0 0.0634115 0.484491 0.0481771 0.0430556 
0 0.274609 0.324537 0.0330729 0.0648148 
0 0.0460938 0.652083 0.0505208 0.0643518 
0 0.211328 0.0280093 0.0356771 0.0513889 
0 0.504818 0.20463 0.0346354 0.0601852 
0 0.552214 0.817824 0.0450521 0.0726852 
0 0.354297 0.438889 0.0330729 0.0564815 
0 0.169661 0.0884259 0.0497396 0.037963 
0 0.129427 0.330324 0.0354167 0.0625 
0 0.0977865 0.0189815 0.0388021 0.037963 
0 0.233464 0.530787 0.0278646 0.099537 
0 0.183203 0.398148 0.0523437 0.0481481 
0 0.238802 0.238194 0.0541667 0.0578704 
0 0.148177 0.569907 0.0557292 0.062963 
0 0.0953125 0.366667 0.0385417 0.0638889 
0 0.0420573 0.459491 0.0330729 0.0476852 
0 0.250911 0.953241 0.0450521 0.0583333 
0 0.0234375 0.184722 0.0411458 0.0425926 
0 0.435807 0.973611 0.0507812 0.0527778 
0 0.696745 0.9625 0.0414063 0.0518519 
0 0.232812 0.869444 0.0317708 0.0481481 
0 0.533724 0.482639 0.0486979 0.120833 
0 0.313542 0.659722 0.040625 0.0509259 
0 0.251563 0.895833 0.0390625 0.0777778 
