0 0.553125 0.952083 0.0421875 0.075463 
0 0.696745 0.353704 0.0606771 0.0527778 
0 0.616276 0.482176 0.0356771 0.0643518 
0 0.514583 0.208796 0.0364583 0.0601852 
0 0.19388 0.75 0.0377604 0.0648148 
0 0.64349 0.902778 0.0416667 0.0759259 
0 0.652865 0.829861 0.059375 0.0569444 
0 0.595703 0.38912 0.0403646 0.0486111 
0 0.4875 0.474306 0.0416667 0.0458333 
0 0.301823 0.136574 0.040625 0.0601852 
0 0.661068 0.0543981 0.0393229 0.0439815 
0 0.629818 0.424074 0.0388021 0.0574074 
0 0.58737 0.259491 0.0263021 0.0837963 
0 0.650781 0.471296 0.0244792 0.0546296 
0 0.731901 0.159722 0.0539063 0.0537037 
0 0.631771 0.262269 0.0244792 0.0930556 
0 0.400911 0.223843 0.0502604 0.0384259 
0 0.517578 0.0203704 0.0289063 0.0407407 
0 0.51901 0.277083 0.0354167 0.049537 
0 0.587891 0.713426 0.0388021 0.0694444 
0 0.611849 0.0787037 0.0236979 0.101852 
0 0.514063 0.121065 0.0328125 0.0421296 
0 0.542969 0.450463 0.0390625 0.0666667 
0 0.632292 0.359954 0.0536458 0.0384259 
0 0.333984 0.261806 0.0481771 0.0384259 
0 0.394792 0.563657 0.0442708 0.0476852 
0 0.54401 0.707176 0.0213542 0.0893519 
0 0.659635 0.400926 0.028125 0.0564815 
0 0.776302 0.976852 0.0463542 0.0462963 
0 0.535156 0.0981481 0.03125 0.05 
0 0.188932 0.661343 0.0434896 0.0384259 
0 0.885807 0.0673611 0.0289063 0.0412037 
0 0.510156 0.703241 0.0239583 0.075 
0 0.395182 0.123611 0.0414063 0.0407407 
0 0.613281 0.676389 0.04375 0.0592593 
0 0.0416667 0.286574 0.0333333 0.0425926 
0 0.180469 0.130324 0.0401042 0.0578704 
0 0.0682292 0.582407 0.0286458 0.0564815 
0 0.544922 0.608796 0.0263021 0.0342593 
0 0.504948 0.594907 0.0317708 0.0703704 
0 0.345182 0.716898 0.0315104 0.0587963 
0 0.052474 0.677083 0.0372396 0.0513889 
0 0.41237 0.312731 0.0388021 0.050463 
0 0.299349 0.384954 0.0278646 0.0458333 
0 0.459245 0.403241 0.0169271 0.0935185 
0 0.194401 0.408333 0.0486979 0.0444444 
0 0.428906 0.745602 0.0317708 0.0736111 
0 0.566406 0.305093 0.0260417 0.0472222 
0 0.0986979 0.977778 0.0526042 0.0444444 
0 0.596745 0.572454 0.0424479 0.0476852 
0 0.374089 0.486574 0.0356771 0.0444444 
0 0.676172 0.0224537 0.0247396 0.0449074 
0 0.549349 0.128241 0.0247396 0.0833333 
0 0.384766 0.339352 0.0419271 0.0481481 
