0 0.441927 0.636574 0.040625 0.0777778 
0 0.44388 0.332639 0.0632813 0.0569444 
0 0.093099 0.423148 0.0575521 0.0685185 
0 0.48724 0.281944 0.071875 0.108333 
0 0.740234 0.0990741 0.0513021 0.0768519 
0 0.449479 0.512731 0.0458333 0.0717593 
0 0.735807 0.446528 0.0513021 0.074537 
0 0.552734 0.959954 0.0528646 0.0800926 
0 0.86276 0.0486111 0.0380208 0.0972222 
0 0.795313 0.953472 0.0572917 0.0930556 
0 0.597656 0.271296 0.0619792 0.12963 
0 0.478255 0.474769 0.0585938 0.118981 
0 0.802734 0.693981 0.0585938 0.0666667 
0 0.399219 0.62963 0.0526042 0.0648148 
0 0.208724 0.30625 0.0539063 0.104167 
0 0.654818 0.23287 0.0596354 0.0638889 
0 0.89987 0.397917 0.0726563 0.0884259 
0 0.855469 0.974537 0.0494792 0.0509259 
0 0.948828 0.457176 0.0700521 0.075463 
0 0.526823 0.417593 0.0723958 0.0592593 
0 0.539974 0.559028 0.0315104 0.0421296 
0 0.89349 0.844676 0.0427083 0.0828704 
0 0.249089 0.912269 0.0335938 0.0680556 
0 0.0386719 0.489583 0.0309896 0.0837963 
0 0.302083 0.688426 0.0614583 0.0694444 
0 0.577604 0.4 0.0328125 0.0851852 
0 0.666927 0.493981 0.0536458 0.0712963 
0 0.633203 0.355556 0.0450521 0.0657407 
0 0.289062 0.445602 0.0322917 0.101389 
0 0.205208 0.455787 0.0447917 0.0976852 
0 0.383724 0.376157 0.0695312 0.0800926 
0 0.929167 0.905324 0.0328125 0.0699074 
0 0.924349 0.172454 0.0356771 0.0643518 
0 0.977083 0.881944 0.0375 0.0842593 
0 0.0575521 0.676157 0.0921875 0.0782407 
0 0.0197917 0.597685 0.0385417 0.0962963 
0 0.333594 0.381481 0.034375 0.105556 
0 0.801823 0.494444 0.0390625 0.0740741 
0 0.315104 0.764352 0.0265625 0.0925926 
0 0.0785156 0.3125 0.0596354 0.0953704 
0 0.888281 0.284722 0.0776042 0.0888889 
0 0.515625 0.226157 0.0411458 0.0412037 
0 0.986328 0.377315 0.0263021 0.0842593 
0 0.776953 0.754167 0.0638021 0.0694444 
