0 0.818359 0.7625 0.0653646 0.119444 
0 0.334245 0.904398 0.0398437 0.13287 
0 0.540495 0.380787 0.0367187 0.123611 
0 0.383984 0.327083 0.0346354 0.123611 
0 0.127344 0.582407 0.0510417 0.140741 
0 0.890625 0.584491 0.0578125 0.114352 
0 0.887109 0.378009 0.0361979 0.129167 
0 0.686068 0.957407 0.0377604 0.0759259 
0 0.46901 0.39838 0.0359375 0.105093 
0 0.774479 0.524769 0.0364583 0.0486111 
0 0.426693 0.406944 0.0497396 0.0592593 
0 0.290495 0.775694 0.0460938 0.0773148 
0 0.820312 0.891435 0.0541667 0.0856481 
0 0.690885 0.538194 0.0296875 0.0949074 
0 0.266797 0.606944 0.0518229 0.0657407 
0 0.617188 0.5625 0.0416667 0.0703704 
0 0.750521 0.877083 0.0572917 0.0717593 
0 0.620182 0.467824 0.0268229 0.0467593 
0 0.67474 0.403241 0.0401042 0.062037 
0 0.880859 0.467361 0.0580729 0.0856481 
0 0.0688802 0.964352 0.0388021 0.0675926 
0 0.636198 0.754398 0.0671875 0.0625 
0 0.184115 0.326157 0.0416667 0.049537 
