0 0.701693 0.18912 0.0627604 0.099537 
0 0.0338542 0.463194 0.0588542 0.0893519 
0 0.664062 0.420139 0.0401042 0.0939815 
0 0.184245 0.903704 0.0393229 0.0814815 
0 0.963802 0.126157 0.05625 0.0800926 
0 0.792057 0.599074 0.0450521 0.107407 
0 0.792448 0.425231 0.0348958 0.0662037 
0 0.382031 0.447454 0.0359375 0.0643518 
0 0.915495 0.216435 0.0429688 0.143056 
0 0.238542 0.678009 0.0546875 0.0726852 
0 0.489062 0.650231 0.0473958 0.0689815 
0 0.705078 0.368519 0.0377604 0.115741 
0 0.895573 0.0930556 0.0859375 0.0907407 
0 0.346224 0.459491 0.0335938 0.0773148 
0 0.307552 0.416435 0.0421875 0.0560185 
0 0.0876302 0.663889 0.0361979 0.0574074 
0 0.699219 0.502546 0.0364583 0.0717593 
0 0.233333 0.534259 0.0380208 0.0842593 
0 0.120182 0.58912 0.0325521 0.0643518 
0 0.286719 0.286806 0.0276042 0.0939815 
0 0.345182 0.802083 0.0580729 0.075463 
0 0.558203 0.290741 0.0585938 0.108333 
0 0.158073 0.356713 0.0390625 0.0652778 
0 0.422526 0.717361 0.0492188 0.049537 
0 0.625 0.240509 0.0364583 0.0606481 
0 0.41276 0.827546 0.0364583 0.104167 
0 0.602995 0.744444 0.0476562 0.0990741 
0 0.484115 0.420139 0.0338542 0.0560185 
0 0.565885 0.338889 0.0541667 0.0740741 
0 0.934115 0.520139 0.0338542 0.0671296 
0 0.487109 0.332639 0.0341146 0.0865741 
0 0.868099 0.383102 0.0455729 0.109722 
0 0.823307 0.776852 0.0283854 0.05 
0 0.876562 0.700463 0.0385417 0.0759259 
0 0.748047 0.47037 0.0361979 0.0916667 
0 0.447656 0.835648 0.0317708 0.087963 
0 0.208854 0.365972 0.0296875 0.0884259 
0 0.966276 0.256481 0.0539063 0.10463 
0 0.976562 0.381481 0.0411458 0.075 
0 0.490885 0.762731 0.0401042 0.075463 
0 0.721615 0.958333 0.0411458 0.0694444 
0 0.646484 0.561111 0.0273438 0.0527778 
0 0.45651 0.243056 0.0583333 0.0935185 
0 0.777344 0.728935 0.0421875 0.0699074 
0 0.84375 0.581944 0.0390625 0.0712963 
0 0.292708 0.461343 0.0479167 0.0615741 
0 0.642969 0.490509 0.0307292 0.0837963 
0 0.870182 0.196065 0.0398437 0.0569444 
0 0.747005 0.31088 0.0361979 0.106019 
0 0.173568 0.611111 0.0450521 0.087037 
0 0.413802 0.621528 0.0427083 0.0513889 
