0 0.57474 0.426157 0.0375 0.0532407 
0 0.465495 0.295602 0.0424479 0.108796 
0 0.748047 0.762731 0.0611979 0.114352 
0 0.166276 0.691667 0.0367187 0.0712963 
0 0.503906 0.853472 0.0359375 0.0578704 
0 0.630859 0.109722 0.0388021 0.0527778 
0 0.770052 0.238426 0.0546875 0.12963 
0 0.866276 0.179167 0.0679687 0.0898148 
0 0.624479 0.756481 0.115625 0.087963 
0 0.08125 0.584259 0.034375 0.0592593 
0 0.643099 0.166204 0.0742188 0.0537037 
0 0.410937 0.322454 0.0385417 0.0708333 
0 0.800781 0.153241 0.0307292 0.0564815 
0 0.615755 0.483565 0.0367187 0.0532407 
0 0.58099 0.0298611 0.0635417 0.0560185 
0 0.63724 0.418056 0.0291667 0.0666667 
0 0.429427 0.275926 0.0364583 0.0527778 
0 0.717318 0.461111 0.0518229 0.062963 
0 0.145703 0.0363426 0.0466146 0.0643518 
0 0.682682 0.645139 0.0351562 0.145833 
0 0.352344 0.305324 0.0421875 0.0976852 
0 0.647005 0.890741 0.0450521 0.14537 
0 0.73138 0.598148 0.0841146 0.10463 
0 0.675781 0.240741 0.0541667 0.0722222 
0 0.351823 0.0555556 0.05625 0.0759259 
0 0.133333 0.609259 0.0458333 0.0694444 
0 0.613672 0.237037 0.0580729 0.0898148 
0 0.801302 0.604167 0.0421875 0.0574074 
0 0.301693 0.359954 0.0278646 0.0430556 
0 0.745703 0.156944 0.0893229 0.0564815 
0 0.546354 0.480556 0.0333333 0.0842593 
0 0.398438 0.0247685 0.040625 0.049537 
0 0.06875 0.031713 0.0265625 0.0587963 
0 0.226172 0.706944 0.0492188 0.0777778 
0 0.265885 0.13287 0.0291667 0.0666667 
0 0.482161 0.0490741 0.0507812 0.0592593 
0 0.696224 0.870833 0.0471354 0.0490741 
0 0.185547 0.265741 0.0408854 0.062037 
0 0.466146 0.136343 0.0526042 0.0662037 
0 0.16237 0.385185 0.0528646 0.0398148 
0 0.34987 0.583333 0.0617188 0.062037 
0 0.459635 0.0178241 0.075 0.0356481 
0 0.15651 0.523843 0.0260417 0.0467593 
0 0.244661 0.262037 0.0216146 0.0546296 
0 0.477344 0.758565 0.034375 0.0939815 
0 0.165495 0.974769 0.0455729 0.049537 
0 0.041276 0.353704 0.0440104 0.0703704 
0 0.194922 0.590278 0.0445312 0.0814815 
0 0.0290365 0.206019 0.0356771 0.0666667 
0 0.689453 0.421759 0.0367187 0.136111 
0 0.639063 0.597222 0.0385417 0.0537037 
