0 0.582031 0.838889 0.06875 0.110185 
0 0.404687 0.705787 0.0375 0.148611 
0 0.602474 0.712731 0.0434896 0.176389 
0 0.472917 0.733102 0.0432292 0.0884259 
0 0.746094 0.771296 0.0505208 0.115741 
0 0.302995 0.410417 0.0570313 0.074537 
0 0.482682 0.866204 0.0486979 0.142593 
0 0.946745 0.955787 0.0398437 0.0865741 
0 0.716276 0.954861 0.0460938 0.0893519 
0 0.235156 0.84375 0.0338542 0.124537 
0 0.63125 0.959259 0.0520833 0.0787037 
0 0.957422 0.578241 0.0565104 0.0805556 
0 0.690885 0.901852 0.0567708 0.0731481 
0 0.527344 0.341667 0.0635417 0.062963 
0 0.659245 0.70787 0.0648438 0.0740741 
0 0.314714 0.84838 0.0664062 0.0875 
0 0.344792 0.758102 0.046875 0.109722 
0 0.526432 0.559954 0.0351562 0.0449074 
0 0.586849 0.433102 0.0440104 0.050463 
0 0.225 0.756019 0.0619792 0.123148 
0 0.0889323 0.457639 0.0450521 0.0560185 
0 0.641146 0.484491 0.028125 0.0486111 
0 0.868099 0.396528 0.0309896 0.0708333 
0 0.742188 0.485185 0.03125 0.087037 
0 0.466797 0.424074 0.0283854 0.0527778 
0 0.559115 0.606944 0.0317708 0.0564815 
