0 0.645052 0.204398 0.0385417 0.116204 
0 0.582031 0.459259 0.0354167 0.0759259 
0 0.535156 0.369444 0.0338542 0.111111 
0 0.788021 0.399769 0.0604167 0.133796 
0 0.782292 0.270139 0.0536458 0.0597222 
0 0.669401 0.859491 0.0367187 0.0800926 
0 0.309245 0.497454 0.0299479 0.0550926 
0 0.691406 0.884954 0.0427083 0.0578704 
0 0.636719 0.277778 0.0322917 0.0453704 
0 0.7125 0.559028 0.0244792 0.0486111 
0 0.369922 0.576852 0.0356771 0.0537037 
0 0.534115 0.610417 0.0682292 0.0597222 
0 0.490234 0.227083 0.0356771 0.0930556 
0 0.58099 0.128241 0.0651042 0.0740741 
0 0.517057 0.265278 0.0372396 0.105556 
0 0.289062 0.433796 0.04375 0.0611111 
0 0.763672 0.108565 0.0330729 0.0356481 
0 0.368229 0.523611 0.0557292 0.0518519 
0 0.276693 0.586806 0.0299479 0.0587963 
0 0.421615 0.817824 0.0302083 0.074537 
0 0.730078 0.852546 0.0539063 0.0717593 
0 0.68125 0.246759 0.0291667 0.0916667 
0 0.317708 0.378704 0.0286458 0.062037 
0 0.298177 0.730324 0.0322917 0.0773148 
0 0.625911 0.676157 0.0346354 0.0523148 
0 0.383073 0.0511574 0.0369792 0.075463 
0 0.448307 0.666667 0.0351562 0.0453704 
0 0.643099 0.594444 0.0794271 0.0925926 
0 0.198698 0.564583 0.0369792 0.050463 
0 0.865234 0.974537 0.0622396 0.0509259 
0 0.467578 0.160648 0.0440104 0.0638889 
0 0.846224 0.272685 0.0789063 0.0675926 
0 0.60638 0.368287 0.0596354 0.0569444 
0 0.710938 0.414352 0.040625 0.0685185 
0 0.695312 0.359028 0.0328125 0.119907 
0 0.622135 0.521759 0.075 0.0805556 
0 0.686979 0.125 0.040625 0.100926 
0 0.535156 0.694907 0.0364583 0.0583333 
0 0.508854 0.115046 0.0411458 0.110648 
0 0.0877604 0.245833 0.0385417 0.0425926 
0 0.628385 0.40625 0.028125 0.105093 
0 0.58112 0.764815 0.0388021 0.0388889 
0 0.0832031 0.595833 0.0289063 0.0555556 
0 0.430729 0.317593 0.0578125 0.0685185 
0 0.305339 0.87037 0.0414063 0.0537037 
0 0.413542 0.605556 0.0276042 0.087037 
0 0.661589 0.382639 0.0294271 0.0532407 
0 0.20026 0.446296 0.0260417 0.0453704 
0 0.438021 0.425694 0.0369792 0.0513889 
0 0.255599 0.966204 0.0419271 0.0583333 
0 0.541016 0.764352 0.0424479 0.075 
0 0.392578 0.462269 0.0356771 0.0578704 
0 0.493099 0.697454 0.0393229 0.0486111 
0 0.790104 0.0925926 0.0203125 0.0768519 
0 0.717839 0.338426 0.0346354 0.0703704 
0 0.236068 0.789583 0.0289063 0.0337963 
0 0.323958 0.576389 0.0286458 0.0564815 
0 0.601042 0.799074 0.0307292 0.0666667 
0 0.121224 0.734722 0.0278646 0.0388889 
0 0.227865 0.892361 0.0369792 0.0782407 
0 0.302995 0.272454 0.0481771 0.0458333 
0 0.0598958 0.416435 0.0416667 0.0439815 
0 0.136198 0.899306 0.0348958 0.0476852 
0 0.426042 0.984028 0.0411458 0.0319444 
0 0.61862 0.896759 0.0236979 0.0824074 
0 0.494141 0.654398 0.0315104 0.0587963 
0 0.346354 0.72963 0.0213542 0.0666667 
0 0.176693 0.723148 0.0304688 0.0592593 
0 0.0324219 0.652778 0.0559896 0.0388889 
0 0.619531 0.764352 0.0411458 0.0351852 
0 0.0242187 0.343287 0.0286458 0.0513889 
0 0.0910156 0.521296 0.0325521 0.0490741 
