0 0.561979 0.405787 0.0432292 0.0912037 
0 0.587891 0.228472 0.0710938 0.0782407 
0 0.44974 0.707639 0.0614583 0.10787 
0 0.160417 0.523843 0.059375 0.0680556 
0 0.620182 0.537269 0.0627604 0.0643518 
0 0.656771 0.966898 0.0552083 0.0634259 
0 0.247135 0.431944 0.0463542 0.0703704 
0 0.447526 0.305093 0.0304688 0.124074 
0 0.522396 0.841204 0.0385417 0.0898148 
0 0.489453 0.491667 0.0726563 0.0555556 
0 0.331901 0.587731 0.0377604 0.0717593 
0 0.851953 0.78912 0.0617188 0.0532407 
0 0.540495 0.209491 0.0330729 0.138426 
0 0.547786 0.709028 0.0393229 0.101389 
0 0.212109 0.329398 0.0356771 0.0513889 
0 0.625521 0.708333 0.05625 0.0444444 
0 0.379687 0.759259 0.034375 0.087037 
0 0.396615 0.790741 0.0390625 0.0407407 
0 0.590755 0.272917 0.0236979 0.0597222 
0 0.395573 0.305556 0.0666667 0.0601852 
0 0.656771 0.607639 0.03125 0.0615741 
0 0.525391 0.921759 0.0429688 0.0824074 
0 0.578125 0.628009 0.053125 0.0597222 
0 0.347396 0.928009 0.0536458 0.0625 
0 0.728516 0.0798611 0.0497396 0.0958333 
0 0.197135 0.78588 0.0385417 0.074537 
0 0.46237 0.869444 0.0440104 0.0990741 
0 0.227083 0.548611 0.0359375 0.0444444 
0 0.476042 0.783796 0.0463542 0.0722222 
0 0.264714 0.18125 0.0481771 0.0439815 
0 0.77487 0.185185 0.0783854 0.0648148 
0 0.388411 0.0342593 0.0330729 0.0685185 
0 0.321745 0.268056 0.0382813 0.0435185 
0 0.685938 0.0696759 0.0421875 0.131019 
0 0.520573 0.702778 0.0364583 0.0703704 
0 0.565495 0.873611 0.0382813 0.157407 
0 0.180208 0.360185 0.025 0.0388889 
0 0.784635 0.774306 0.025 0.0375 
0 0.258724 0.142361 0.0502604 0.0643518 
0 0.474089 0.625926 0.0486979 0.0583333 
0 0.121875 0.0925926 0.0401042 0.0555556 
0 0.695312 0.423611 0.0328125 0.0509259 
0 0.305208 0.379398 0.0286458 0.0680556 
0 0.109245 0.0185185 0.0377604 0.0342593 
