0 0.293099 0.237269 0.0539063 0.143056 
0 0.341536 0.427083 0.0570313 0.103241 
0 0.951693 0.646296 0.0455729 0.101852 
0 0.107161 0.368519 0.0398437 0.118519 
0 0.79974 0.411806 0.075 0.109722 
0 0.396224 0.901157 0.0445312 0.0810185 
0 0.946745 0.957407 0.0414063 0.0703704 
0 0.866146 0.526157 0.034375 0.0800926 
0 0.940365 0.40162 0.040625 0.0902778 
0 0.160547 0.650694 0.0341146 0.0763889 
0 0.415885 0.573843 0.0421875 0.0782407 
0 0.444792 0.496528 0.0286458 0.0930556 
0 0.677734 0.42662 0.0533854 0.0652778 
0 0.0389323 0.236574 0.0424479 0.121296 
0 0.682682 0.827315 0.0559896 0.0703704 
0 0.338542 0.276157 0.0427083 0.159722 
0 0.195052 0.533796 0.0432292 0.062037 
0 0.945312 0.544676 0.0859375 0.0902778 
0 0.647005 0.953241 0.0544271 0.0768519 
0 0.754948 0.350694 0.0510417 0.075463 
0 0.396224 0.2875 0.0315104 0.0638889 
0 0.223177 0.604167 0.0359375 0.107407 
0 0.909115 0.789583 0.0421875 0.0819444 
