0 0.704557 0.0449074 0.0710938 0.0898148 
0 0.958464 0.0622685 0.0372396 0.103241 
0 0.911589 0.362731 0.0445312 0.0736111 
0 0.828516 0.413194 0.0403646 0.1125 
0 0.607422 0.300926 0.0471354 0.0851852 
0 0.690365 0.404398 0.0609375 0.0726852 
0 0.35599 0.320602 0.0380208 0.0652778 
0 0.769531 0.270602 0.0453125 0.118056 
0 0.683594 0.310648 0.034375 0.0824074 
0 0.621615 0.0356481 0.0364583 0.0694444 
0 0.0455729 0.0965278 0.0364583 0.0634259 
0 0.172656 0.431713 0.0510417 0.0726852 
0 0.247917 0.178935 0.0447917 0.0662037 
0 0.325391 0.471759 0.0309896 0.0694444 
0 0.294401 0.293287 0.0492188 0.0680556 
0 0.0927083 0.471296 0.0432292 0.0694444 
0 0.836458 0.0550926 0.0322917 0.0425926 
0 0.615234 0.178472 0.0450521 0.0523148 
0 0.33737 0.395139 0.0455729 0.0615741 
0 0.664583 0.128241 0.0354167 0.0592593 
0 0.894531 0.736343 0.0442708 0.0560185 
0 0.353516 0.240972 0.0544271 0.074537 
0 0.560026 0.352315 0.0341146 0.107407 
0 0.942448 0.513426 0.0375 0.0814815 
0 0.152474 0.32037 0.0492188 0.0527778 
0 0.43724 0.573611 0.0333333 0.0777778 
0 0.0152344 0.0893519 0.0278646 0.0583333 
0 0.410677 0.143981 0.0625 0.0888889 
0 0.164974 0.254861 0.0294271 0.0467593 
0 0.183203 0.662731 0.0138021 0.0800926 
0 0.628516 0.461111 0.0570313 0.0916667 
0 0.523958 0.208333 0.0489583 0.087963 
0 0.207552 0.0631944 0.0510417 0.0578704 
0 0.678776 0.204398 0.0554687 0.0560185 
0 0.179036 0.727546 0.0382813 0.0625 
0 0.854948 0.261111 0.0369792 0.0898148 
0 0.821354 0.574306 0.0541667 0.075463 
0 0.392578 0.398148 0.0429688 0.0601852 
0 0.272526 0.772454 0.0466146 0.113426 
0 0.752995 0.44213 0.0424479 0.114815 
0 0.202083 0.619907 0.0359375 0.087963 
