0 0.516536 0.313889 0.0679687 0.133333 
0 0.905339 0.485648 0.0377604 0.109259 
0 0.109635 0.232176 0.0661458 0.101389 
0 0.537109 0.050463 0.0898438 0.100926 
0 0.523438 0.592361 0.0385417 0.156019 
0 0.209766 0.219213 0.0596354 0.0893519 
0 0.755339 0.134491 0.0356771 0.190278 
0 0.0911458 0.34838 0.0541667 0.0949074 
0 0.430729 0.101389 0.0411458 0.112037 
0 0.627344 0.934028 0.0354167 0.121759 
0 0.553255 0.117593 0.110677 0.101852 
0 0.0244792 0.946759 0.0484375 0.106481 
0 0.925391 0.11713 0.0320312 0.0638889 
0 0.122526 0.632407 0.0346354 0.0759259 
0 0.404557 0.759722 0.0351562 0.116667 
0 0.226042 0.519444 0.0630208 0.0796296 
0 0.840755 0.477083 0.0539063 0.0939815 
0 0.143099 0.025 0.0382813 0.0462963 
0 0.0552083 0.397685 0.0432292 0.176852 
0 0.579167 0.671759 0.0432292 0.0898148 
0 0.303255 0.143287 0.0476562 0.0550926 
0 0.91901 0.0356481 0.0739583 0.0712963 
0 0.299219 0.936574 0.0640625 0.075 
0 0.795443 0.386111 0.0705729 0.112037 
0 0.748568 0.68125 0.0445312 0.0736111 
0 0.263411 0.794676 0.0335938 0.130093 
0 0.173438 0.287037 0.0744792 0.0796296 
0 0.648958 0.30787 0.0588542 0.0601852 
0 0.226042 0.365278 0.0744792 0.087963 
0 0.129167 0.956713 0.0583333 0.0847222 
0 0.683594 0.256944 0.0671875 0.131481 
0 0.0716146 0.721296 0.071875 0.0675926 
0 0.359115 0.694444 0.0395833 0.0787037 
0 0.310286 0.44537 0.0648438 0.131481 
0 0.335938 0.399537 0.0348958 0.137037 
0 0.254948 0.321759 0.0416667 0.0712963 
0 0.929688 0.63588 0.0453125 0.106019 
0 0.757292 0.569444 0.0583333 0.0824074 
0 0.88125 0.287963 0.0333333 0.12963 
0 0.667969 0.478241 0.0416667 0.0527778 
0 0.356901 0.848148 0.0382813 0.135185 
0 0.845703 0.263889 0.0523437 0.0685185 
0 0.189714 0.584259 0.0398437 0.0685185 
0 0.515234 0.815509 0.0580729 0.0578704 
0 0.838932 0.650231 0.0429688 0.103241 
0 0.223438 0.953009 0.0515625 0.0847222 
0 0.16875 0.90787 0.0395833 0.0546296 
0 0.626042 0.456944 0.0510417 0.0657407 
0 0.421224 0.553241 0.0335938 0.0740741 
0 0.722266 0.918287 0.0466146 0.0930556 
0 0.466536 0.337963 0.0341146 0.111111 
0 0.201953 0.803704 0.0341146 0.0546296 
0 0.160026 0.817593 0.0585938 0.115741 
0 0.80026 0.237269 0.05 0.0939815 
0 0.359115 0.152315 0.04375 0.211111 
0 0.492188 0.417593 0.0557292 0.10463 
0 0.108984 0.813657 0.0434896 0.115278 
0 0.81888 0.0238426 0.0299479 0.0439815 
0 0.46888 0.979167 0.0710938 0.0416667 
0 0.582031 0.904398 0.0328125 0.0726852 
0 0.466016 0.434954 0.0596354 0.0930556 
0 0.150391 0.727315 0.0851562 0.0611111 
0 0.172526 0.436574 0.0763021 0.0814815 
0 0.119271 0.117824 0.0630208 0.0532407 
0 0.834375 0.818981 0.0411458 0.0805556 
0 0.865234 0.159259 0.0638021 0.0981481 
