0 0.631901 0.679398 0.0830729 0.166204 
0 0.934505 0.327315 0.124219 0.10463 
0 0.810547 0.100231 0.0653646 0.178241 
0 0.738281 0.231019 0.0385417 0.107407 
0 0.853516 0.512037 0.0908854 0.0657407 
0 0.708984 0.444444 0.0638021 0.0925926 
0 0.721615 0.608565 0.0921875 0.133796 
0 0.678125 0.810417 0.0505208 0.0652778 
0 0.115885 0.495139 0.0411458 0.0476852 
0 0.786068 0.794676 0.0960938 0.183796 
0 0.820833 0.298843 0.0713542 0.0689815 
0 0.334766 0.0775463 0.0278646 0.155093 
0 0.605469 0.502315 0.0385417 0.087963 
0 0.50638 0.697454 0.0617188 0.103241 
0 0.907161 0.12037 0.116406 0.102778 
0 0.55612 0.438426 0.0393229 0.0435185 
0 0.702214 0.296528 0.0539063 0.147685 
0 0.711979 0.828241 0.0552083 0.0898148 
0 0.509766 0.886806 0.0497396 0.0486111 
0 0.649479 0.222685 0.0625 0.167593 
0 0.244401 0.172454 0.0486979 0.0560185 
0 0.684635 0.0460648 0.0390625 0.0921296 
0 0.089974 0.825231 0.0575521 0.050463 
0 0.239323 0.846528 0.0484375 0.106019 
0 0.576563 0.873148 0.0510417 0.0703704 
0 0.703125 0.674074 0.0432292 0.17963 
0 0.180599 0.706019 0.0466146 0.0509259 
0 0.371094 0.946991 0.059375 0.0513889 
0 0.721615 0.0386574 0.0484375 0.0708333 
0 0.369792 0.44213 0.0463542 0.0546296 
0 0.697266 0.924537 0.0393229 0.128704 
0 0.510286 0.222222 0.0367187 0.0666667 
0 0.13125 0.709259 0.0364583 0.062963 
0 0.244922 0.338889 0.0731771 0.125 
0 0.482161 0.458333 0.0455729 0.125926 
0 0.453385 0.306944 0.0640625 0.0398148 
0 0.454167 0.234722 0.034375 0.0833333 
0 0.88138 0.0259259 0.0486979 0.0518519 
0 0.0998698 0.893287 0.0575521 0.0912037 
0 0.0768229 0.675231 0.0296875 0.0449074 
0 0.0833333 0.40162 0.0447917 0.0449074 
0 0.64401 0.92963 0.0453125 0.119444 
0 0.448958 0.718287 0.034375 0.0458333 
0 0.544401 0.930556 0.0320312 0.0546296 
0 0.560547 0.182639 0.0460938 0.0486111 
0 0.0169271 0.0398148 0.0317708 0.062037 
0 0.155078 0.0715278 0.0294271 0.0606481 
0 0.127474 0.339583 0.0627604 0.0662037 
0 0.402214 0.150231 0.0721354 0.0625 
0 0.640104 0.286343 0.0375 0.0967593 
