0 0.507292 0.485185 0.0364583 0.062963 
0 0.767578 0.398148 0.0544271 0.0611111 
0 0.582031 0.0599537 0.0708333 0.0662037 
0 0.452474 0.756019 0.0424479 0.05 
0 0.53125 0.403472 0.0328125 0.0689815 
0 0.386589 0.0814815 0.0492188 0.0472222 
0 0.428906 0.964352 0.0510417 0.0666667 
0 0.288021 0.499537 0.0354167 0.0407407 
0 0.404557 0.730556 0.0361979 0.0462963 
0 0.691406 0.566435 0.0770833 0.119907 
0 0.761198 0.485648 0.040625 0.0962963 
0 0.358724 0.125463 0.0580729 0.0712963 
0 0.568359 0.394676 0.0476562 0.0763889 
0 0.829687 0.547222 0.0453125 0.0666667 
0 0.174089 0.145139 0.0486979 0.0513889 
0 0.277865 0.434028 0.0453125 0.0837963 
0 0.108333 0.857407 0.0395833 0.0416667 
0 0.41888 0.304861 0.0403646 0.0597222 
0 0.666536 0.456019 0.0669271 0.0740741 
0 0.608464 0.483102 0.0309896 0.0458333 
0 0.308854 0.910648 0.0390625 0.0888889 
0 0.777865 0.977083 0.0395833 0.0458333 
0 0.51849 0.722222 0.028125 0.122222 
0 0.791016 0.683102 0.0335938 0.102315 
0 0.594141 0.354167 0.0367187 0.0722222 
0 0.730469 0.323843 0.0333333 0.0569444 
0 0.684635 0.141435 0.0723958 0.127315 
0 0.645964 0.229398 0.0658854 0.0726852 
0 0.290625 0.270139 0.03125 0.0791667 
0 0.089974 0.704861 0.0408854 0.0625 
0 0.0798177 0.624537 0.0424479 0.0361111 
0 0.208464 0.933333 0.0309896 0.0731481 
0 0.325391 0.567593 0.0403646 0.0731481 
0 0.663542 0.783102 0.0609375 0.0560185 
