0 0.695312 0.464815 0.05 0.0833333 
0 0.200391 0.0414352 0.0638021 0.0736111 
0 0.814974 0.075463 0.0674479 0.0453704 
0 0.894531 0.694907 0.0359375 0.0953704 
0 0.171094 0.230324 0.0848958 0.0893519 
0 0.852995 0.731019 0.0367187 0.0759259 
0 0.119141 0.0421296 0.0518229 0.0842593 
0 0.548828 0.24537 0.0320312 0.0916667 
0 0.36862 0.0439815 0.0393229 0.087963 
0 0.873438 0.483102 0.0328125 0.0560185 
0 0.4375 0.159491 0.0255208 0.0763889 
0 0.979557 0.896759 0.0398437 0.0611111 
0 0.765625 0.0298611 0.05 0.0550926 
0 0.486068 0.0928241 0.0372396 0.0921296 
0 0.601562 0.63588 0.0401042 0.0976852 
0 0.244792 0.18912 0.0354167 0.0708333 
0 0.335026 0.784722 0.0341146 0.062963 
0 0.542969 0.175694 0.0302083 0.0643518 
0 0.395312 0.195833 0.0333333 0.0888889 
0 0.363932 0.237037 0.0393229 0.0703704 
0 0.439453 0.231713 0.0346354 0.0550926 
0 0.526302 0.0215278 0.0401042 0.0421296 
0 0.892578 0.55 0.0367187 0.0444444 
0 0.79974 0.399537 0.0375 0.062037 
0 0.922786 0.561111 0.0388021 0.0648148 
0 0.691016 0.128009 0.0690104 0.0430556 
0 0.0841146 0.314583 0.0494792 0.0652778 
0 0.938411 0.838889 0.0341146 0.0768519 
0 0.285547 0.566898 0.0382813 0.0800926 
0 0.727995 0.0914352 0.0294271 0.0717593 
0 0.94974 0.219213 0.0364583 0.0699074 
0 0.28737 0.278241 0.0330729 0.0740741 
0 0.322786 0.357407 0.0414063 0.0796296 
0 0.660677 0.03125 0.025 0.0523148 
0 0.683073 0.682176 0.0322917 0.0671296 
0 0.478516 0.71713 0.0320312 0.0916667 
0 0.646875 0.161111 0.0421875 0.0824074 
0 0.302344 0.465741 0.0427083 0.0981481 
0 0.570703 0.25625 0.0247396 0.0689815 
0 0.779818 0.108333 0.0341146 0.0453704 
0 0.897917 0.959259 0.0447917 0.0768519 
0 0.31862 0.158333 0.0341146 0.0648148 
0 0.926693 0.346065 0.0367187 0.0652778 
0 0.359635 0.45 0.034375 0.0555556 
0 0.0264323 0.492593 0.0289063 0.0777778 
0 0.453385 0.446065 0.0432292 0.0615741 
0 0.508203 0.627546 0.0559896 0.0643518 
0 0.278646 0.350231 0.0401042 0.0884259 
0 0.613802 0.723843 0.0333333 0.0625 
0 0.591276 0.0768519 0.0549479 0.0768519 
0 0.559115 0.0719907 0.040625 0.110648 
0 0.461979 0.591667 0.0411458 0.0601852 
0 0.54388 0.521991 0.0507812 0.0708333 
0 0.782682 0.282407 0.0294271 0.0796296 
0 0.221745 0.601157 0.0372396 0.0467593 
0 0.426432 0.210648 0.0424479 0.0657407 
0 0.330078 0.0724537 0.0372396 0.103241 
0 0.75 0.261806 0.0338542 0.0486111 
0 0.530729 0.71875 0.0338542 0.0717593 
0 0.121224 0.171296 0.0351562 0.0703704 
0 0.14375 0.549537 0.0432292 0.0842593 
0 0.501042 0.856713 0.0385417 0.0717593 
