0 0.741276 0.264815 0.0445312 0.0981481 
0 0.726042 0.889815 0.0385417 0.075 
0 0.358203 0.790509 0.0367187 0.0976852 
0 0.80612 0.766898 0.0507812 0.0865741 
0 0.828125 0.649306 0.0307292 0.125463 
0 0.962891 0.105787 0.0367187 0.123611 
0 0.448828 0.22963 0.0513021 0.0944444 
0 0.509766 0.905324 0.0471354 0.0726852 
0 0.796875 0.627315 0.03125 0.0694444 
0 0.0503906 0.956481 0.0455729 0.0805556 
0 0.827214 0.446065 0.0434896 0.0763889 
0 0.867708 0.409722 0.040625 0.0574074 
0 0.331771 0.704861 0.0578125 0.0597222 
0 0.965885 0.3 0.0598958 0.14537 
0 0.950651 0.520833 0.0648438 0.0731481 
0 0.0766927 0.857176 0.0351562 0.136574 
0 0.167057 0.84838 0.0263021 0.122685 
0 0.135547 0.6625 0.0377604 0.0824074 
0 0.76901 0.336343 0.0494792 0.0643518 
0 0.594792 0.869213 0.0328125 0.0662037 
0 0.889583 0.801157 0.0291667 0.0689815 
0 0.845703 0.813194 0.0257812 0.104167 
0 0.597656 0.971528 0.0536458 0.0550926 
0 0.220443 0.931481 0.0596354 0.0685185 
0 0.236198 0.841898 0.0536458 0.075463 
0 0.15 0.970602 0.0630208 0.0587963 
0 0.684635 0.35787 0.0703125 0.0453704 
0 0.387109 0.819444 0.0356771 0.0916667 
0 0.892578 0.975 0.0315104 0.0490741 
0 0.61862 0.749768 0.0304688 0.0597222 
0 0.760156 0.802546 0.0614583 0.0652778 
0 0.22474 0.764815 0.0338542 0.103704 
0 0.973177 0.833333 0.0520833 0.0490741 
0 0.575781 0.732176 0.0401042 0.153241 
0 0.0614583 0.68912 0.0317708 0.0550926 
0 0.305339 0.894907 0.0794271 0.0583333 
0 0.621615 0.833102 0.0458333 0.0523148 
0 0.921875 0.657176 0.0447917 0.0958333 
0 0.0967448 0.943519 0.0294271 0.100926 
0 0.911068 0.385417 0.0367187 0.0458333 
0 0.599089 0.291435 0.0346354 0.0513889 
0 0.678646 0.540046 0.0453125 0.0532407 
0 0.518099 0.758565 0.0429688 0.0634259 
0 0.88724 0.755093 0.03125 0.0796296 
0 0.745182 0.710648 0.0236979 0.0898148 
