0 0.703125 0.171991 0.0484375 0.0967593 
0 0.564974 0.17963 0.0585938 0.133333 
0 0.573828 0.680556 0.0617188 0.106481 
0 0.357682 0.460648 0.0330729 0.0731481 
0 0.0420573 0.39838 0.0565104 0.106944 
0 0.145573 0.397454 0.0666667 0.0671296 
0 0.501953 0.153009 0.0502604 0.0773148 
0 0.676302 0.689352 0.0567708 0.062963 
0 0.502474 0.341204 0.0570313 0.15463 
0 0.478776 0.204398 0.0476562 0.0523148 
0 0.359766 0.196296 0.0486979 0.087037 
0 0.551172 0.355324 0.0507812 0.0430556 
0 0.716797 0.906944 0.0388021 0.147222 
0 0.647396 0.670833 0.0463542 0.0990741 
0 0.211849 0.946296 0.0445312 0.0518519 
0 0.283203 0.73912 0.0533854 0.0606481 
0 0.652344 0.84537 0.0395833 0.149074 
0 0.567448 0.0344907 0.0541667 0.0680556 
0 0.779297 0.164352 0.0294271 0.0416667 
0 0.0809896 0.0282407 0.0385417 0.0537037 
0 0.225651 0.0273148 0.0393229 0.0537037 
0 0.189583 0.408333 0.0276042 0.0416667 
0 0.292188 0.20787 0.0609375 0.0648148 
0 0.535677 0.587269 0.0296875 0.111574 
0 0.369661 0.595602 0.0231771 0.105093 
0 0.354818 0.0460648 0.0585938 0.0476852 
0 0.172135 0.84375 0.0505208 0.0550926 
0 0.54349 0.75162 0.0796875 0.074537 
0 0.583464 0.981944 0.0611979 0.0361111 
0 0.274479 0.699537 0.0333333 0.0472222 
0 0.148307 0.737269 0.0523437 0.0810185 
0 0.402344 0.101389 0.0536458 0.0407407 
0 0.390104 0.423611 0.03125 0.0611111 
0 0.596745 0.488426 0.0830729 0.0842593 
0 0.548828 0.093287 0.0617188 0.0810185 
0 0.0321615 0.781018 0.0361979 0.062037 
0 0.583984 0.214583 0.0382813 0.124537 
0 0.481901 0.0893519 0.0669271 0.0546296 
0 0.147656 0.806713 0.0494792 0.0893519 
0 0.459635 0.761343 0.0447917 0.0736111 
0 0.662109 0.682407 0.0617188 0.087037 
0 0.713411 0.486574 0.0278646 0.0342593 
0 0.407682 0.935648 0.0403646 0.062963 
0 0.591797 0.0777778 0.0575521 0.0601852 
0 0.434115 0.175694 0.0322917 0.0532407 
