0 0.756771 0.210417 0.0713542 0.0837963 
0 0.792969 0.0465278 0.053125 0.0837963 
0 0.433073 0.0291667 0.0760417 0.0583333 
0 0.917578 0.412037 0.0559896 0.127778 
0 0.027474 0.270833 0.0533854 0.0888889 
0 0.958073 0.309028 0.0526042 0.0986111 
0 0.880339 0.15463 0.0934896 0.0685185 
0 0.272526 0.225463 0.0481771 0.12963 
0 0.517578 0.247685 0.0674479 0.087963 
0 0.630859 0.148611 0.0403646 0.0944444 
0 0.779297 0.613657 0.0513021 0.0875 
0 0.951172 0.211806 0.0382813 0.075463 
0 0.135286 0.188426 0.0549479 0.0490741 
0 0.0192708 0.425 0.0359375 0.062037 
