0 0.608854 0.23125 0.0708333 0.141204 
0 0.215234 0.148611 0.0393229 0.114815 
0 0.409635 0.359028 0.0489583 0.099537 
0 0.155729 0.188657 0.053125 0.0726852 
0 0.722135 0.51088 0.034375 0.099537 
0 0.446615 0.609491 0.0369792 0.0921296 
0 0.857422 0.605787 0.0434896 0.0708333 
0 0.844271 0.351852 0.0510417 0.0703704 
0 0.916536 0.961806 0.0419271 0.0736111 
0 0.658203 0.259028 0.0320312 0.143056 
0 0.249219 0.22963 0.0515625 0.0814815 
0 0.683594 0.607176 0.0375 0.103241 
0 0.217578 0.404398 0.0549479 0.0828704 
0 0.890104 0.206481 0.0369792 0.0981481 
0 0.0248698 0.441667 0.0486979 0.0740741 
0 0.0205729 0.245602 0.0395833 0.0828704 
0 0.976562 0.434722 0.04375 0.0777778 
0 0.649479 0.451389 0.0536458 0.0824074 
0 0.383073 0.656713 0.0322917 0.0875 
0 0.561068 0.129861 0.0466146 0.0773148 
0 0.805729 0.533796 0.0291667 0.0768519 
0 0.150391 0.969676 0.0445312 0.0578704 
0 0.352865 0.115278 0.0364583 0.062963 
0 0.790104 0.702083 0.0390625 0.0569444 
0 0.298307 0.226852 0.0388021 0.112037 
0 0.473568 0.424074 0.0434896 0.130556 
0 0.611849 0.946991 0.0403646 0.0615741 
0 0.559635 0.491435 0.0578125 0.0597222 
0 0.746094 0.578472 0.0307292 0.0986111 
