0 0.574219 0.598843 0.0395833 0.135648 
0 0.421875 0.157407 0.0479167 0.127778 
0 0.287891 0.951389 0.0424479 0.0972222 
0 0.370833 0.0701389 0.0375 0.0652778 
0 0.603516 0.871065 0.0408854 0.136574 
0 0.976562 0.488657 0.0458333 0.155093 
0 0.732422 0.0775463 0.0481771 0.0680556 
0 0.497135 0.627083 0.0375 0.102315 
0 0.441536 0.828472 0.0361979 0.075463 
0 0.845703 0.860185 0.0695312 0.158333 
0 0.170443 0.949537 0.0539063 0.0962963 
0 0.424349 0.444907 0.0513021 0.0898148 
0 0.554167 0.951389 0.078125 0.0824074 
0 0.906771 0.174769 0.0463542 0.0791667 
0 0.541016 0.672685 0.0346354 0.133333 
0 0.944922 0.69375 0.0486979 0.0773148 
0 0.423177 0.337269 0.0510417 0.102315 
0 0.726042 0.579861 0.0427083 0.15787 
0 0.477474 0.83588 0.0367187 0.129167 
0 0.844792 0.954861 0.0755208 0.0828704 
0 0.627995 0.658796 0.0377604 0.111111 
0 0.204036 0.639815 0.0591146 0.0740741 
0 0.692448 0.373148 0.0333333 0.0925926 
