0 0.5625 0.563657 0.0380208 0.146759 
0 0.929688 0.689352 0.101562 0.0935185 
0 0.83099 0.380556 0.0526042 0.116667 
0 0.872005 0.601157 0.0539063 0.11713 
0 0.151693 0.586574 0.0455729 0.123148 
0 0.283724 0.878935 0.0377604 0.0662037 
0 0.758203 0.763889 0.0643229 0.119444 
0 0.621615 0.434491 0.0546875 0.0930556 
0 0.857422 0.834259 0.0403646 0.160185 
0 0.445833 0.714352 0.0583333 0.0666667 
0 0.454297 0.885417 0.0835937 0.0893519 
0 0.263411 0.815972 0.0794271 0.0736111 
0 0.32474 0.566667 0.0635417 0.0888889 
0 0.703646 0.766898 0.0447917 0.0606481 
0 0.53125 0.852546 0.0421875 0.120833 
0 0.756901 0.49213 0.0497396 0.0546296 
0 0.633203 0.871991 0.0502604 0.0597222 
0 0.664062 0.958333 0.0546875 0.0805556 
0 0.758854 0.61412 0.0723958 0.0606481 
0 0.346875 0.708796 0.0552083 0.0796296 
0 0.246615 0.63588 0.0416667 0.0773148 
0 0.664974 0.561343 0.0919271 0.165278 
0 0.476302 0.677083 0.0390625 0.106944 
0 0.41224 0.550926 0.0369792 0.0611111 
0 0.289583 0.684028 0.0458333 0.0699074 
0 0.752474 0.838194 0.0497396 0.0569444 
0 0.469922 0.781713 0.0403646 0.0773148 
0 0.760286 0.963194 0.0742188 0.0736111 
0 0.044401 0.365046 0.0872396 0.161574 
0 0.367448 0.796296 0.0348958 0.0916667 
0 0.670443 0.462731 0.0507812 0.0810185 
0 0.823828 0.885417 0.0408854 0.0587963 
