0 0.561979 0.839815 0.0338542 0.0768519 
0 0.394531 0.879398 0.0484375 0.101389 
0 0.494792 0.396528 0.0651042 0.0689815 
0 0.552214 0.759028 0.0429688 0.0671296 
0 0.457943 0.581713 0.0445312 0.099537 
0 0.493359 0.490741 0.0283854 0.126852 
0 0.653776 0.699306 0.0565104 0.100463 
0 0.652344 0.352083 0.0380208 0.0652778 
0 0.264193 0.506944 0.0398437 0.0685185 
0 0.548307 0.278009 0.0502604 0.0615741 
0 0.855078 0.480556 0.0710938 0.0962963 
0 0.441927 0.493981 0.0442708 0.0925926 
0 0.283073 0.598843 0.0291667 0.0634259 
0 0.165495 0.690046 0.0460938 0.0791667 
0 0.194661 0.485648 0.0554687 0.135185 
0 0.605469 0.422917 0.0369792 0.0884259 
0 0.421354 0.768056 0.0427083 0.0814815 
0 0.790495 0.602778 0.0559896 0.0592593 
0 0.527865 0.611574 0.046875 0.0888889 
0 0.296875 0.743981 0.0401042 0.0851852 
0 0.792969 0.795602 0.0755208 0.0810185 
0 0.665104 0.556019 0.04375 0.0796296 
0 0.702604 0.241898 0.0484375 0.152315 
0 0.174219 0.451389 0.0322917 0.062963 
