0 0.663672 0.345139 0.0658854 0.143056 
0 0.450651 0.295833 0.0648438 0.0666667 
0 0.398698 0.675 0.107292 0.075 
0 0.400651 0.862963 0.0664062 0.151852 
0 0.382552 0.781713 0.0515625 0.102315 
0 0.394531 0.964583 0.075 0.0699074 
0 0.603516 0.595833 0.0783854 0.132407 
0 0.716406 0.675463 0.0489583 0.075 
0 0.508854 0.646296 0.0453125 0.184259 
0 0.292057 0.795602 0.0575521 0.0763889 
0 0.649479 0.754398 0.0479167 0.0587963 
0 0.222656 0.590741 0.0822917 0.087963 
0 0.180469 0.518287 0.0755208 0.0625 
0 0.507422 0.220833 0.0518229 0.0453704 
0 0.38138 0.382639 0.0929687 0.0856481 
0 0.0667969 0.756944 0.0450521 0.0962963 
0 0.247135 0.676389 0.0354167 0.0796296 
0 0.614193 0.965278 0.0684896 0.0675926 
0 0.530729 0.339583 0.0328125 0.049537 
0 0.741146 0.436343 0.0453125 0.0717593 
0 0.290104 0.124306 0.078125 0.0782407 
0 0.0390625 0.135648 0.0734375 0.0712963 
0 0.273698 0.0405093 0.0817708 0.0763889 
0 0.661589 0.276157 0.0330729 0.0708333 
0 0.438411 0.190741 0.0325521 0.0527778 
0 0.0233073 0.752546 0.0382813 0.0597222 
0 0.440625 0.529861 0.0557292 0.0875 
0 0.0940104 0.677083 0.0583333 0.0893519 
0 0.114193 0.321991 0.0591146 0.0800926 
0 0.236719 0.441898 0.0651042 0.0662037 
0 0.0597656 0.0386574 0.0268229 0.0773148 
0 0.569792 0.370833 0.0375 0.12037 
0 0.347396 0.044213 0.0609375 0.0652778 
0 0.178906 0.117824 0.0520833 0.103241 
0 0.352083 0.550463 0.0927083 0.0777778 
0 0.025 0.804167 0.0317708 0.0583333 
0 0.501953 0.907176 0.0460938 0.0652778 
0 0.295703 0.42963 0.0429688 0.0796296 
0 0.650391 0.956713 0.0799479 0.0662037 
0 0.864714 0.888426 0.0507812 0.0583333 
0 0.588802 0.450926 0.0427083 0.0648148 
0 0.0967448 0.928935 0.0486979 0.1375 
0 0.594271 0.82037 0.0473958 0.177778 
0 0.335677 0.673148 0.0489583 0.0712963 
0 0.539974 0.0740741 0.0320312 0.062037 
0 0.464583 0.0921296 0.0348958 0.158333 
0 0.106771 0.199074 0.0359375 0.0777778 
0 0.118359 0.109491 0.0507812 0.0597222 
