0 0.520052 0.150231 0.0822917 0.14213 
0 0.626562 0.347917 0.0640625 0.143981 
0 0.826693 0.420139 0.0627604 0.131019 
0 0.73724 0.618056 0.0822917 0.0953704 
0 0.198307 0.354167 0.0377604 0.173148 
0 0.316406 0.134028 0.0526042 0.0662037 
0 0.0266927 0.350463 0.0445312 0.0861111 
0 0.725 0.271065 0.0520833 0.0782407 
0 0.401302 0.234954 0.053125 0.0662037 
0 0.140755 0.686343 0.0346354 0.131019 
0 0.770964 0.0386574 0.0471354 0.0763889 
0 0.340104 0.0696759 0.0338542 0.0726852 
0 0.110417 0.248611 0.0484375 0.124074 
0 0.144401 0.419444 0.0455729 0.0583333 
0 0.608464 0.652315 0.0372396 0.0925926 
0 0.875911 0.641898 0.0434896 0.14213 
0 0.601562 0.0219907 0.1 0.0439815 
0 0.904688 0.0678241 0.0453125 0.0736111 
0 0.0402344 0.956713 0.0658854 0.0819444 
0 0.431901 0.614352 0.0476562 0.0888889 
0 0.725651 0.0939815 0.0554687 0.0666667 
0 0.245443 0.457407 0.0799479 0.0759259 
0 0.323568 0.254398 0.0445312 0.0643518 
0 0.0830729 0.513657 0.0453125 0.0865741 
0 0.207682 0.561574 0.0591146 0.0962963 
0 0.34987 0.671065 0.0523437 0.0717593 
0 0.826172 0.657639 0.0356771 0.11713 
0 0.0359375 0.475231 0.0296875 0.10787 
0 0.322005 0.362037 0.0445312 0.0824074 
0 0.156901 0.976389 0.0648438 0.0472222 
0 0.0864583 0.592824 0.0729167 0.11713 
0 0.797396 0.13287 0.0776042 0.121296 
0 0.101172 0.798148 0.0450521 0.0953704 
0 0.672917 0.826852 0.0260417 0.0685185 
0 0.0480469 0.845833 0.0559896 0.0546296 
0 0.00846354 0.505324 0.0158854 0.110648 
0 0.0201823 0.261111 0.0372396 0.0805556 
