0 0.892057 0.319907 0.0377604 0.137963 
0 0.775911 0.466898 0.0513021 0.0782407 
0 0.41224 0.72037 0.0479167 0.103704 
0 0.91888 0.134954 0.0356771 0.124537 
0 0.698698 0.29375 0.04375 0.0949074 
0 0.846615 0.816898 0.0317708 0.0689815 
0 0.556641 0.88588 0.0330729 0.0560185 
0 0.877865 0.674074 0.0380208 0.0962963 
0 0.411849 0.253935 0.0533854 0.0976852 
0 0.95013 0.6125 0.0908854 0.062037 
0 0.035026 0.889583 0.0309896 0.110648 
0 0.183333 0.9375 0.0703125 0.0888889 
0 0.0526042 0.956481 0.0333333 0.087037 
0 0.897526 0.548148 0.0632813 0.0731481 
0 0.428255 0.597222 0.0502604 0.0583333 
0 0.191146 0.77338 0.03125 0.0819444 
0 0.927734 0.337269 0.0419271 0.1125 
0 0.589844 0.849074 0.0380208 0.05 
0 0.724089 0.362963 0.0492188 0.0675926 
0 0.0979167 0.683102 0.0322917 0.0800926 
0 0.750391 0.650694 0.0325521 0.0652778 
0 0.467318 0.926157 0.0429688 0.0578704 
0 0.779818 0.673843 0.0304688 0.122685 
0 0.967318 0.786343 0.0278646 0.0736111 
0 0.263672 0.913194 0.0695312 0.0532407 
0 0.353906 0.718056 0.0338542 0.0601852 
0 0.322266 0.810417 0.0393229 0.109722 
0 0.197656 0.852315 0.0557292 0.0907407 
0 0.51901 0.520833 0.0588542 0.0574074 
0 0.460677 0.510417 0.0328125 0.0912037 
0 0.336458 0.913194 0.05625 0.0541667 
0 0.475521 0.76875 0.0453125 0.0689815 
0 0.938932 0.845833 0.0471354 0.0537037 
0 0.247786 0.563426 0.0742188 0.0518519 
0 0.350651 0.837731 0.0398437 0.0865741 
0 0.114323 0.977315 0.06875 0.0453704 
0 0.957943 0.696991 0.0669271 0.0930556 
0 0.761198 0.782176 0.0380208 0.0736111 
0 0.965755 0.485185 0.0513021 0.0972222 
0 0.558984 0.976852 0.0684896 0.0462963 
0 0.670833 0.962731 0.034375 0.0708333 
0 0.557552 0.376852 0.0390625 0.0509259 
0 0.6875 0.510185 0.0401042 0.0564815 
0 0.58112 0.764815 0.0294271 0.062037 
0 0.631901 0.9 0.0513021 0.0916667 
0 0.0179687 0.964352 0.0338542 0.0666667 
0 0.458984 0.424074 0.0263021 0.0842593 
0 0.456771 0.798611 0.0359375 0.0490741 
0 0.257552 0.627546 0.0260417 0.0791667 
0 0.809115 0.982639 0.0317708 0.0337963 
0 0.661589 0.433565 0.0549479 0.049537 
0 0.914583 0.699306 0.0328125 0.0819444 
