0 0.628385 0.210417 0.08125 0.109722 
0 0.947786 0.90625 0.0429688 0.119907 
0 0.926823 0.0472222 0.0427083 0.0675926 
0 0.474089 0.281713 0.0580729 0.0875 
0 0.156641 0.35 0.0888021 0.1 
0 0.597656 0.093287 0.04375 0.0939815 
0 0.79987 0.0263889 0.0643229 0.0527778 
0 0.535156 0.796065 0.0526042 0.113426 
0 0.60638 0.783333 0.0627604 0.0768519 
0 0.304297 0.661806 0.0778646 0.0856481 
0 0.254167 0.155556 0.0552083 0.103704 
0 0.803255 0.971296 0.0585938 0.0574074 
0 0.654297 0.896528 0.0460938 0.116204 
0 0.85013 0.909028 0.0528646 0.0625 
0 0.0184896 0.11412 0.0369792 0.0837963 
0 0.846224 0.642593 0.0523437 0.137963 
0 0.402604 0.186574 0.0484375 0.105556 
0 0.424609 0.700463 0.0606771 0.0685185 
0 0.68112 0.661343 0.0794271 0.134722 
