0 0.738802 0.19537 0.0619792 0.143519 
0 0.861328 0.325694 0.119531 0.0875 
0 0.667057 0.676157 0.103906 0.0865741 
0 0.751953 0.680556 0.0372396 0.0472222 
0 0.592318 0.925463 0.102865 0.105556 
0 0.534635 0.778704 0.0458333 0.0555556 
0 0.314453 0.615972 0.0596354 0.0550926 
0 0.51224 0.0969907 0.0515625 0.0662037 
0 0.492578 0.246065 0.0908854 0.0560185 
0 0.416797 0.0875 0.0653646 0.111111 
0 0.710026 0.0666667 0.0695312 0.087037 
0 0.167839 0.0467593 0.0372396 0.0842593 
0 0.0615885 0.533565 0.0398437 0.0476852 
0 0.658203 0.824074 0.0544271 0.0851852 
0 0.150781 0.112963 0.0390625 0.0842593 
0 0.246354 0.0414352 0.0776042 0.0625 
0 0.479948 0.887731 0.0723958 0.0680556 
0 0.520964 0.353009 0.0867188 0.127315 
0 0.618229 0.499074 0.0671875 0.0518519 
0 0.571745 0.785185 0.0361979 0.075 
0 0.515625 0.565278 0.0317708 0.151852 
0 0.673307 0.967824 0.0726563 0.0597222 
0 0.167708 0.730324 0.0494792 0.146759 
0 0.19987 0.526157 0.0429688 0.0949074 
0 0.163672 0.363657 0.0335938 0.074537 
0 0.555599 0.0574074 0.0351562 0.114815 
0 0.607422 0.256713 0.0377604 0.100463 
0 0.463411 0.428009 0.0789063 0.0560185 
0 0.775391 0.555093 0.0304688 0.0351852 
0 0.71875 0.802546 0.0786458 0.106944 
0 0.047526 0.463657 0.0585938 0.0513889 
0 0.786719 0.0229167 0.123438 0.0458333 
0 0.180599 0.203009 0.0434896 0.124537 
0 0.407031 0.572222 0.0302083 0.0861111 
0 0.373307 0.578704 0.0367187 0.0518519 
0 0.620573 0.853704 0.0255208 0.0888889 
0 0.132422 0.27338 0.0289063 0.0949074 
0 0.417708 0.0219907 0.0515625 0.0393519 
0 0.116797 0.459954 0.0388021 0.0976852 
0 0.928646 0.111574 0.0291667 0.0583333 
0 0.285677 0.366667 0.0328125 0.124074 
0 0.26875 0.829861 0.0265625 0.0513889 
0 0.323958 0.752546 0.0609375 0.0560185 
0 0.358724 0.671991 0.0330729 0.101389 
0 0.0167969 0.161343 0.0309896 0.0689815 
0 0.742188 0.97963 0.0661458 0.0407407 
0 0.254948 0.261343 0.075 0.0578704 
0 0.680599 0.0236111 0.0518229 0.0472222 
0 0.0723958 0.380556 0.0328125 0.0537037 
0 0.0954427 0.8375 0.0486979 0.0833333 
0 0.158854 0.83287 0.0739583 0.0574074 
0 0.216276 0.625926 0.0513021 0.0907407 
0 0.28125 0.134491 0.034375 0.0736111 
0 0.536198 0.92963 0.0302083 0.112963 
0 0.416536 0.955787 0.0346354 0.0680556 
0 0.214323 0.104167 0.0302083 0.0722222 
0 0.18125 0.909722 0.0802083 0.0666667 
0 0.317448 0.842361 0.0567708 0.0587963 
0 0.579557 0.516435 0.0398437 0.116204 
