0 0.752344 0.577083 0.0630208 0.118056 
0 0.705078 0.320602 0.0565104 0.0930556 
0 0.651302 0.244676 0.0822917 0.116204 
0 0.778776 0.289352 0.0533854 0.0851852 
0 0.103255 0.539352 0.0450521 0.106481 
0 0.713411 0.187269 0.0414063 0.113426 
0 0.198177 0.684028 0.0401042 0.0819444 
0 0.534245 0.517824 0.0752604 0.118981 
0 0.40625 0.594907 0.03125 0.0824074 
0 0.545443 0.635417 0.0393229 0.0763889 
0 0.479948 0.622454 0.040625 0.0680556 
0 0.768099 0.741435 0.0278646 0.0699074 
0 0.255208 0.517824 0.0588542 0.0717593 
0 0.804167 0.600231 0.0401042 0.0550926 
0 0.555729 0.327778 0.0395833 0.100926 
0 0.827734 0.516667 0.0502604 0.102778 
0 0.94388 0.537037 0.0367187 0.0703704 
0 0.720703 0.486111 0.0372396 0.122222 
0 0.734375 0.399306 0.0307292 0.134722 
0 0.244141 0.353472 0.0382813 0.0569444 
0 0.164453 0.447454 0.0513021 0.0958333 
0 0.576563 0.739583 0.0515625 0.0717593 
0 0.86224 0.841204 0.05 0.0777778 
0 0.452344 0.443981 0.0364583 0.0981481 
0 0.8125 0.815741 0.0401042 0.0546296 
0 0.286068 0.0965278 0.0518229 0.0819444 
0 0.382552 0.659722 0.0546875 0.0842593 
0 0.872526 0.243519 0.0700521 0.0657407 
0 0.722656 0.697454 0.0333333 0.126389 
0 0.624479 0.46713 0.0390625 0.0824074 
0 0.373828 0.0798611 0.0398437 0.0810185 
0 0.922917 0.350231 0.0328125 0.109722 
0 0.98737 0.29213 0.0216146 0.0740741 
0 0.961979 0.905324 0.0432292 0.0615741 
0 0.475521 0.38588 0.0635417 0.131019 
0 0.845182 0.693519 0.0330729 0.0666667 
0 0.495573 0.783102 0.0333333 0.0921296 
0 0.665495 0.740509 0.0341146 0.0680556 
0 0.934115 0.283565 0.0479167 0.0837963 
0 0.769531 0.647917 0.0322917 0.0986111 
0 0.572786 0.553009 0.0351562 0.0856481 
0 0.304948 0.821065 0.0546875 0.0689815 
0 0.840755 0.429167 0.0653646 0.062963 
0 0.333464 0.610417 0.0393229 0.0912037 
0 0.708984 0.563426 0.0627604 0.0712963 
0 0.386719 0.483565 0.0723958 0.122685 
0 0.0752604 0.483102 0.0369792 0.0726852 
0 0.517578 0.37963 0.0398437 0.0805556 
0 0.287891 0.707639 0.0283854 0.0689815 
0 0.564974 0.830787 0.0466146 0.0856481 
0 0.319401 0.733565 0.0346354 0.0699074 
0 0.335417 0.493056 0.0395833 0.0685185 
0 0.836979 0.899306 0.0270833 0.0625 
0 0.136458 0.878935 0.0385417 0.0949074 
