0 0.677214 0.433796 0.0768229 0.180556 
0 0.695312 0.700926 0.0671875 0.116667 
0 0.428125 0.702083 0.0583333 0.108796 
0 0.339583 0.766898 0.0578125 0.147685 
0 0.376302 0.814815 0.075 0.124074 
0 0.290104 0.266898 0.0671875 0.0819444 
0 0.35013 0.613194 0.0648438 0.105093 
0 0.615234 0.216435 0.0648438 0.074537 
0 0.273958 0.180093 0.0671875 0.0527778 
0 0.225521 0.37662 0.0364583 0.0652778 
0 0.715365 0.371065 0.034375 0.19213 
0 0.580078 0.961806 0.0846354 0.0671296 
0 0.0477865 0.412037 0.0315104 0.0490741 
0 0.75638 0.283796 0.0330729 0.0935185 
0 0.594271 0.254861 0.0546875 0.0671296 
0 0.153125 0.459259 0.0338542 0.108333 
0 0.444141 0.510417 0.0434896 0.122685 
0 0.33151 0.96875 0.0328125 0.0606481 
0 0.271484 0.613426 0.0356771 0.126852 
0 0.715234 0.875 0.0356771 0.0564815 
0 0.205339 0.180787 0.0273438 0.0884259 
0 0.406771 0.210185 0.0552083 0.0444444 
0 0.394531 0.0414352 0.053125 0.050463 
0 0.314714 0.74213 0.0294271 0.123148 
0 0.525391 0.454861 0.0627604 0.0662037 
0 0.710938 0.0828704 0.0463542 0.062037 
0 0.519531 0.648843 0.0625 0.125463 
0 0.204948 0.322454 0.0208333 0.0791667 
0 0.779297 0.552083 0.107552 0.0856481 
0 0.939453 0.216667 0.0414063 0.0527778 
0 0.299089 0.931481 0.0393229 0.117593 
0 0.429167 0.0784722 0.0723958 0.0662037 
0 0.658203 0.269676 0.0330729 0.145833 
0 0.565365 0.136574 0.0395833 0.075 
0 0.151693 0.566667 0.0471354 0.0768519 
0 0.572266 0.294213 0.0695312 0.0680556 
0 0.482552 0.380787 0.0682292 0.0810185 
0 0.520964 0.218287 0.0851562 0.0884259 
0 0.765625 0.396528 0.03125 0.075463 
0 0.163151 0.263194 0.0539063 0.0476852 
0 0.167578 0.775231 0.0429688 0.0791667 
0 0.342578 0.192593 0.0752604 0.0657407 
0 0.486979 0.234491 0.0703125 0.0884259 
0 0.109375 0.96088 0.0822917 0.0606481 
0 0.476172 0.921991 0.0346354 0.0865741 
0 0.0244792 0.746296 0.0489583 0.0694444 
0 0.281771 0.328704 0.0416667 0.0416667 
0 0.563021 0.57338 0.0510417 0.050463 
0 0.26224 0.509259 0.0359375 0.0740741 
0 0.526302 0.762731 0.0953125 0.103241 
0 0.491667 0.0643518 0.0723958 0.0935185 
0 0.0696615 0.345833 0.0471354 0.05 
0 0.241927 0.657639 0.0395833 0.0680556 
0 0.342708 0.55463 0.0442708 0.0898148 
0 0.758854 0.130556 0.0270833 0.037963 
0 0.421354 0.814352 0.0536458 0.05 
0 0.18724 0.128241 0.0348958 0.05 
0 0.848177 0.610648 0.0286458 0.0546296 
0 0.166146 0.201389 0.0447917 0.0490741 
0 0.420182 0.515972 0.0346354 0.139352 
0 0.203255 0.25625 0.0486979 0.0819444 
0 0.0214844 0.0416667 0.0393229 0.0509259 
0 0.66888 0.640741 0.0335938 0.0435185 
0 0.582552 0.559491 0.0307292 0.0532407 
0 0.10599 0.733102 0.0614583 0.0689815 
0 0.0566406 0.53287 0.0257812 0.0824074 
0 0.39401 0.936574 0.053125 0.0703704 
0 0.88763 0.599769 0.0325521 0.0476852 
