0 0.820312 0.364352 0.084375 0.0675926 
0 0.567969 0.377315 0.0401042 0.130556 
0 0.472135 0.27037 0.08125 0.0435185 
0 0.696354 0.505556 0.0776042 0.087037 
0 0.827734 0.457407 0.0497396 0.0824074 
0 0.46875 0.210648 0.028125 0.0444444 
0 0.618229 0.881019 0.0552083 0.0833333 
0 0.556641 0.874074 0.0528646 0.156481 
0 0.247526 0.60463 0.0502604 0.0481481 
0 0.677734 0.302778 0.0898438 0.062037 
0 0.676823 0.746991 0.0557292 0.0680556 
0 0.173958 0.350231 0.0432292 0.074537 
0 0.270703 0.330324 0.0346354 0.0449074 
0 0.930208 0.858565 0.0588542 0.0625 
0 0.278516 0.920139 0.0455729 0.0643518 
0 0.521875 0.308333 0.05625 0.0527778 
0 0.52487 0.719676 0.0731771 0.0652778 
0 0.285417 0.414583 0.0244792 0.0736111 
0 0.0338542 0.434491 0.053125 0.0615741 
0 0.20013 0.682407 0.0408854 0.0462963 
0 0.233333 0.478704 0.0375 0.0805556 
0 0.222917 0.421065 0.0390625 0.0800926 
0 0.694792 0.203704 0.084375 0.0685185 
0 0.740234 0.0372685 0.0377604 0.0662037 
0 0.375781 0.348611 0.0322917 0.106481 
0 0.261979 0.0597222 0.0427083 0.0972222 
0 0.60013 0.642361 0.0565104 0.0782407 
0 0.244271 0.737963 0.0401042 0.113889 
0 0.290234 0.691435 0.0382813 0.0541667 
0 0.128906 0.211574 0.0307292 0.062963 
0 0.345964 0.107407 0.0356771 0.0731481 
0 0.276172 0.115046 0.0565104 0.0430556 
0 0.311328 0.0898148 0.0351562 0.0509259 
0 0.465365 0.03125 0.0276042 0.0625 
0 0.167448 0.768981 0.0307292 0.037963 
0 0.0942708 0.678472 0.0348958 0.0356481 
0 0.623438 0.773843 0.0526042 0.0476852 
0 0.285937 0.561111 0.0375 0.0527778 
0 0.566406 0.140741 0.0395833 0.113889 
0 0.743099 0.661806 0.0356771 0.0819444 
0 0.383984 0.184722 0.0450521 0.0759259 
0 0.169792 0.532176 0.0307292 0.0763889 
0 0.432813 0.809954 0.0505208 0.0439815 
0 0.208333 0.961806 0.04375 0.0597222 
0 0.623568 0.256944 0.0539063 0.0388889 
0 0.0799479 0.087963 0.04375 0.0768519 
0 0.123828 0.59375 0.0408854 0.0356481 
0 0.154948 0.96875 0.0401042 0.0560185 
0 0.821354 0.138889 0.034375 0.0546296 
0 0.563021 0.782639 0.0338542 0.0550926 
0 0.563411 0.276852 0.0622396 0.0361111 
0 0.838932 0.578009 0.0283854 0.0393519 
0 0.119922 0.551389 0.0226563 0.0648148 
0 0.329297 0.598843 0.0601562 0.0597222 
