0 0.37474 0.655093 0.0390625 0.087963 
0 0.690365 0.40625 0.059375 0.0689815 
0 0.599609 0.195833 0.0419271 0.0398148 
0 0.717839 0.569907 0.0481771 0.118519 
0 0.783203 0.12037 0.0289063 0.0564815 
0 0.602083 0.570833 0.0401042 0.0481481 
0 0.654297 0.938426 0.0382813 0.0990741 
0 0.347656 0.359954 0.0567708 0.0689815 
0 0.54349 0.266204 0.0526042 0.0972222 
0 0.305599 0.684491 0.0398437 0.075463 
0 0.58112 0.690046 0.0346354 0.0606481 
0 0.332031 0.527315 0.0369792 0.0944444 
0 0.571745 0.50625 0.0200521 0.075463 
0 0.788542 0.371991 0.0692708 0.0736111 
0 0.370182 0.794907 0.0424479 0.0814815 
0 0.458333 0.886343 0.0552083 0.0736111 
0 0.310547 0.158333 0.0424479 0.0611111 
0 0.613281 0.90787 0.0364583 0.0425926 
0 0.277344 0.539815 0.0619792 0.0527778 
0 0.780208 0.432176 0.0973958 0.0782407 
0 0.325651 0.819444 0.0434896 0.0833333 
0 0.692448 0.239815 0.0333333 0.0518519 
0 0.286719 0.292361 0.0307292 0.0412037 
0 0.349349 0.586343 0.0429688 0.0717593 
0 0.492188 0.123611 0.0411458 0.037963 
0 0.477083 0.175463 0.0286458 0.0916667 
0 0.698307 0.0428241 0.0419271 0.0773148 
0 0.495573 0.421065 0.0421875 0.0402778 
0 0.906771 0.128935 0.0526042 0.0837963 
0 0.59375 0.82037 0.0604167 0.0703704 
0 0.384635 0.22963 0.0286458 0.062963 
0 0.602995 0.149769 0.0497396 0.049537 
0 0.641536 0.39213 0.0325521 0.122222 
0 0.651823 0.276389 0.0328125 0.0694444 
0 0.386719 0.311574 0.0375 0.0731481 
0 0.38776 0.425231 0.0572917 0.049537 
0 0.176302 0.32963 0.0390625 0.0425926 
0 0.428385 0.0259259 0.028125 0.0518519 
0 0.544401 0.0803241 0.0591146 0.0634259 
0 0.47487 0.477546 0.0263021 0.0828704 
0 0.038151 0.330556 0.0382813 0.0611111 
0 0.339063 0.720602 0.0505208 0.0652778 
0 0.171875 0.61713 0.0453125 0.0453704 
0 0.0125 0.650926 0.0239583 0.0574074 
0 0.434115 0.553704 0.05 0.0564815 
0 0.569401 0.184259 0.0408854 0.101852 
0 0.157552 0.181481 0.0463542 0.0462963 
0 0.363802 0.279861 0.0223958 0.0606481 
0 0.413542 0.961806 0.0317708 0.0708333 
0 0.738802 0.372454 0.0390625 0.0402778 
0 0.599089 0.981713 0.0653646 0.0365741 
0 0.640625 0.688194 0.0307292 0.0652778 
0 0.38724 0.766204 0.0395833 0.0888889 
0 0.0667969 0.181713 0.0460938 0.0763889 
0 0.375521 0.533333 0.034375 0.0472222 
0 0.0733073 0.0916667 0.0638021 0.115741 
0 0.276823 0.431713 0.0536458 0.0773148 
