0 0.736328 0.243519 0.102865 0.196296 
0 0.463411 0.369676 0.0419271 0.0643518 
0 0.652865 0.711343 0.0458333 0.0800926 
0 0.609896 0.875 0.0354167 0.163889 
0 0.568359 0.0743056 0.0377604 0.0912037 
0 0.335677 0.809954 0.0708333 0.0662037 
0 0.421615 0.242361 0.06875 0.140278 
0 0.257812 0.121296 0.0552083 0.101852 
0 0.233203 0.851852 0.0289063 0.0638889 
0 0.551693 0.427546 0.0502604 0.10787 
0 0.357682 0.673148 0.0674479 0.0916667 
0 0.419922 0.369907 0.0372396 0.0898148 
0 0.509766 0.869907 0.0361979 0.187037 
0 0.420573 0.684954 0.059375 0.122685 
0 0.521875 0.192361 0.0942708 0.0717593 
0 0.246745 0.49537 0.0684896 0.0601852 
0 0.107292 0.618519 0.0645833 0.0925926 
0 0.585938 0.435185 0.0364583 0.210185 
0 0.714323 0.149537 0.0604167 0.12037 
0 0.740755 0.608333 0.0252604 0.05 
0 0.360938 0.439352 0.0348958 0.125 
0 0.486068 0.460185 0.0299479 0.152778 
0 0.0703125 0.422222 0.0473958 0.075 
0 0.366276 0.100463 0.0419271 0.117593 
0 0.127474 0.900926 0.0356771 0.112037 
0 0.684115 0.756713 0.0328125 0.0671296 
0 0.270443 0.816435 0.0388021 0.0865741 
0 0.20013 0.106481 0.0643229 0.0611111 
0 0.603516 0.619676 0.0528646 0.11713 
0 0.476562 0.244676 0.0333333 0.0717593 
0 0.318359 0.57338 0.0351562 0.120833 
0 0.310156 0.306019 0.0588542 0.0824074 
0 0.394792 0.225231 0.028125 0.0560185 
0 0.553646 0.673611 0.0239583 0.0453704 
0 0.46875 0.143056 0.0505208 0.0703704 
0 0.336849 0.196759 0.0429688 0.174074 
0 0.0174479 0.0782407 0.0348958 0.0481481 
0 0.26901 0.631944 0.0348958 0.0842593 
0 0.514714 0.575 0.0492188 0.0462963 
0 0.246875 0.557639 0.0536458 0.074537 
0 0.276432 0.408565 0.0419271 0.131019 
0 0.342839 0.579861 0.0460938 0.11713 
0 0.133073 0.355556 0.0416667 0.0787037 
0 0.154036 0.267824 0.0346354 0.0967593 
0 0.0518229 0.80787 0.0723958 0.0685185 
0 0.476823 0.758102 0.0546875 0.050463 
0 0.075651 0.911574 0.0341146 0.0675926 
0 0.0733073 0.727546 0.0523437 0.0773148 
0 0.584375 0.951389 0.0380208 0.0898148 
0 0.0424479 0.868519 0.0286458 0.0518519 
0 0.747135 0.496991 0.0458333 0.0560185 
0 0.428776 0.496065 0.0320312 0.0328704 
0 0.283594 0.7 0.0359375 0.062963 
0 0.168359 0.658796 0.0471354 0.0537037 
0 0.465755 0.852546 0.0476562 0.0606481 
0 0.525911 0.503935 0.0585938 0.0615741 
