0 0.6875 0.154167 0.0364583 0.193519 
0 0.863281 0.487037 0.0385417 0.113889 
0 0.370052 0.139583 0.0395833 0.099537 
0 0.277344 0.464583 0.0557292 0.115278 
0 0.869661 0.0354167 0.0731771 0.0652778 
0 0.641667 0.262269 0.0682292 0.131944 
0 0.0329427 0.936574 0.0533854 0.111111 
0 0.483464 0.154167 0.107031 0.101852 
0 0.727083 0.569907 0.0557292 0.0787037 
0 0.756901 0.271296 0.105469 0.0768519 
0 0.354948 0.293056 0.0416667 0.153704 
0 0.73138 0.190278 0.0554687 0.087037 
0 0.0747396 0.285417 0.0666667 0.0847222 
0 0.400911 0.564583 0.0335938 0.0643518 
0 0.468099 0.068287 0.0882813 0.121759 
0 0.982943 0.56088 0.0320312 0.152315 
0 0.870703 0.124769 0.0372396 0.0606481 
0 0.866667 0.911343 0.0416667 0.0569444 
0 0.810547 0.465741 0.0523437 0.1 
0 0.908203 0.632407 0.0424479 0.0916667 
0 0.165625 0.283333 0.078125 0.143519 
0 0.414714 0.45787 0.0507812 0.0962963 
0 0.295443 0.921065 0.0643229 0.0782407 
0 0.834505 0.954861 0.0471354 0.0884259 
0 0.395964 0.756944 0.0372396 0.101852 
0 0.586458 0.463657 0.0536458 0.0689815 
0 0.620182 0.91412 0.0377604 0.113426 
0 0.065625 0.392593 0.059375 0.1 
0 0.814453 0.303472 0.0382813 0.110648 
0 0.336849 0.853935 0.0388021 0.133796 
0 0.645443 0.477778 0.0585938 0.0574074 
0 0.464844 0.340972 0.0609375 0.113426 
0 0.818359 0.652315 0.0481771 0.0814815 
0 0.493099 0.579398 0.0377604 0.171759 
0 0.15612 0.46088 0.0669271 0.0717593 
0 0.316406 0.420833 0.0333333 0.117593 
0 0.31276 0.18588 0.0395833 0.180093 
0 0.260807 0.781713 0.0335938 0.129167 
0 0.145313 0.950694 0.0442708 0.0930556 
0 0.799219 0.612963 0.0442708 0.0583333 
0 0.274479 0.177315 0.0484375 0.0509259 
0 0.771094 0.0347222 0.0354167 0.0583333 
0 0.734375 0.678472 0.0520833 0.0671296 
0 0.810026 0.159259 0.0549479 0.113889 
0 0.445312 0.399306 0.0510417 0.074537 
0 0.203255 0.396296 0.0664062 0.0787037 
0 0.193229 0.5375 0.0604167 0.0740741 
0 0.138542 0.0608796 0.0395833 0.0393519 
0 0.507422 0.801157 0.0565104 0.0615741 
0 0.358724 0.696296 0.0450521 0.0703704 
0 0.163281 0.812037 0.0479167 0.0953704 
0 0.764583 0.40463 0.0609375 0.0916667 
0 0.974089 0.959028 0.0476562 0.0782407 
0 0.126823 0.633565 0.0359375 0.0736111 
0 0.227474 0.358333 0.0393229 0.0777778 
0 0.0945313 0.930556 0.0479167 0.122222 
0 0.190365 0.597685 0.0421875 0.0648148 
0 0.197135 0.928704 0.0572917 0.05 
0 0.746615 0.501157 0.0416667 0.0717593 
0 0.91901 0.538194 0.0578125 0.119907 
