0 0.666536 0.0534722 0.0763021 0.0810185 
0 0.680729 0.926157 0.0526042 0.1375 
0 0.689974 0.557176 0.0591146 0.180093 
0 0.451172 0.208102 0.0867188 0.0652778 
0 0.318359 0.386806 0.0325521 0.0550926 
0 0.260677 0.0358796 0.0567708 0.0680556 
0 0.463542 0.811111 0.0494792 0.12037 
0 0.520573 0.90625 0.0713542 0.0680556 
0 0.344922 0.291898 0.0367187 0.0625 
0 0.376693 0.231713 0.0492188 0.0680556 
0 0.446354 0.437269 0.0375 0.0523148 
0 0.411198 0.682407 0.034375 0.0916667 
0 0.509245 0.509954 0.0585938 0.0671296 
0 0.635286 0.903704 0.0372396 0.171296 
0 0.0852865 0.344676 0.0596354 0.0541667 
0 0.531771 0.312037 0.0541667 0.0694444 
0 0.570703 0.552778 0.0346354 0.0685185 
0 0.692839 0.434259 0.0950521 0.0657407 
0 0.644922 0.576852 0.0236979 0.0925926 
0 0.542057 0.765741 0.0476562 0.103704 
0 0.0440104 0.645833 0.0333333 0.103704 
0 0.146615 0.650694 0.0380208 0.0578704 
0 0.354818 0.627546 0.0242187 0.102315 
0 0.742578 0.800694 0.0638021 0.0587963 
0 0.215104 0.632639 0.0760417 0.0625 
0 0.442708 0.0344907 0.0671875 0.0662037 
0 0.301302 0.636806 0.0286458 0.135648 
0 0.532292 0.684028 0.0796875 0.0643518 
0 0.369141 0.42037 0.0273438 0.114815 
0 0.44362 0.894907 0.0653646 0.0777778 
0 0.312891 0.44375 0.0351562 0.0402778 
0 0.338411 0.53588 0.0231771 0.0875 
0 0.138281 0.115741 0.0395833 0.062963 
0 0.401693 0.963426 0.0549479 0.0731481 
0 0.161849 0.580324 0.0377604 0.0615741 
0 0.476042 0.265972 0.0614583 0.0430556 
0 0.124089 0.828472 0.0341146 0.0726852 
0 0.482422 0.462963 0.0434896 0.118519 
0 0.310807 0.796065 0.0335938 0.0476852 
0 0.23763 0.494676 0.0690104 0.0541667 
0 0.594792 0.693056 0.0255208 0.0731481 
0 0.0414063 0.171991 0.0354167 0.0958333 
0 0.270052 0.591898 0.0291667 0.0689815 
0 0.198568 0.460185 0.0445312 0.0472222 
0 0.388411 0.633565 0.0283854 0.128241 
0 0.185286 0.368287 0.0513021 0.0773148 
0 0.139193 0.881944 0.0414063 0.0990741 
0 0.548828 0.231481 0.0763021 0.05 
0 0.54388 0.64838 0.0393229 0.0356481 
0 0.445703 0.137037 0.0351562 0.037037 
0 0.520964 0.453704 0.0497396 0.0722222 
0 0.0279948 0.743519 0.0549479 0.0546296 
0 0.133854 0.71875 0.0265625 0.0634259 
0 0.142578 0.0664352 0.0617188 0.0523148 
0 0.16849 0.182639 0.0354167 0.103241 
0 0.609375 0.136574 0.0885417 0.0731481 
0 0.0835937 0.498611 0.0958333 0.0518519 
0 0.226042 0.733565 0.0411458 0.0800926 
0 0.0554687 0.916667 0.0375 0.0657407 
0 0.521875 0.252315 0.0401042 0.0814815 
0 0.515625 0.966204 0.0786458 0.0666667 
0 0.601562 0.616204 0.0401042 0.087037 
0 0.39974 0.763657 0.0864583 0.0689815 
