0 0.857943 0.0708333 0.0726563 0.123148 
0 0.757292 0.256481 0.0739583 0.0990741 
0 0.965234 0.250463 0.0533854 0.14537 
0 0.0988281 0.172917 0.0804688 0.128241 
0 0.614323 0.0435185 0.0723958 0.0861111 
0 0.822786 0.0409722 0.0466146 0.0578704 
0 0.402995 0.353935 0.0372396 0.102315 
0 0.672917 0.031713 0.0588542 0.0625 
0 0.582422 0.947917 0.0414063 0.102315 
0 0.938411 0.517824 0.0445312 0.0736111 
0 0.474219 0.311806 0.0458333 0.108796 
0 0.980469 0.59375 0.0380208 0.102315 
0 0.251563 0.218981 0.0708333 0.130556 
0 0.898958 0.370833 0.04375 0.0759259 
0 0.301953 0.272454 0.0632813 0.0800926 
0 0.0606771 0.861111 0.0442708 0.107407 
0 0.195964 0.308333 0.0763021 0.0898148 
0 0.263281 0.47662 0.0494792 0.0828704 
0 0.204167 0.239583 0.0317708 0.0810185 
0 0.815885 0.374537 0.0453125 0.1 
0 0.365495 0.585417 0.0591146 0.0699074 
0 0.176302 0.493519 0.0864583 0.0638889 
0 0.0378906 0.225694 0.0669271 0.103241 
0 0.780339 0.4375 0.0382813 0.0861111 
0 0.282031 0.39213 0.0411458 0.0648148 
0 0.174479 0.602546 0.0744792 0.0662037 
0 0.108203 0.816898 0.0408854 0.0986111 
0 0.532292 0.527546 0.0510417 0.0791667 
0 0.296224 0.677546 0.0674479 0.0763889 
0 0.0184896 0.13287 0.0338542 0.0583333 
0 0.611328 0.535417 0.0580729 0.0597222 
0 0.0419271 0.306713 0.0682292 0.0532407 
0 0.089974 0.453472 0.0471354 0.0921296 
0 0.875911 0.438657 0.0695312 0.0615741 
0 0.919401 0.462963 0.0476562 0.115741 
0 0.530208 0.798148 0.0494792 0.118519 
0 0.64401 0.32338 0.0552083 0.0810185 
0 0.382552 0.509722 0.0338542 0.139815 
0 0.727083 0.571065 0.0791667 0.131944 
0 0.411328 0.901157 0.0632813 0.0810185 
0 0.977474 0.868519 0.0424479 0.136111 
0 0.748568 0.955787 0.0622396 0.0856481 
0 0.369792 0.755324 0.040625 0.0902778 
0 0.419401 0.724306 0.0403646 0.0837963 
0 0.0985677 0.325694 0.0361979 0.136574 
0 0.568359 0.111806 0.0320312 0.0541667 
0 0.333984 0.206481 0.0648438 0.0509259 
0 0.157552 0.935648 0.0348958 0.0518519 
