0 0.618099 0.110185 0.0502604 0.108333 
0 0.707943 0.896528 0.0585938 0.0625 
0 0.53763 0.487963 0.0507812 0.123148 
0 0.207813 0.031713 0.0291667 0.0523148 
0 0.633724 0.209259 0.0414063 0.114815 
0 0.513672 0.0520833 0.0544271 0.0958333 
0 0.341797 0.969676 0.0361979 0.0578704 
0 0.0496094 0.355093 0.0419271 0.0583333 
0 0.0229167 0.0219907 0.0432292 0.0439815 
0 0.580078 0.682176 0.0799479 0.0828704 
0 0.436849 0.324306 0.0554687 0.0449074 
0 0.119271 0.841204 0.0703125 0.0657407 
0 0.317839 0.920139 0.0565104 0.100463 
0 0.284375 0.686343 0.0802083 0.0578704 
0 0.436979 0.043287 0.0723958 0.0800926 
0 0.37526 0.910648 0.0291667 0.0537037 
0 0.580599 0.320833 0.0513021 0.0685185 
0 0.507812 0.213426 0.046875 0.0601852 
0 0.582943 0.538194 0.0606771 0.114352 
0 0.349609 0.726852 0.0471354 0.087037 
0 0.226042 0.319907 0.0692708 0.0425926 
0 0.159375 0.265972 0.0630208 0.0615741 
0 0.503906 0.905556 0.053125 0.167593 
0 0.405208 0.452083 0.0567708 0.111574 
0 0.0795573 0.504861 0.0289063 0.0652778 
0 0.558594 0.782176 0.0645833 0.125463 
0 0.490495 0.737963 0.0440104 0.062963 
0 0.29388 0.143519 0.0455729 0.0444444 
0 0.579167 0.871528 0.0401042 0.179167 
0 0.736849 0.229167 0.0450521 0.0537037 
0 0.198828 0.447917 0.0341146 0.125463 
0 0.589323 0.611111 0.0666667 0.0648148 
0 0.380208 0.197917 0.0364583 0.0421296 
0 0.570833 0.368981 0.034375 0.0462963 
0 0.164453 0.388657 0.0388021 0.0856481 
0 0.0416667 0.508796 0.0354167 0.0962963 
0 0.118359 0.107639 0.0330729 0.0550926 
0 0.622135 0.954167 0.0401042 0.037963 
0 0.291536 0.434259 0.0575521 0.0601852 
0 0.652344 0.128935 0.0510417 0.0550926 
0 0.0315104 0.867593 0.0322917 0.0657407 
0 0.475651 0.352778 0.0283854 0.0435185 
0 0.344271 0.528704 0.0484375 0.0583333 
0 0.256771 0.856481 0.0322917 0.075 
0 0.0304688 0.109028 0.0291667 0.0634259 
0 0.499349 0.803241 0.0325521 0.0601852 
