0 0.0177083 0.628472 0.0322917 0.074537 
0 0.175 0.534491 0.0380208 0.0902778 
0 0.54349 0.316435 0.0479167 0.134722 
0 0.0924479 0.632407 0.0395833 0.0787037 
0 0.549349 0.878472 0.0429688 0.0773148 
0 0.757812 0.435648 0.0442708 0.114815 
0 0.834505 0.544676 0.0440104 0.0930556 
0 0.276432 0.511806 0.0471354 0.0726852 
0 0.461849 0.799074 0.0398437 0.0675926 
0 0.488021 0.517824 0.0401042 0.0763889 
0 0.339453 0.785185 0.0372396 0.0814815 
0 0.96875 0.0835648 0.0515625 0.116204 
0 0.884766 0.341204 0.0309896 0.0601852 
0 0.585938 0.512963 0.028125 0.0935185 
0 0.320052 0.520833 0.0479167 0.0638889 
0 0.771484 0.397917 0.0403646 0.0680556 
0 0.764193 0.869676 0.0596354 0.0523148 
0 0.701693 0.480787 0.0252604 0.0949074 
0 0.286849 0.597685 0.0507812 0.0657407 
0 0.794401 0.53287 0.0382813 0.0759259 
0 0.234635 0.902778 0.0588542 0.0574074 
0 0.722656 0.600231 0.046875 0.074537 
0 0.614714 0.244907 0.0388021 0.087037 
0 0.866667 0.493519 0.0447917 0.0953704 
0 0.607422 0.78125 0.0320312 0.0763889 
0 0.487109 0.871528 0.0356771 0.0791667 
0 0.188542 0.743056 0.0447917 0.0666667 
0 0.918359 0.646528 0.0471354 0.0541667 
0 0.0695312 0.153241 0.0546875 0.062037 
0 0.369531 0.903704 0.0625 0.0814815 
0 0.460156 0.405093 0.034375 0.0925926 
0 0.541536 0.974306 0.0513021 0.0513889 
0 0.424089 0.529861 0.0393229 0.0773148 
0 0.501432 0.689352 0.0533854 0.0694444 
0 0.708984 0.830787 0.0304688 0.0976852 
0 0.894531 0.762963 0.0333333 0.062037 
0 0.245833 0.827778 0.0458333 0.062037 
0 0.591406 0.961806 0.0390625 0.0643518 
0 0.558594 0.595833 0.0427083 0.0481481 
0 0.57474 0.722222 0.0427083 0.0657407 
0 0.694792 0.340509 0.03125 0.0615741 
0 0.822266 0.266667 0.0299479 0.102778 
0 0.221094 0.65463 0.0385417 0.0564815 
0 0.628906 0.713889 0.0234375 0.0935185 
0 0.868099 0.85 0.0372396 0.0925926 
0 0.274219 0.693519 0.0380208 0.0703704 
0 0.752995 0.234028 0.0325521 0.0569444 
0 0.816927 0.738194 0.0494792 0.0736111 
0 0.0601562 0.306944 0.059375 0.0981481 
0 0.838281 0.152778 0.0375 0.100926 
0 0.508333 0.277315 0.028125 0.0777778 
0 0.0222656 0.921759 0.0445312 0.0731481 
0 0.721615 0.234491 0.0395833 0.0606481 
0 0.282422 0.88588 0.0231771 0.0782407 
0 0.260938 0.979167 0.0494792 0.0398148 
0 0.0951823 0.824074 0.0398437 0.0814815 
0 0.36276 0.591204 0.0322917 0.0611111 
