0 0.954557 0.659028 0.0554687 0.133796 
0 0.344271 0.598148 0.0338542 0.105556 
0 0.192057 0.638426 0.0627604 0.175 
0 0.960938 0.820833 0.0729167 0.0861111 
0 0.502995 0.478704 0.0528646 0.0972222 
0 0.89987 0.665046 0.0523437 0.0921296 
0 0.837891 0.111111 0.0388021 0.0703704 
0 0.425781 0.642593 0.0588542 0.114815 
0 0.725651 0.851157 0.0440104 0.139352 
0 0.536589 0.590509 0.0513021 0.074537 
0 0.102734 0.550231 0.0513021 0.179167 
0 0.377474 0.873611 0.0601562 0.0805556 
0 0.23763 0.719676 0.0721354 0.109722 
0 0.548828 0.42662 0.0330729 0.100463 
0 0.738802 0.565509 0.0588542 0.110648 
0 0.244922 0.164815 0.0523437 0.0916667 
0 0.419661 0.0543981 0.0356771 0.074537 
0 0.979557 0.498148 0.0393229 0.0601852 
0 0.097526 0.263194 0.0320312 0.0550926 
0 0.641146 0.924537 0.0489583 0.132407 
0 0.511198 0.318981 0.0380208 0.0787037 
0 0.981901 0.953241 0.0361979 0.0824074 
0 0.47487 0.688889 0.0320312 0.0398148 
0 0.300521 0.883565 0.0458333 0.103241 
0 0.424089 0.536574 0.0278646 0.0583333 
0 0.496094 0.797222 0.0458333 0.0972222 
0 0.0208333 0.191898 0.0380208 0.0550926 
0 0.494661 0.874306 0.0315104 0.0541667 
0 0.783203 0.41713 0.0471354 0.105556 
0 0.811979 0.69838 0.040625 0.0541667 
0 0.534115 0.747917 0.0395833 0.0634259 
0 0.546354 0.336806 0.0546875 0.0523148 
0 0.0348958 0.0525463 0.0541667 0.0949074 
0 0.701172 0.594213 0.0341146 0.0921296 
0 0.194792 0.146528 0.0432292 0.049537 
0 0.895573 0.849769 0.0317708 0.0689815 
0 0.465104 0.615741 0.0458333 0.0601852 
0 0.758724 0.509722 0.0440104 0.0740741 
0 0.0579427 0.823843 0.0518229 0.0921296 
0 0.49987 0.212731 0.0367187 0.0810185 
