0 0.365755 0.0368056 0.0429688 0.0736111 
0 0.317187 0.541204 0.0609375 0.0907407 
0 0.914583 0.176852 0.04375 0.0685185 
0 0.968229 0.647222 0.0526042 0.0824074 
0 0.199479 0.173148 0.0421875 0.0833333 
0 0.901302 0.253472 0.0291667 0.0569444 
0 0.442448 0.0719907 0.0526042 0.0652778 
0 0.089974 0.120139 0.0341146 0.105093 
0 0.383073 0.5625 0.0395833 0.0592593 
0 0.83776 0.117593 0.046875 0.0694444 
0 0.753906 0.268056 0.0380208 0.0527778 
0 0.873568 0.125926 0.0377604 0.156481 
0 0.793359 0.123843 0.0278646 0.0856481 
0 0.897526 0.731713 0.0356771 0.0652778 
0 0.636719 0.715741 0.0411458 0.0712963 
0 0.0901042 0.261574 0.0375 0.0722222 
0 0.426953 0.572917 0.0414063 0.0726852 
0 0.424349 0.241204 0.0492188 0.062037 
0 0.88776 0.646296 0.0463542 0.0796296 
0 0.122526 0.649306 0.0450521 0.0689815 
0 0.28151 0.483333 0.0296875 0.0777778 
0 0.0167969 0.395139 0.0315104 0.105093 
0 0.515625 0.266898 0.0619792 0.116204 
0 0.76901 0.448843 0.0432292 0.0791667 
0 0.448568 0.341204 0.0320312 0.0490741 
0 0.104297 0.461806 0.0393229 0.0606481 
0 0.205469 0.306713 0.0598958 0.0912037 
0 0.167969 0.179167 0.0317708 0.0981481 
0 0.97513 0.892361 0.0466146 0.0875 
0 0.260417 0.211806 0.040625 0.0578704 
