0 0.545833 0.9375 0.0489583 0.125 
0 0.648438 0.46875 0.0494792 0.165278 
0 0.509245 0.0766204 0.0460938 0.145833 
0 0.476823 0.891667 0.0786458 0.0509259 
0 0.234115 0.733565 0.0447917 0.0569444 
0 0.747656 0.324074 0.0817708 0.0824074 
0 0.344531 0.0511574 0.0598958 0.0671296 
0 0.566406 0.668056 0.05625 0.0962963 
0 0.272656 0.141898 0.0463542 0.0958333 
0 0.284375 0.318056 0.0458333 0.0555556 
0 0.569271 0.328241 0.0541667 0.0574074 
0 0.179948 0.224537 0.0484375 0.0648148 
0 0.208464 0.146528 0.0367187 0.0847222 
0 0.527344 0.647222 0.0322917 0.135185 
0 0.611328 0.365509 0.0486979 0.0708333 
0 0.754427 0.39537 0.0401042 0.0583333 
0 0.307161 0.566435 0.0471354 0.0541667 
0 0.568359 0.268287 0.0778646 0.0578704 
0 0.242448 0.400694 0.0526042 0.0587963 
0 0.147266 0.798148 0.0533854 0.0712963 
0 0.390885 0.703472 0.0458333 0.0486111 
0 0.602995 0.430093 0.0403646 0.0518519 
0 0.156771 0.246528 0.0239583 0.0652778 
0 0.157813 0.118519 0.0364583 0.0675926 
0 0.67474 0.628472 0.0421875 0.0541667 
0 0.602995 0.0680556 0.0325521 0.128704 
0 0.432813 0.693287 0.0286458 0.116204 
0 0.0122396 0.0875 0.0244792 0.062037 
0 0.676302 0.880093 0.0333333 0.05 
0 0.499089 0.980324 0.0570313 0.0393519 
0 0.708073 0.5625 0.0442708 0.112963 
0 0.254427 0.45 0.0447917 0.0583333 
0 0.0727865 0.514815 0.0304688 0.0722222 
0 0.321094 0.709722 0.0536458 0.0712963 
0 0.576693 0.735417 0.0195312 0.075463 
0 0.848177 0.171296 0.0338542 0.0648148 
0 0.913151 0.619907 0.0408854 0.0601852 
0 0.748047 0.688889 0.0643229 0.0583333 
0 0.321224 0.77963 0.0273438 0.0444444 
0 0.268099 0.208333 0.0247396 0.0462963 
0 0.413021 0.0921296 0.0328125 0.0861111 
0 0.260286 0.524769 0.0356771 0.0532407 
0 0.273958 0.600694 0.0333333 0.0773148 
0 0.674219 0.549074 0.03125 0.0694444 
0 0.0253906 0.0212963 0.0507812 0.0425926 
0 0.257552 0.0425926 0.04375 0.0712963 
0 0.11237 0.340972 0.0341146 0.0625 
0 0.598568 0.227083 0.0513021 0.0560185 
0 0.231641 0.341898 0.0294271 0.050463 
0 0.347396 0.378935 0.0385417 0.0643518 
0 0.207682 0.836806 0.0429688 0.0449074 
0 0.374089 0.345602 0.0351562 0.0726852 
0 0.197917 0.64838 0.0369792 0.0532407 
0 0.505339 0.572454 0.0361979 0.122685 
0 0.222005 0.197917 0.0361979 0.0541667 
0 0.472396 0.66875 0.0473958 0.0421296 
0 0.306901 0.833333 0.0325521 0.0537037 
