0 0.944792 0.530324 0.0609375 0.202315 
0 0.817839 0.318056 0.0523437 0.130556 
0 0.0845052 0.249306 0.0539063 0.123611 
0 0.0338542 0.550463 0.0671875 0.137037 
0 0.960417 0.936574 0.0510417 0.117593 
0 0.180339 0.187963 0.0554687 0.0944444 
0 0.554688 0.706019 0.0401042 0.142593 
0 0.254818 0.281019 0.0960938 0.0814815 
0 0.152604 0.349074 0.0427083 0.116667 
0 0.0295573 0.453009 0.0398437 0.0606481 
0 0.398177 0.799306 0.046875 0.120833 
0 0.639714 0.217824 0.0429688 0.149537 
0 0.327344 0.631944 0.0442708 0.105556 
0 0.940495 0.393287 0.0653646 0.0884259 
0 0.260547 0.410648 0.0460938 0.0592593 
0 0.771484 0.956481 0.0804688 0.087037 
0 0.327865 0.394213 0.0265625 0.0513889 
0 0.129818 0.735648 0.0518229 0.0740741 
0 0.759766 0.600694 0.108594 0.123611 
0 0.609375 0.74213 0.0604167 0.0888889 
0 0.213151 0.88287 0.0289063 0.0888889 
