0 0.940495 0.151852 0.110156 0.126852 
0 0.792969 0.626389 0.0953125 0.155556 
0 0.505859 0.583565 0.0658854 0.101389 
0 0.63724 0.53287 0.0760417 0.143519 
0 0.717839 0.287037 0.0695312 0.0962963 
0 0.71237 0.697685 0.0533854 0.0814815 
0 0.476302 0.932407 0.0744792 0.109259 
0 0.536589 0.327083 0.0773437 0.0625 
0 0.651823 0.0893519 0.0567708 0.160185 
0 0.683073 0.67662 0.0541667 0.0708333 
0 0.859375 0.370833 0.0890625 0.0648148 
0 0.827214 0.141204 0.0695312 0.0657407 
0 0.106771 0.414583 0.0453125 0.0476852 
0 0.702214 0.790509 0.0346354 0.123611 
0 0.707552 0.514352 0.0447917 0.164815 
0 0.742188 0.486574 0.0666667 0.0842593 
0 0.647005 0.816898 0.0539063 0.116204 
0 0.481641 0.326389 0.0481771 0.10463 
0 0.57474 0.534259 0.0510417 0.139815 
0 0.50625 0.786343 0.0515625 0.049537 
0 0.236719 0.940046 0.040625 0.0541667 
0 0.232682 0.746528 0.0533854 0.0782407 
0 0.452734 0.117824 0.0294271 0.099537 
0 0.0363281 0.93912 0.0513021 0.0949074 
0 0.545833 0.824769 0.034375 0.0513889 
0 0.446615 0.21088 0.0645833 0.0439815 
0 0.238932 0.236111 0.0783854 0.137963 
0 0.348568 0.930556 0.0414063 0.10463 
0 0.621615 0.974537 0.0484375 0.0509259 
0 0.711458 0.164352 0.0671875 0.159259 
0 0.362109 0.248148 0.0424479 0.0675926 
0 0.116276 0.125926 0.0486979 0.0712963 
0 0.244531 0.34838 0.0380208 0.0689815 
0 0.154297 0.96875 0.0559896 0.0615741 
0 0.559635 0.0766204 0.0484375 0.0587963 
0 0.128385 0.646759 0.046875 0.0675926 
0 0.39375 0.0275463 0.0802083 0.0550926 
0 0.065625 0.605556 0.0286458 0.0435185 
0 0.709505 0.0569444 0.0575521 0.0509259 
0 0.36237 0.856713 0.0481771 0.0430556 
0 0.580078 0.880324 0.0388021 0.0523148 
0 0.279687 0.894213 0.0369792 0.131019 
0 0.582031 0.75162 0.0630208 0.106019 
0 0.807552 0.746528 0.0291667 0.0430556 
0 0.0951823 0.818519 0.0617188 0.0842593 
0 0.304036 0.756019 0.0528646 0.0527778 
