0 0.845703 0.355556 0.0450521 0.117593 
0 0.809115 0.192361 0.0729167 0.130093 
0 0.391406 0.457176 0.0671875 0.104167 
0 0.160547 0.478009 0.0700521 0.0800926 
0 0.36224 0.56088 0.0505208 0.0921296 
0 0.261979 0.521759 0.05 0.0759259 
0 0.64362 0.106481 0.0424479 0.05 
0 0.81888 0.675926 0.0481771 0.0537037 
0 0.315625 0.467824 0.0598958 0.0578704 
0 0.894141 0.452315 0.0679687 0.0638889 
0 0.675781 0.616667 0.0484375 0.0861111 
0 0.350391 0.366435 0.0601562 0.0560185 
0 0.807161 0.745139 0.0341146 0.0662037 
0 0.413151 0.341898 0.0315104 0.0939815 
0 0.530339 0.754861 0.0445312 0.0689815 
0 0.353906 0.690972 0.0427083 0.0810185 
0 0.713932 0.954861 0.0231771 0.0810185 
0 0.446354 0.455324 0.0489583 0.0689815 
0 0.0229167 0.532407 0.0442708 0.0731481 
0 0.483333 0.461111 0.0385417 0.0824074 
0 0.498047 0.347685 0.0315104 0.0768519 
0 0.320312 0.764352 0.0567708 0.075 
0 0.423047 0.603472 0.0565104 0.0893519 
0 0.41237 0.74213 0.0393229 0.0481481 
0 0.731901 0.268519 0.0408854 0.136111 
0 0.954557 0.237731 0.0606771 0.099537 
0 0.85013 0.730556 0.0325521 0.0925926 
0 0.788151 0.540741 0.0403646 0.0888889 
0 0.0657552 0.558565 0.0471354 0.0643518 
0 0.929688 0.784722 0.0432292 0.10463 
0 0.853516 0.881944 0.0403646 0.0851852 
0 0.623958 0.85625 0.05 0.0791667 
0 0.885156 0.729167 0.0385417 0.0925926 
0 0.0402344 0.712731 0.0341146 0.104167 
0 0.0238281 0.618981 0.0403646 0.0981481 
0 0.304688 0.406944 0.0369792 0.103704 
