0 0.513672 0.32338 0.0763021 0.108796 
0 0.569922 0.191898 0.0648438 0.0625 
0 0.475391 0.262269 0.0450521 0.109722 
0 0.89987 0.624768 0.0695312 0.0810185 
0 0.483594 0.579861 0.0421875 0.125463 
0 0.208984 0.405787 0.0539063 0.102315 
0 0.101823 0.744213 0.0546875 0.145833 
0 0.23138 0.162269 0.0382813 0.0708333 
0 0.301562 0.7625 0.0427083 0.062037 
0 0.548828 0.0259259 0.0434896 0.0518519 
0 0.764583 0.727778 0.0447917 0.126852 
0 0.189714 0.777315 0.0377604 0.107407 
0 0.624089 0.81088 0.0617188 0.0939815 
0 0.361328 0.575926 0.0533854 0.0712963 
0 0.424089 0.752083 0.0471354 0.0921296 
0 0.851042 0.77338 0.0536458 0.0717593 
0 0.161068 0.901157 0.0518229 0.074537 
0 0.704036 0.3 0.0304688 0.0888889 
0 0.0190104 0.572917 0.0369792 0.0708333 
0 0.927734 0.0428241 0.0856771 0.0791667 
0 0.388021 0.938426 0.0567708 0.112963 
0 0.948177 0.453935 0.0625 0.0634259 
0 0.255859 0.4 0.0539063 0.0583333 
