0 0.653776 0.0407407 0.0768229 0.0814815 
0 0.683073 0.851157 0.0354167 0.109722 
0 0.463672 0.376852 0.0476562 0.0824074 
0 0.798828 0.643056 0.0736979 0.0805556 
0 0.580469 0.265046 0.0494792 0.119907 
0 0.474609 0.729167 0.0695312 0.0694444 
0 0.517057 0.521528 0.0643229 0.0699074 
0 0.420833 0.828935 0.0354167 0.0662037 
0 0.511719 0.750926 0.0515625 0.0990741 
0 0.434245 0.0678241 0.0382813 0.0439815 
0 0.258333 0.185648 0.0375 0.0518519 
0 0.628385 0.944444 0.03125 0.107407 
0 0.308594 0.929861 0.0557292 0.0828704 
0 0.796875 0.838194 0.0317708 0.0726852 
0 0.236068 0.340972 0.0507812 0.0597222 
0 0.82526 0.961806 0.0458333 0.050463 
0 0.421094 0.122222 0.0354167 0.0638889 
0 0.370313 0.251157 0.0369792 0.0467593 
0 0.145833 0.27037 0.0239583 0.05 
0 0.266276 0.564352 0.0315104 0.0981481 
0 0.705599 0.625463 0.0273438 0.0462963 
0 0.0321615 0.43912 0.0403646 0.0393519 
0 0.571875 0.421759 0.0364583 0.087963 
0 0.639063 0.725231 0.0354167 0.110648 
0 0.277734 0.401389 0.0570313 0.0453704 
0 0.70651 0.159491 0.0364583 0.0402778 
0 0.882812 0.569907 0.0427083 0.062037 
0 0.0117188 0.540278 0.0197917 0.0712963 
0 0.43138 0.380556 0.0289063 0.0944444 
0 0.763672 0.487269 0.0294271 0.0884259 
0 0.557682 0.0263889 0.0835937 0.0527778 
0 0.0895833 0.0474537 0.0458333 0.0393519 
0 0.291667 0.674537 0.0380208 0.087037 
0 0.40638 0.493981 0.0320312 0.0768519 
0 0.1125 0.828009 0.0296875 0.0550926 
0 0.370703 0.0247685 0.0315104 0.049537 
0 0.488021 0.281944 0.0520833 0.0944444 
0 0.298828 0.0664352 0.0377604 0.0541667 
0 0.0208333 0.152546 0.025 0.0828704 
0 0.330339 0.491898 0.0591146 0.0699074 
0 0.750911 0.927083 0.0283854 0.074537 
0 0.0684896 0.188889 0.0432292 0.0555556 
0 0.198698 0.470602 0.05625 0.0865741 
0 0.279557 0.0280093 0.0252604 0.0560185 
0 0.416016 0.948843 0.0523437 0.0791667 
0 0.23763 0.846296 0.0242187 0.103704 
0 0.0203125 0.379167 0.040625 0.0555556 
0 0.0958333 0.287269 0.0265625 0.0513889 
0 0.249609 0.923611 0.0528646 0.0722222 
0 0.44362 0.537037 0.0861979 0.0555556 
0 0.760286 0.756944 0.0877604 0.0546296 
0 0.191536 0.343056 0.0627604 0.0648148 
0 0.804688 0.745602 0.0244792 0.0560185 
0 0.283203 0.251389 0.0679687 0.0601852 
0 0.194792 0.241204 0.0510417 0.0861111 
0 0.164714 0.796065 0.0476562 0.0587963 
0 0.213411 0.0634259 0.0627604 0.0842593 
0 0.451432 0.256713 0.0263021 0.0893519 
0 0.598177 0.50463 0.0458333 0.0814815 
0 0.539062 0.799537 0.0244792 0.062037 
0 0.684115 0.500463 0.0401042 0.0592593 
0 0.0799479 0.2625 0.0463542 0.0555556 
0 0.165234 0.589815 0.0289063 0.0833333 
0 0.696745 0.534722 0.0440104 0.0611111 
