0 0.622526 0.426157 0.0476562 0.0930556 
0 0.693359 0.184491 0.0523437 0.0726852 
0 0.754948 0.736343 0.0453125 0.0810185 
0 0.725651 0.674306 0.0523437 0.0513889 
0 0.869661 0.581713 0.0346354 0.0532407 
0 0.976562 0.924537 0.0416667 0.0657407 
0 0.513672 0.900926 0.0346354 0.0509259 
0 0.716276 0.445139 0.0523437 0.135648 
0 0.223177 0.382407 0.0401042 0.0657407 
0 0.582552 0.818287 0.0677083 0.0662037 
0 0.661068 0.239583 0.0507812 0.0486111 
0 0.702604 0.951389 0.0822917 0.0861111 
0 0.746615 0.8875 0.0395833 0.0509259 
0 0.255729 0.664352 0.04375 0.037037 
0 0.34388 0.934028 0.0419271 0.0513889 
0 0.849089 0.376157 0.0205729 0.074537 
0 0.946745 0.794213 0.0434896 0.0726852 
0 0.0208333 0.880556 0.0364583 0.062963 
0 0.569792 0.271991 0.0583333 0.0652778 
0 0.376693 0.805324 0.0361979 0.0412037 
0 0.647917 0.716435 0.0609375 0.0458333 
0 0.408464 0.623148 0.0382813 0.0425926 
0 0.504427 0.741898 0.0447917 0.0643518 
0 0.857422 0.313657 0.0294271 0.0625 
0 0.540495 0.363889 0.0325521 0.0805556 
0 0.0157552 0.606713 0.0294271 0.0615741 
0 0.403255 0.950463 0.0351562 0.0916667 
0 0.0160156 0.0972222 0.0320312 0.0388889 
0 0.505339 0.854167 0.0539063 0.0907407 
0 0.381901 0.0560185 0.0372396 0.0898148 
0 0.377865 0.440741 0.034375 0.0490741 
0 0.149219 0.0180556 0.0296875 0.0324074 
0 0.695312 0.376157 0.0578125 0.0652778 
0 0.811068 0.327778 0.0174479 0.0527778 
0 0.556641 0.0421296 0.0429688 0.075 
0 0.439714 0.77037 0.0440104 0.0768519 
0 0.0653646 0.402315 0.0442708 0.0435185 
0 0.196484 0.150463 0.0414063 0.0518519 
0 0.445703 0.92963 0.0367187 0.0435185 
