0 0.848177 0.287731 0.0770833 0.126389 
0 0.630859 0.110648 0.0486979 0.109259 
0 0.534245 0.261574 0.0273438 0.0805556 
0 0.92526 0.712731 0.0520833 0.0875 
0 0.335677 0.319444 0.0401042 0.0814815 
0 0.1875 0.480556 0.0385417 0.0611111 
0 0.420182 0.55625 0.0424479 0.0884259 
0 0.76849 0.659259 0.0354167 0.101852 
0 0.576172 0.47338 0.0513021 0.0634259 
0 0.713802 0.0331019 0.0432292 0.0513889 
0 0.490365 0.620602 0.0427083 0.0550926 
0 0.0332031 0.535185 0.0320312 0.0777778 
0 0.880859 0.542593 0.0549479 0.0666667 
0 0.642057 0.432176 0.0372396 0.0708333 
0 0.965755 0.648843 0.0257812 0.0810185 
0 0.944792 0.0439815 0.0541667 0.0814815 
0 0.495443 0.301389 0.0627604 0.0851852 
0 0.788021 0.159028 0.021875 0.0800926 
0 0.645964 0.792593 0.0513021 0.0787037 
0 0.650391 0.25463 0.0554687 0.0509259 
0 0.553255 0.177083 0.0382813 0.0652778 
0 0.828125 0.96875 0.0505208 0.0615741 
0 0.438151 0.301157 0.0346354 0.0949074 
0 0.893099 0.424537 0.0377604 0.105556 
0 0.949609 0.57662 0.0476562 0.0634259 
0 0.345964 0.790278 0.0372396 0.0935185 
0 0.475521 0.394444 0.0671875 0.100926 
0 0.801172 0.76088 0.0294271 0.0930556 
0 0.51224 0.974306 0.0598958 0.0513889 
0 0.772526 0.908102 0.0424479 0.0680556 
0 0.966406 0.911574 0.0458333 0.0925926 
0 0.770573 0.211343 0.0390625 0.0726852 
