0 0.719661 0.348148 0.0382813 0.118519 
0 0.039974 0.558102 0.0361979 0.0912037 
0 0.506771 0.354167 0.0760417 0.0675926 
0 0.311458 0.455556 0.0645833 0.0722222 
0 0.206641 0.235648 0.0294271 0.101852 
0 0.159896 0.28912 0.0510417 0.074537 
0 0.427083 0.721991 0.05625 0.0976852 
0 0.848568 0.488657 0.0424479 0.0615741 
0 0.470443 0.538194 0.0304688 0.110648 
0 0.8375 0.374306 0.0354167 0.0726852 
0 0.468229 0.842824 0.0395833 0.101389 
0 0.672266 0.875926 0.0429688 0.0472222 
0 0.852083 0.235417 0.0375 0.0560185 
0 0.667969 0.514352 0.0630208 0.0666667 
0 0.695833 0.594676 0.0427083 0.0699074 
0 0.648047 0.211574 0.0320312 0.119444 
0 0.629427 0.394213 0.0354167 0.0699074 
0 0.545964 0.178472 0.0351562 0.0699074 
0 0.577604 0.874537 0.040625 0.062037 
0 0.82474 0.547685 0.0291667 0.112963 
0 0.0169271 0.731713 0.0317708 0.0541667 
0 0.196875 0.666667 0.0479167 0.0824074 
0 0.97513 0.603704 0.0434896 0.0805556 
0 0.932031 0.603704 0.0322917 0.0981481 
0 0.826563 0.270602 0.040625 0.110648 
0 0.652344 0.770833 0.0479167 0.0407407 
0 0.204948 0.462269 0.0640625 0.120833 
0 0.5625 0.741204 0.0427083 0.0787037 
0 0.949219 0.89838 0.0479167 0.0967593 
0 0.078125 0.0284722 0.06875 0.0569444 
0 0.1625 0.466667 0.0369792 0.133333 
0 0.582552 0.315278 0.034375 0.161111 
0 0.325521 0.35787 0.0463542 0.0388889 
0 0.616146 0.637269 0.0276042 0.120833 
0 0.257292 0.285185 0.0302083 0.122222 
0 0.178385 0.948611 0.0427083 0.0925926 
0 0.160677 0.76088 0.0270833 0.0726852 
