0 0.795833 0.160417 0.0442708 0.138426 
0 0.395964 0.47662 0.0763021 0.121759 
0 0.532682 0.477315 0.0596354 0.160185 
0 0.440104 0.635417 0.0505208 0.101389 
0 0.0705729 0.0849537 0.0484375 0.15787 
0 0.196484 0.58287 0.0632813 0.110185 
0 0.748958 0.264583 0.0348958 0.169907 
0 0.652344 0.769907 0.0322917 0.109259 
0 0.29349 0.43912 0.0333333 0.114352 
0 0.855078 0.570833 0.0320312 0.107407 
0 0.0877604 0.295602 0.0354167 0.106019 
0 0.0520833 0.697454 0.0505208 0.0550926 
0 0.571745 0.818981 0.0429688 0.130556 
0 0.604036 0.585648 0.0528646 0.125 
0 0.520052 0.347222 0.0739583 0.0787037 
0 0.627865 0.224769 0.0833333 0.0606481 
0 0.0610677 0.493519 0.0309896 0.0712963 
0 0.107943 0.21088 0.0398437 0.0560185 
0 0.365885 0.173611 0.0776042 0.0842593 
0 0.476823 0.923611 0.0677083 0.114815 
0 0.259635 0.341204 0.0375 0.0814815 
0 0.667057 0.0303241 0.0372396 0.0569444 
0 0.132292 0.691435 0.0598958 0.074537 
0 0.545833 0.711806 0.046875 0.0810185 
0 0.176563 0.956481 0.0520833 0.0824074 
0 0.248828 0.666204 0.0320312 0.0537037 
0 0.0432292 0.755556 0.0364583 0.0907407 
0 0.37474 0.430556 0.0473958 0.101852 
0 0.480208 0.827315 0.0494792 0.0814815 
0 0.243359 0.0733796 0.0721354 0.0884259 
0 0.978516 0.6875 0.0408854 0.149074 
