0 0.729557 0.590741 0.0507812 0.126852 
0 0.44388 0.303009 0.0367187 0.0643518 
0 0.73099 0.449537 0.0447917 0.0638889 
0 0.709375 0.0439815 0.04375 0.087963 
0 0.561068 0.535185 0.0377604 0.0509259 
0 0.580078 0.674306 0.0747396 0.0763889 
0 0.369922 0.183102 0.0403646 0.0689815 
0 0.597656 0.410417 0.0369792 0.0865741 
0 0.617708 0.972222 0.0395833 0.0527778 
0 0.492578 0.744907 0.0809896 0.0666667 
0 0.585938 0.748611 0.0541667 0.0972222 
0 0.642969 0.4125 0.0265625 0.0916667 
0 0.65625 0.622917 0.0369792 0.0680556 
0 0.497266 0.0298611 0.0252604 0.0597222 
0 0.351302 0.0247685 0.0411458 0.0393519 
0 0.547396 0.296991 0.0541667 0.0680556 
0 0.721745 0.290046 0.0382813 0.0421296 
0 0.630859 0.0983796 0.0429688 0.105093 
0 0.336458 0.209491 0.0536458 0.0939815 
0 0.300521 0.0266204 0.0369792 0.0532407 
0 0.669401 0.055787 0.0294271 0.0671296 
0 0.644922 0.546528 0.0346354 0.109722 
0 0.489323 0.408796 0.0411458 0.087963 
0 0.407943 0.0273148 0.0518229 0.0537037 
0 0.645052 0.254167 0.053125 0.0962963 
0 0.480469 0.615972 0.053125 0.075463 
0 0.419141 0.902778 0.0388021 0.0472222 
0 0.505859 0.87338 0.0408854 0.0689815 
0 0.6875 0.979398 0.0598958 0.0412037 
0 0.304167 0.472685 0.0296875 0.0574074 
0 0.658203 0.727083 0.0283854 0.0532407 
0 0.391406 0.705324 0.0307292 0.0847222 
0 0.540625 0.875926 0.0416667 0.0444444 
0 0.784635 0.471065 0.0572917 0.0587963 
0 0.553125 0.603704 0.0322917 0.0592593 
0 0.145182 0.133102 0.0367187 0.0560185 
0 0.109896 0.491435 0.0348958 0.0402778 
0 0.301042 0.0916667 0.0432292 0.0490741 
0 0.0807292 0.0930556 0.0333333 0.05 
0 0.652734 0.115509 0.0335938 0.0763889 
0 0.48099 0.265972 0.0421875 0.106019 
0 0.295703 0.596296 0.0330729 0.0555556 
0 0.408854 0.458333 0.0546875 0.062963 
0 0.13724 0.415046 0.0375 0.0513889 
0 0.502344 0.514815 0.0354167 0.0953704 
0 0.288411 0.934954 0.0346354 0.0449074 
0 0.714844 0.793056 0.0442708 0.0601852 
0 0.640625 0.324537 0.0369792 0.107407 
0 0.421615 0.771759 0.0421875 0.0509259 
0 0.121094 0.0328704 0.0359375 0.0361111 
