0 0.353516 0.837731 0.0372396 0.0902778 
0 0.759766 0.147917 0.0632813 0.103241 
0 0.384896 0.816435 0.0375 0.0513889 
0 0.73138 0.699537 0.0893229 0.124074 
0 0.473698 0.961111 0.0578125 0.0768519 
0 0.471875 0.628472 0.0333333 0.0467593 
0 0.0804688 0.296759 0.0583333 0.0944444 
0 0.811979 0.792593 0.0692708 0.0925926 
0 0.39362 0.434491 0.0674479 0.0662037 
0 0.232552 0.628009 0.0333333 0.0486111 
0 0.369271 0.134259 0.0619792 0.087963 
0 0.677214 0.946991 0.0320312 0.101389 
0 0.721224 0.0763889 0.0554687 0.0574074 
0 0.539583 0.0469907 0.0677083 0.0680556 
0 0.38776 0.933102 0.0515625 0.0625 
0 0.614714 0.171528 0.0356771 0.100463 
0 0.351302 0.709259 0.0348958 0.0888889 
0 0.270052 0.314352 0.0401042 0.0638889 
0 0.696745 0.475694 0.0424479 0.105093 
0 0.24349 0.359259 0.0484375 0.0898148 
0 0.228516 0.289352 0.0403646 0.0546296 
0 0.638672 0.216898 0.0361979 0.10787 
0 0.708984 0.21412 0.0835937 0.0708333 
0 0.409505 0.734722 0.0502604 0.0601852 
0 0.325 0.769907 0.0338542 0.0388889 
0 0.791536 0.269676 0.0419271 0.136574 
0 0.726042 0.612037 0.0760417 0.0712963 
0 0.415755 0.637269 0.0330729 0.113426 
0 0.304036 0.0988426 0.0492188 0.106944 
0 0.601172 0.291667 0.0377604 0.0953704 
0 0.652865 0.440046 0.034375 0.104167 
0 0.0798177 0.39838 0.0408854 0.0856481 
0 0.366927 0.498148 0.0458333 0.0601852 
0 0.129427 0.2625 0.0390625 0.0824074 
0 0.0540365 0.255556 0.0335938 0.0416667 
0 0.557161 0.717361 0.0388021 0.119907 
0 0.433333 0.814583 0.0411458 0.0736111 
0 0.13737 0.525 0.0382813 0.0574074 
0 0.623047 0.709954 0.0210938 0.0634259 
0 0.73099 0.934028 0.0520833 0.0773148 
0 0.461979 0.575231 0.0494792 0.0513889 
0 0.415495 0.559491 0.0330729 0.0615741 
0 0.412109 0.244444 0.0601562 0.062963 
0 0.735937 0.391435 0.034375 0.0597222 
0 0.683594 0.815972 0.0442708 0.0949074 
0 0.491667 0.0840278 0.0333333 0.0921296 
0 0.167969 0.230093 0.0322917 0.0472222 
0 0.25026 0.0657407 0.0359375 0.0611111 
0 0.929688 0.539352 0.0848958 0.165741 
0 0.522005 0.311111 0.0445312 0.108333 
0 0.640234 0.85 0.0570313 0.0740741 
0 0.602083 0.975231 0.0520833 0.049537 
0 0.590755 0.449769 0.0335938 0.0717593 
0 0.208073 0.311343 0.0369792 0.0550926 
0 0.0572917 0.673148 0.0411458 0.0648148 
0 0.592708 0.950463 0.0463542 0.0611111 
0 0.258724 0.848843 0.0533854 0.0921296 
