0 0.588411 0.594676 0.0539063 0.171759 
0 0.741146 0.155556 0.0973958 0.0833333 
0 0.780208 0.519907 0.0338542 0.0833333 
0 0.86862 0.113657 0.0533854 0.0726852 
0 0.797396 0.921759 0.114583 0.135185 
0 0.766536 0.352315 0.0580729 0.0824074 
0 0.752995 0.816898 0.0273438 0.118056 
0 0.602604 0.0458333 0.0427083 0.0916667 
0 0.722656 0.808565 0.0317708 0.15787 
0 0.716276 0.412269 0.0617188 0.0652778 
0 0.696875 0.93588 0.0744792 0.0837963 
0 0.244661 0.278704 0.0388021 0.0777778 
0 0.652344 0.545602 0.0635417 0.106019 
0 0.283724 0.106019 0.0315104 0.0425926 
0 0.113021 0.277083 0.0463542 0.0421296 
0 0.30625 0.468287 0.0385417 0.0560185 
0 0.501953 0.735417 0.0346354 0.0569444 
0 0.576172 0.275231 0.0299479 0.0763889 
0 0.18737 0.709259 0.0523437 0.0490741 
0 0.629948 0.37037 0.0572917 0.0805556 
0 0.256771 0.408796 0.053125 0.0555556 
0 0.966797 0.575694 0.0497396 0.0652778 
0 0.0589844 0.545602 0.0335938 0.0652778 
0 0.758724 0.712269 0.0294271 0.0912037 
0 0.548307 0.446528 0.0757812 0.0486111 
0 0.236328 0.837731 0.0627604 0.0532407 
0 0.117969 0.213194 0.0416667 0.0375 
0 0.409896 0.196065 0.0473958 0.0587963 
0 0.407031 0.768981 0.05 0.0546296 
0 0.357682 0.705324 0.0341146 0.0680556 
0 0.587891 0.495139 0.0341146 0.0560185 
0 0.0574219 0.0259259 0.0476562 0.0490741 
0 0.763672 0.441667 0.0794271 0.0759259 
0 0.535547 0.33125 0.0408854 0.0699074 
0 0.390104 0.913194 0.0546875 0.0865741 
0 0.448698 0.538194 0.0442708 0.0486111 
0 0.0283854 0.277546 0.0359375 0.0587963 
0 0.478906 0.966204 0.0776042 0.0648148 
0 0.179036 0.59213 0.0434896 0.05 
0 0.177214 0.119444 0.0330729 0.0546296 
0 0.310807 0.958333 0.0372396 0.0703704 
0 0.385156 0.596296 0.0255208 0.0953704 
0 0.257682 0.570833 0.0492188 0.0583333 
0 0.307552 0.328472 0.0484375 0.0587963 
0 0.226953 0.235417 0.0320312 0.0680556 
0 0.0416667 0.136111 0.0515625 0.0398148 
0 0.261198 0.941667 0.0479167 0.0453704 
0 0.285156 0.724769 0.0390625 0.0513889 
0 0.795964 0.745602 0.0466146 0.0662037 
0 0.367188 0.509954 0.0494792 0.0652778 
0 0.920964 0.118056 0.0367187 0.0601852 
0 0.230469 0.875926 0.0494792 0.0425926 
0 0.670833 0.634954 0.0291667 0.0717593 
0 0.222526 0.796991 0.0570313 0.0476852 
0 0.0947917 0.508102 0.0395833 0.0458333 
0 0.370182 0.247454 0.0335938 0.0625 
0 0.0154948 0.65787 0.0309896 0.0953704 
0 0.875521 0.0162037 0.0760417 0.0324074 
0 0.873047 0.283565 0.0263021 0.049537 
