0 0.301693 0.115509 0.0440104 0.099537 
0 0.747135 0.044213 0.0442708 0.0810185 
0 0.132682 0.0643518 0.0440104 0.0740741 
0 0.502474 0.176389 0.0393229 0.0990741 
0 0.864193 0.147917 0.0570313 0.0726852 
0 0.241146 0.183565 0.0463542 0.074537 
0 0.298828 0.0273148 0.0278646 0.0546296 
0 0.369661 0.0217593 0.0544271 0.0435185 
0 0.125781 0.364815 0.03125 0.0805556 
0 0.481641 0.0212963 0.0356771 0.0425926 
0 0.374219 0.0914352 0.0796875 0.0930556 
0 0.572786 0.186343 0.0559896 0.0680556 
0 0.0572917 0.0458333 0.0307292 0.0787037 
0 0.166276 0.139583 0.0414063 0.0856481 
0 0.266016 0.056713 0.0304688 0.0865741 
0 0.344792 0.353704 0.0401042 0.0546296 
0 0.979557 0.156019 0.0372396 0.0694444 
0 0.0213542 0.613194 0.0375 0.075463 
0 0.842839 0.218519 0.0372396 0.0777778 
0 0.23112 0.0243056 0.0341146 0.0486111 
0 0.777344 0.334491 0.0484375 0.0513889 
0 0.0822917 0.214815 0.0364583 0.114815 
0 0.11276 0.225463 0.0359375 0.111111 
0 0.172656 0.20463 0.0411458 0.0472222 
0 0.234115 0.282176 0.0380208 0.0615741 
0 0.656771 0.101389 0.0588542 0.0712963 
0 0.770052 0.253009 0.0401042 0.0689815 
0 0.0197917 0.0886574 0.0380208 0.0662037 
0 0.0170573 0.0185185 0.0341146 0.0342593 
0 0.277604 0.429861 0.0265625 0.110648 
0 0.932161 0.310185 0.0304688 0.0648148 
0 0.196354 0.124306 0.0296875 0.113426 
0 0.664453 0.215509 0.0450521 0.0652778 
0 0.935026 0.17662 0.0419271 0.0523148 
0 0.631771 0.68125 0.0270833 0.114352 
0 0.125521 0.437963 0.0401042 0.0638889 
0 0.463281 0.541667 0.025 0.0814815 
0 0.279948 0.673611 0.0390625 0.0861111 
