0 0.655729 0.0706019 0.078125 0.103241 
0 0.682031 0.892361 0.0359375 0.106944 
0 0.521484 0.567824 0.0565104 0.0708333 
0 0.464063 0.415046 0.0458333 0.0865741 
0 0.795833 0.878472 0.0328125 0.0782407 
0 0.258073 0.221991 0.0354167 0.0680556 
0 0.472917 0.763889 0.0697917 0.0675926 
0 0.514583 0.783102 0.0552083 0.101389 
0 0.443359 0.573843 0.0992187 0.0550926 
0 0.433594 0.0974537 0.0390625 0.0384259 
0 0.760807 0.529861 0.0304688 0.0902778 
0 0.553255 0.05 0.0835937 0.0712963 
0 0.750521 0.959028 0.028125 0.0763889 
0 0.794401 0.683565 0.0664062 0.0773148 
0 0.419401 0.158796 0.0398437 0.0722222 
0 0.23776 0.374769 0.0458333 0.0560185 
0 0.200651 0.499537 0.0570313 0.087963 
0 0.41849 0.972222 0.0442708 0.0527778 
0 0.566797 0.453935 0.0346354 0.0810185 
0 0.392839 0.784954 0.0596354 0.0449074 
0 0.298828 0.0967593 0.0393229 0.0555556 
0 0.370443 0.286806 0.0403646 0.0532407 
0 0.317839 0.538657 0.0429688 0.0523148 
0 0.190885 0.375 0.0635417 0.0712963 
0 0.114583 0.855556 0.0317708 0.0583333 
0 0.888672 0.92963 0.0356771 0.0444444 
0 0.802214 0.785185 0.0299479 0.0481481 
0 0.638672 0.760417 0.0367187 0.113426 
0 0.705599 0.66412 0.0257812 0.0476852 
0 0.485938 0.319676 0.0505208 0.0976852 
0 0.430469 0.415972 0.0265625 0.0884259 
0 0.420964 0.861111 0.0367187 0.0675926 
0 0.147656 0.297685 0.0270833 0.0527778 
0 0.727995 0.0298611 0.0335938 0.0560185 
0 0.244531 0.962731 0.0473958 0.0708333 
0 0.627474 0.96875 0.0294271 0.0606481 
0 0.279036 0.284491 0.0617188 0.0699074 
0 0.0230469 0.185648 0.0257812 0.0898148 
0 0.761719 0.798611 0.0786458 0.0546296 
0 0.239193 0.873148 0.0268229 0.0962963 
0 0.20026 0.26713 0.0557292 0.0925926 
0 0.212891 0.0935185 0.0632813 0.0805556 
0 0.292969 0.708565 0.0375 0.0856481 
0 0.40625 0.525926 0.0302083 0.0657407 
0 0.311979 0.957407 0.0692708 0.0814815 
0 0.682552 0.334491 0.0416667 0.0625 
0 0.733464 0.353935 0.0367187 0.0375 
0 0.276172 0.433102 0.0585938 0.0384259 
0 0.0796875 0.289815 0.0536458 0.062037 
0 0.0686198 0.528241 0.0372396 0.0416667 
0 0.0330729 0.465278 0.0427083 0.037037 
0 0.314453 0.470139 0.0486979 0.0319444 
0 0.539062 0.830787 0.0229167 0.0689815 
0 0.449609 0.284028 0.0221354 0.0884259 
0 0.333073 0.31713 0.0307292 0.0444444 
0 0.266536 0.592824 0.0304688 0.0967593 
0 0.0360677 0.837731 0.0434896 0.0689815 
0 0.596224 0.546065 0.0455729 0.0800926 
0 0.0122396 0.567824 0.0239583 0.0606481 
0 0.022526 0.405556 0.0450521 0.0564815 
0 0.576172 0.302315 0.0403646 0.1 
