0 0.252734 0.453009 0.0476562 0.0893519 
0 0.551172 0.345833 0.0450521 0.0935185 
0 0.619141 0.570602 0.0361979 0.0541667 
0 0.0934896 0.511574 0.0322917 0.0657407 
0 0.879297 0.640278 0.0341146 0.114815 
0 0.975651 0.387731 0.0434896 0.0986111 
0 0.397135 0.17338 0.0557292 0.103241 
0 0.114193 0.364352 0.0236979 0.107407 
0 0.888281 0.443981 0.0614583 0.0898148 
0 0.720312 0.814815 0.0541667 0.101852 
0 0.0463542 0.237269 0.0322917 0.101389 
0 0.0615885 0.575694 0.0278646 0.0800926 
0 0.319531 0.690046 0.0463542 0.0782407 
0 0.682031 0.246528 0.0541667 0.0699074 
0 0.864193 0.809491 0.0414063 0.0884259 
0 0.563021 0.701852 0.0369792 0.0685185 
0 0.447005 0.953241 0.0481771 0.0675926 
0 0.596745 0.323843 0.0320312 0.124537 
0 0.63776 0.442361 0.0348958 0.0606481 
0 0.605469 0.895833 0.0364583 0.0638889 
0 0.417969 0.393287 0.0458333 0.0949074 
0 0.69974 0.375926 0.059375 0.0648148 
0 0.0861979 0.625 0.0291667 0.102778 
0 0.655729 0.690278 0.040625 0.0981481 
0 0.11901 0.615972 0.03125 0.0486111 
0 0.968229 0.703472 0.0359375 0.0958333 
0 0.53125 0.765972 0.0296875 0.0597222 
0 0.389974 0.619444 0.0330729 0.0722222 
0 0.930729 0.777778 0.0307292 0.0703704 
0 0.203255 0.483102 0.0315104 0.0652778 
0 0.0510417 0.507407 0.0416667 0.05 
0 0.336458 0.303935 0.05 0.0958333 
0 0.602995 0.219907 0.0466146 0.0574074 
0 0.783203 0.432639 0.0346354 0.101389 
0 0.625 0.655324 0.0286458 0.0550926 
0 0.729948 0.178935 0.0473958 0.0569444 
0 0.224219 0.309028 0.0364583 0.0828704 
0 0.463672 0.511343 0.0283854 0.0597222 
0 0.022526 0.625 0.0252604 0.0416667 
0 0.438281 0.737037 0.0265625 0.087037 
0 0.85 0.549769 0.0255208 0.113426 
0 0.673307 0.325926 0.0664062 0.0601852 
0 0.789062 0.602315 0.0369792 0.0925926 
0 0.544401 0.421991 0.0408854 0.0550926 
0 0.439974 0.836806 0.0393229 0.0708333 
0 0.784115 0.329167 0.0333333 0.0833333 
0 0.67526 0.49213 0.0364583 0.0694444 
0 0.281771 0.567361 0.0322917 0.0875 
0 0.751432 0.293981 0.0268229 0.0583333 
0 0.773958 0.803009 0.0296875 0.0699074 
0 0.393359 0.758102 0.0523437 0.0597222 
0 0.727995 0.645139 0.0320312 0.0689815 
0 0.726042 0.508102 0.0307292 0.049537 
0 0.317318 0.421296 0.0257812 0.0694444 
0 0.314193 0.51875 0.0549479 0.0615741 
0 0.432813 0.354167 0.040625 0.108333 
0 0.44974 0.210417 0.0338542 0.0699074 
0 0.959505 0.533796 0.0518229 0.0657407 
0 0.459896 0.622454 0.0328125 0.0597222 
0 0.0292969 0.362731 0.0268229 0.100463 
0 0.207161 0.378241 0.0210938 0.0851852 
0 0.381771 0.950463 0.0427083 0.0592593 
0 0.4875 0.905324 0.0369792 0.074537 
0 0.335677 0.809028 0.0265625 0.0615741 
