0 0.177995 0.396065 0.0513021 0.0569444 
0 0.892578 0.805787 0.0627604 0.146759 
0 0.658724 0.406481 0.0632813 0.087963 
0 0.936979 0.261806 0.0557292 0.0680556 
0 0.222526 0.0273148 0.0492188 0.0546296 
0 0.16888 0.324537 0.0325521 0.0907407 
0 0.723698 0.362269 0.0526042 0.0652778 
0 0.572266 0.28125 0.0455729 0.110648 
0 0.170833 0.633333 0.0385417 0.10463 
0 0.373047 0.513426 0.0414063 0.0712963 
0 0.713281 0.705324 0.034375 0.0967593 
0 0.972135 0.431019 0.0473958 0.0777778 
0 0.863802 0.142824 0.0458333 0.125463 
0 0.0888021 0.613657 0.0385417 0.0717593 
0 0.828646 0.351389 0.0380208 0.10463 
0 0.885286 0.292361 0.0471354 0.118056 
0 0.512109 0.550463 0.0299479 0.109259 
0 0.76276 0.896759 0.0364583 0.0675926 
0 0.630859 0.7875 0.0289063 0.0509259 
0 0.745573 0.488194 0.0760417 0.0615741 
0 0.0611979 0.4 0.0510417 0.0703704 
0 0.549349 0.733333 0.0257812 0.0657407 
0 0.725521 0.0282407 0.0479167 0.0564815 
0 0.572786 0.437037 0.0231771 0.100926 
0 0.268099 0.669444 0.0388021 0.0592593 
0 0.461458 0.466898 0.0302083 0.1125 
