0 0.968359 0.878935 0.0361979 0.1375 
0 0.565495 0.888889 0.0382813 0.112037 
0 0.723177 0.892361 0.0635417 0.133796 
0 0.584505 0.754398 0.0273438 0.120833 
0 0.739714 0.403935 0.0414063 0.0412037 
0 0.414323 0.379861 0.0395833 0.0449074 
0 0.0641927 0.789352 0.0669271 0.105556 
0 0.138021 0.438657 0.0453125 0.111574 
0 0.065625 0.908102 0.0572917 0.0828704 
0 0.855469 0.603704 0.046875 0.0601852 
0 0.259766 0.600231 0.0408854 0.0625 
0 0.377474 0.828472 0.0716146 0.0625 
0 0.55612 0.969676 0.0325521 0.0587963 
0 0.297917 0.849074 0.0588542 0.0722222 
0 0.0341146 0.726157 0.0619792 0.0800926 
