0 0.46875 0.190741 0.0421875 0.0935185 
0 0.174349 0.388194 0.0236979 0.114352 
0 0.844661 0.61713 0.0382813 0.111111 
0 0.257161 0.501157 0.0361979 0.0662037 
0 0.694271 0.46412 0.0375 0.0671296 
0 0.771484 0.397454 0.0549479 0.0615741 
0 0.368099 0.707407 0.0367187 0.0787037 
0 0.212109 0.600694 0.0367187 0.0513889 
0 0.309896 0.473843 0.0442708 0.0773148 
0 0.939453 0.65787 0.0315104 0.112963 
0 0.740625 0.264583 0.0578125 0.074537 
0 0.914974 0.572222 0.0320312 0.116667 
0 0.528776 0.926389 0.0346354 0.0805556 
0 0.426302 0.969676 0.0416667 0.0587963 
0 0.516016 0.532176 0.0294271 0.0671296 
0 0.664583 0.238889 0.0479167 0.062037 
0 0.164453 0.631944 0.0268229 0.0518519 
0 0.410807 0.335648 0.0466146 0.087963 
0 0.340234 0.771991 0.0361979 0.0412037 
0 0.48724 0.963657 0.0541667 0.0717593 
0 0.646484 0.901852 0.0309896 0.0666667 
0 0.722135 0.709259 0.0286458 0.101852 
0 0.404297 0.52338 0.0341146 0.0662037 
0 0.953516 0.46713 0.0669271 0.0851852 
0 0.477995 0.414583 0.0492188 0.100463 
0 0.615755 0.364352 0.0414063 0.0805556 
0 0.317839 0.241204 0.0429688 0.0648148 
0 0.136068 0.648843 0.0309896 0.101389 
0 0.148177 0.535648 0.0338542 0.0537037 
0 0.784635 0.525231 0.0411458 0.0587963 
0 0.367188 0.538657 0.0463542 0.0634259 
0 0.979297 0.96713 0.0414063 0.0583333 
0 0.662109 0.346065 0.0299479 0.122685 
0 0.0123698 0.533333 0.0226563 0.106481 
0 0.11862 0.599074 0.0263021 0.0805556 
0 0.0707031 0.641898 0.0268229 0.0476852 
0 0.394271 0.711343 0.0182292 0.0773148 
0 0.66849 0.579398 0.0458333 0.0643518 
0 0.616146 0.71412 0.04375 0.0708333 
0 0.445573 0.643056 0.0385417 0.0759259 
0 0.801302 0.589815 0.05625 0.0601852 
0 0.332292 0.584722 0.0255208 0.0768519 
0 0.61276 0.445602 0.0546875 0.0523148 
0 0.824219 0.819444 0.0239583 0.0824074 
0 0.102083 0.519907 0.0348958 0.0546296 
0 0.836979 0.353935 0.028125 0.0634259 
0 0.914583 0.831481 0.040625 0.0851852 
0 0.228385 0.374306 0.0421875 0.0587963 
0 0.611849 0.870602 0.0372396 0.0467593 
0 0.433333 0.772685 0.0583333 0.0694444 
0 0.649349 0.516435 0.0341146 0.0708333 
0 0.083724 0.380787 0.0268229 0.0976852 
0 0.508333 0.640741 0.0307292 0.0657407 
0 0.790104 0.851157 0.0385417 0.0671296 
0 0.278125 0.540278 0.0369792 0.0407407 
0 0.672786 0.678009 0.0268229 0.0550926 
0 0.486589 0.848843 0.0388021 0.0819444 
0 0.126432 0.80162 0.0382813 0.0560185 
