0 0.459505 0.190741 0.0591146 0.062963 
0 0.623958 0.84375 0.0734375 0.0976852 
0 0.614714 0.471296 0.0799479 0.132407 
0 0.392057 0.683565 0.0544271 0.131019 
0 0.726042 0.537963 0.0515625 0.0805556 
0 0.407292 0.533565 0.124479 0.0819444 
0 0.390625 0.251157 0.105208 0.0819444 
0 0.223828 0.487963 0.0575521 0.0851852 
0 0.672396 0.20463 0.0625 0.141667 
0 0.472396 0.373148 0.0427083 0.0731481 
0 0.304036 0.690509 0.0440104 0.0597222 
0 0.502474 0.802315 0.0580729 0.0685185 
0 0.126432 0.0365741 0.0528646 0.062963 
0 0.121615 0.238657 0.0515625 0.0800926 
0 0.604427 0.737269 0.0458333 0.105093 
0 0.520964 0.121759 0.0518229 0.0537037 
0 0.315365 0.876852 0.0473958 0.0777778 
0 0.0424479 0.0474537 0.0791667 0.0773148 
0 0.51901 0.522685 0.0473958 0.168519 
0 0.243359 0.334491 0.0627604 0.075463 
0 0.54974 0.917361 0.0630208 0.0615741 
0 0.104167 0.595602 0.0510417 0.0865741 
0 0.104297 0.870602 0.0434896 0.126389 
0 0.0364583 0.718287 0.0338542 0.0708333 
0 0.300781 0.350694 0.046875 0.125463 
0 0.409375 0.737731 0.065625 0.144907 
0 0.28763 0.163426 0.0533854 0.108333 
0 0.67487 0.137037 0.0320312 0.0759259 
0 0.397526 0.865509 0.0747396 0.0791667 
0 0.66849 0.82963 0.0546875 0.0518519 
0 0.347656 0.43912 0.0796875 0.0643518 
0 0.597656 0.652315 0.0369792 0.123148 
0 0.446484 0.093287 0.0315104 0.0513889 
0 0.186328 0.427546 0.0622396 0.0578704 
0 0.200781 0.0388889 0.071875 0.0777778 
0 0.0266927 0.875926 0.0492188 0.0833333 
0 0.18125 0.980556 0.0942708 0.0388889 
0 0.585026 0.262731 0.0507812 0.164352 
0 0.270964 0.0916667 0.0570313 0.0722222 
0 0.0333333 0.668056 0.0338542 0.0546296 
0 0.0766927 0.263426 0.0377604 0.100926 
0 0.08125 0.672685 0.0453125 0.087037 
0 0.10026 0.769907 0.0270833 0.107407 
