0 0.663542 0.557639 0.040625 0.0699074 
0 0.573698 0.935648 0.0557292 0.111111 
0 0.585026 0.195833 0.0799479 0.0685185 
0 0.611849 0.0759259 0.0658854 0.0907407 
0 0.751562 0.323148 0.0354167 0.146296 
0 0.322526 0.328935 0.0497396 0.0587963 
0 0.551823 0.563426 0.0609375 0.087037 
0 0.259245 0.536111 0.0361979 0.0518519 
0 0.757292 0.910648 0.0411458 0.0916667 
0 0.424219 0.531018 0.0473958 0.0972222 
0 0.661068 0.273611 0.0434896 0.0555556 
0 0.439453 0.673611 0.0361979 0.0546296 
0 0.0283854 0.58287 0.034375 0.0648148 
0 0.366927 0.796759 0.0302083 0.115741 
0 0.810026 0.315278 0.0424479 0.05 
0 0.625521 0.455787 0.065625 0.0717593 
0 0.239063 0.356019 0.0484375 0.062963 
0 0.51224 0.934028 0.0541667 0.0847222 
0 0.496615 0.571991 0.0489583 0.114352 
0 0.378385 0.321528 0.0317708 0.0773148 
0 0.476042 0.238657 0.05 0.0541667 
0 0.496615 0.297454 0.0328125 0.0828704 
0 0.522526 0.435648 0.0315104 0.101852 
0 0.679688 0.188889 0.0359375 0.124074 
0 0.734375 0.696991 0.046875 0.050463 
0 0.802734 0.653241 0.113802 0.121296 
0 0.143099 0.320139 0.0643229 0.0763889 
0 0.0893229 0.0939815 0.0432292 0.0833333 
0 0.101562 0.414352 0.0302083 0.0731481 
0 0.407682 0.208565 0.0315104 0.0847222 
0 0.0643229 0.343981 0.0296875 0.0731481 
0 0.35026 0.72963 0.0364583 0.0851852 
0 0.352083 0.0560185 0.0244792 0.0703704 
0 0.716797 0.125231 0.0606771 0.0550926 
0 0.488542 0.639352 0.034375 0.0416667 
0 0.550781 0.0798611 0.059375 0.135648 
0 0.392578 0.707407 0.0580729 0.0537037 
0 0.267839 0.743056 0.0434896 0.0583333 
0 0.0420573 0.973843 0.0429688 0.049537 
0 0.194792 0.018287 0.0828125 0.0365741 
0 0.113411 0.094213 0.0278646 0.0930556 
0 0.68112 0.0715278 0.0460938 0.0763889 
0 0.655339 0.981713 0.0361979 0.0365741 
0 0.58737 0.983565 0.0450521 0.0328704 
0 0.188151 0.458333 0.0372396 0.1 
0 0.757292 0.583333 0.0328125 0.0898148 
0 0.28125 0.856481 0.0520833 0.0481481 
0 0.497656 0.810648 0.0401042 0.0953704 
