0 0.692448 0.815046 0.03125 0.0699074 
0 0.647396 0.0759259 0.0494792 0.062037 
0 0.620182 0.923611 0.0398437 0.0546296 
0 0.640625 0.37037 0.0427083 0.102778 
0 0.597656 0.480324 0.0322917 0.0652778 
0 0.707031 0.261343 0.0510417 0.0912037 
0 0.0984375 0.340278 0.0333333 0.0472222 
0 0.642187 0.568981 0.0416667 0.0694444 
0 0.111198 0.25463 0.0364583 0.0546296 
0 0.221094 0.886806 0.0505208 0.0587963 
0 0.653385 0.751389 0.0635417 0.0518519 
0 0.488281 0.846296 0.0333333 0.0490741 
0 0.48776 0.509954 0.0317708 0.0652778 
0 0.245182 0.70787 0.0549479 0.0796296 
0 0.627995 0.215509 0.0388021 0.049537 
0 0.231771 0.96875 0.034375 0.0449074 
0 0.532682 0.537731 0.0346354 0.0402778 
0 0.271745 0.895602 0.0502604 0.0486111 
0 0.601562 0.622917 0.0364583 0.0736111 
0 0.483464 0.285417 0.0388021 0.0449074 
0 0.569271 0.909722 0.0291667 0.131481 
0 0.183594 0.317361 0.0385417 0.050463 
0 0.464583 0.867593 0.0348958 0.062963 
0 0.386979 0.703241 0.0395833 0.0694444 
0 0.782682 0.615509 0.0705729 0.0486111 
0 0.636719 0.513426 0.03125 0.075 
0 0.505859 0.432407 0.0382813 0.0472222 
0 0.39401 0.57338 0.0552083 0.0365741 
0 0.673437 0.288426 0.0380208 0.0527778 
0 0.355469 0.123843 0.0390625 0.0550926 
0 0.716797 0.094213 0.0330729 0.0976852 
0 0.462891 0.9625 0.0450521 0.0601852 
0 0.44388 0.620602 0.0283854 0.0699074 
0 0.392839 0.853704 0.0429688 0.0416667 
0 0.598568 0.258796 0.0346354 0.0805556 
0 0.573698 0.740972 0.0328125 0.102315 
0 0.501042 0.890509 0.0239583 0.0976852 
0 0.0467448 0.629398 0.0335938 0.0791667 
0 0.333073 0.902778 0.0364583 0.0546296 
0 0.395964 0.274074 0.0414063 0.0546296 
0 0.696354 0.61713 0.0369792 0.0435185 
0 0.166406 0.0180556 0.03125 0.0305556 
0 0.129036 0.740972 0.0445312 0.0597222 
0 0.0270833 0.0719907 0.0348958 0.0569444 
0 0.0464844 0.175463 0.0471354 0.0481481 
0 0.335417 0.42963 0.0411458 0.0361111 
0 0.13125 0.358102 0.0421875 0.0560185 
0 0.707031 0.488657 0.0416667 0.0578704 
0 0.335938 0.806481 0.0479167 0.0601852 
0 0.560938 0.0611111 0.0484375 0.109259 
0 0.195443 0.574769 0.0528646 0.0865741 
0 0.63776 0.874537 0.0296875 0.0842593 
0 0.0989583 0.630324 0.040625 0.0560185 
0 0.673307 0.668981 0.0299479 0.0972222 
0 0.0842448 0.409722 0.0351562 0.0518519 
0 0.321615 0.979167 0.0484375 0.0407407 
