0 0.458464 0.515509 0.0690104 0.10787 
0 0.625 0.303935 0.06875 0.0634259 
0 0.365495 0.821528 0.0450521 0.0587963 
0 0.316927 0.10787 0.0473958 0.0564815 
0 0.667448 0.390972 0.0328125 0.0523148 
0 0.398047 0.125926 0.0591146 0.0657407 
0 0.503385 0.315046 0.0890625 0.0615741 
0 0.177083 0.434259 0.0536458 0.0731481 
0 0.238281 0.458102 0.0333333 0.0384259 
0 0.567969 0.122222 0.053125 0.0685185 
0 0.571224 0.677546 0.0424479 0.173611 
0 0.690495 0.795139 0.0372396 0.114352 
0 0.54349 0.509491 0.0609375 0.0930556 
0 0.474089 0.707407 0.0445312 0.0916667 
0 0.875 0.574769 0.0734375 0.0606481 
0 0.0291667 0.304398 0.0473958 0.0634259 
0 0.408203 0.663194 0.0424479 0.0476852 
0 0.255339 0.315509 0.0434896 0.0532407 
0 0.528776 0.672685 0.0367187 0.126852 
0 0.221094 0.214352 0.0385417 0.0574074 
0 0.584896 0.433102 0.05 0.0541667 
0 0.173047 0.90787 0.0320312 0.112037 
0 0.703516 0.184259 0.0356771 0.0768519 
0 0.254167 0.902778 0.0364583 0.0685185 
0 0.388932 0.594213 0.0356771 0.101389 
0 0.137109 0.0291667 0.0377604 0.0564815 
0 0.277344 0.030787 0.0473958 0.0560185 
0 0.228385 0.565972 0.0291667 0.0634259 
0 0.604948 0.884259 0.0421875 0.148148 
0 0.445182 0.61713 0.0393229 0.0722222 
0 0.536719 0.75162 0.0473958 0.0856481 
0 0.230339 0.361343 0.0434896 0.0550926 
0 0.196224 0.542824 0.0289063 0.0569444 
0 0.0536458 0.074537 0.0354167 0.0481481 
0 0.290755 0.868056 0.0450521 0.0675926 
0 0.630339 0.560648 0.0481771 0.062037 
0 0.315495 0.338657 0.0382813 0.0375 
0 0.20599 0.712269 0.046875 0.0717593 
0 0.291797 0.157639 0.0341146 0.0875 
0 0.428776 0.317824 0.0361979 0.0597222 
0 0.482682 0.115972 0.0414063 0.0393519 
0 0.471224 0.408102 0.0747396 0.0800926 
0 0.0148437 0.547454 0.028125 0.0717593 
0 0.281771 0.700463 0.0260417 0.0546296 
0 0.448698 0.14213 0.0348958 0.12037 
0 0.803125 0.60463 0.0322917 0.0453704 
