0 0.0489583 0.928704 0.0359375 0.134259 
0 0.972656 0.808565 0.0489583 0.118056 
0 0.461068 0.541667 0.0346354 0.130556 
0 0.535547 0.83287 0.0716146 0.0694444 
0 0.945312 0.939352 0.0390625 0.12037 
0 0.364974 0.90625 0.0486979 0.0828704 
0 0.211198 0.898611 0.0411458 0.0564815 
0 0.570312 0.959028 0.0713542 0.0773148 
0 0.838932 0.823148 0.0382813 0.0703704 
0 0.456771 0.747222 0.0479167 0.118519 
0 0.682682 0.928009 0.0434896 0.0486111 
0 0.787109 0.60162 0.0523437 0.0884259 
0 0.0809896 0.827315 0.0229167 0.0990741 
0 0.458464 0.65625 0.0382813 0.0810185 
0 0.422917 0.577315 0.028125 0.111111 
0 0.297396 0.760648 0.0317708 0.0787037 
0 0.394792 0.821296 0.0286458 0.0916667 
0 0.64401 0.345833 0.0276042 0.0527778 
