0 0.584505 0.0759259 0.0778646 0.0787037 
0 0.461328 0.733796 0.0481771 0.087963 
0 0.865755 0.722222 0.0382813 0.0898148 
0 0.576172 0.626157 0.0518229 0.104167 
0 0.64987 0.318287 0.0361979 0.15787 
0 0.930208 0.378935 0.03125 0.136574 
0 0.945312 0.479861 0.0369792 0.0615741 
0 0.414193 0.302083 0.0346354 0.155093 
0 0.615625 0.671528 0.0229167 0.108796 
0 0.628906 0.785648 0.0765625 0.0675926 
0 0.145052 0.794676 0.0635417 0.115278 
0 0.878385 0.456019 0.0317708 0.174074 
0 0.848177 0.506481 0.0645833 0.0824074 
0 0.342578 0.840972 0.0315104 0.103241 
0 0.51263 0.799074 0.0440104 0.0972222 
0 0.242708 0.713426 0.0328125 0.134259 
0 0.46875 0.580324 0.0338542 0.0810185 
0 0.227214 0.517824 0.0653646 0.114352 
0 0.469401 0.2375 0.0440104 0.0574074 
0 0.529297 0.0289352 0.0367187 0.0569444 
0 0.94388 0.0527778 0.102865 0.102778 
0 0.734375 0.286111 0.0890625 0.0916667 
0 0.455078 0.147685 0.0367187 0.162037 
0 0.298438 0.765509 0.0447917 0.0680556 
0 0.503906 0.309491 0.0421875 0.075463 
0 0.438151 0.873843 0.0335938 0.123611 
0 0.54987 0.303009 0.0481771 0.0541667 
0 0.507422 0.271759 0.0544271 0.0712963 
0 0.882292 0.84213 0.0744792 0.106481 
0 0.702214 0.522454 0.0627604 0.0773148 
0 0.808984 0.224769 0.0403646 0.0671296 
0 0.296224 0.206713 0.0690104 0.172685 
0 0.463672 0.490046 0.0419271 0.0763889 
0 0.178646 0.709259 0.05 0.0712963 
0 0.763281 0.939352 0.0453125 0.1 
0 0.748438 0.109259 0.0848958 0.0666667 
0 0.895052 0.278704 0.0723958 0.0824074 
0 0.397786 0.747917 0.0414063 0.0763889 
0 0.235417 0.333102 0.0427083 0.0967593 
0 0.188021 0.505093 0.04375 0.0601852 
0 0.834505 0.977315 0.0455729 0.0444444 
0 0.0938802 0.963657 0.0554687 0.0634259 
0 0.210807 0.790741 0.0304688 0.100926 
0 0.160417 0.854167 0.0776042 0.0657407 
0 0.598568 0.915741 0.0346354 0.0694444 
0 0.879427 0.670139 0.0276042 0.0699074 
0 0.213932 0.699306 0.0320312 0.118981 
0 0.891536 0.780787 0.0559896 0.0736111 
0 0.396875 0.0222222 0.0583333 0.0444444 
0 0.988281 0.310185 0.0197917 0.0814815 
0 0.363542 0.400231 0.0338542 0.0708333 
0 0.767578 0.0277778 0.0325521 0.0555556 
0 0.948828 0.756944 0.0351562 0.0972222 
0 0.228385 0.890741 0.0494792 0.0518519 
0 0.0565104 0.124537 0.0588542 0.0759259 
