0 0.410547 0.0810185 0.0382813 0.118519 
0 0.905208 0.153472 0.0421875 0.11713 
0 0.64349 0.0604167 0.0614583 0.0587963 
0 0.53125 0.125231 0.0302083 0.0893519 
0 0.463672 0.0423611 0.0408854 0.0847222 
0 0.789062 0.559491 0.046875 0.0939815 
0 0.0195312 0.370833 0.0348958 0.0675926 
0 0.833464 0.555093 0.0377604 0.109259 
0 0.645964 0.181019 0.0570313 0.0740741 
0 0.358203 0.272454 0.0408854 0.074537 
0 0.648438 0.342361 0.0510417 0.0819444 
0 0.454557 0.160185 0.0518229 0.115741 
0 0.177344 0.36088 0.0348958 0.1125 
0 0.572266 0.0726852 0.0596354 0.0527778 
0 0.843359 0.22963 0.0591146 0.0509259 
0 0.104557 0.202546 0.0325521 0.123611 
0 0.367708 0.714352 0.0322917 0.0694444 
0 0.263672 0.418519 0.0388021 0.0574074 
0 0.485938 0.196065 0.0390625 0.0717593 
0 0.735807 0.230787 0.0341146 0.0837963 
0 0.409896 0.177315 0.0520833 0.140741 
0 0.971615 0.294676 0.046875 0.158796 
0 0.605469 0.20787 0.0364583 0.0527778 
0 0.0119792 0.258102 0.0234375 0.0791667 
0 0.530208 0.959954 0.0614583 0.075463 
0 0.6875 0.57037 0.0515625 0.105556 
0 0.978516 0.137269 0.0429688 0.0467593 
0 0.179297 0.0916667 0.0325521 0.0731481 
0 0.256901 0.0796296 0.0372396 0.062037 
0 0.792969 0.443519 0.0557292 0.0768519 
