0 0.494792 0.50787 0.0552083 0.127778 
0 0.440755 0.390278 0.0346354 0.0731481 
0 0.736849 0.191204 0.0617188 0.174074 
0 0.725651 0.582407 0.0596354 0.150926 
0 0.55612 0.589583 0.0768229 0.0634259 
0 0.498568 0.855556 0.0565104 0.103704 
0 0.784245 0.46875 0.0690104 0.0597222 
0 0.605859 0.819444 0.0346354 0.121296 
0 0.283724 0.770833 0.0643229 0.05 
0 0.477865 0.164583 0.0479167 0.0726852 
0 0.58099 0.331019 0.046875 0.0527778 
0 0.61276 0.901157 0.0682292 0.0671296 
0 0.575651 0.460417 0.0507812 0.10787 
0 0.32474 0.375694 0.0338542 0.125463 
0 0.563542 0.379861 0.075 0.0597222 
0 0.169531 0.408102 0.0484375 0.0643518 
0 0.104818 0.108565 0.0585938 0.0699074 
0 0.54349 0.204398 0.0494792 0.0930556 
0 0.666406 0.77338 0.0348958 0.0662037 
0 0.203125 0.131019 0.0552083 0.0851852 
0 0.444141 0.481019 0.0408854 0.0583333 
0 0.377344 0.374769 0.0234375 0.105093 
0 0.343229 0.520833 0.0385417 0.0648148 
0 0.471615 0.603241 0.0526042 0.0759259 
0 0.367448 0.0199074 0.0385417 0.0398148 
0 0.333464 0.214583 0.0382813 0.0513889 
0 0.11888 0.428704 0.0471354 0.05 
0 0.200911 0.919213 0.0424479 0.0791667 
0 0.731901 0.0997685 0.0924479 0.0615741 
0 0.719661 0.771759 0.0414063 0.147222 
0 0.479557 0.767361 0.0763021 0.0837963 
0 0.55612 0.65787 0.0690104 0.0675926 
0 0.411589 0.838194 0.0460938 0.0550926 
0 0.170182 0.819444 0.0585938 0.0527778 
0 0.683984 0.252315 0.0346354 0.108333 
0 0.164062 0.221528 0.05 0.0449074 
0 0.605078 0.217593 0.0341146 0.0648148 
0 0.671875 0.542593 0.0338542 0.210185 
0 0.345964 0.11412 0.0382813 0.0763889 
0 0.105078 0.741667 0.0674479 0.0509259 
0 0.0338542 0.569444 0.0489583 0.0648148 
0 0.256901 0.245602 0.0716146 0.0513889 
0 0.0425781 0.524306 0.0507812 0.0532407 
0 0.348177 0.9 0.075 0.075 
0 0.578125 0.947917 0.0515625 0.0597222 
0 0.704167 0.885417 0.0494792 0.0439815 
0 0.226302 0.533565 0.0291667 0.0625 
0 0.442318 0.645833 0.0403646 0.0814815 
0 0.399089 0.506019 0.0528646 0.05 
0 0.495573 0.716667 0.0536458 0.0833333 
0 0.409896 0.396065 0.0229167 0.131944 
0 0.295573 0.34375 0.034375 0.0763889 
0 0.360286 0.281019 0.0299479 0.0833333 
0 0.058724 0.421296 0.0268229 0.0703704 
0 0.553125 0.152778 0.0416667 0.0574074 
0 0.270703 0.491204 0.0559896 0.0740741 
0 0.214323 0.785417 0.0322917 0.0837963 
0 0.277083 0.886343 0.0375 0.0708333 
0 0.636198 0.774306 0.0369792 0.0689815 
0 0.515625 0.147454 0.0375 0.0912037 
0 0.653776 0.582407 0.0617188 0.163889 
0 0.161979 0.649306 0.0536458 0.118981 
0 0.0617188 0.867361 0.0416667 0.0597222 
