0 0.730469 0.266667 0.046875 0.107407 
0 0.666536 0.551852 0.0434896 0.140741 
0 0.575781 0.89838 0.096875 0.148611 
0 0.427995 0.124074 0.0440104 0.128704 
0 0.695833 0.462963 0.0364583 0.17963 
0 0.49974 0.622454 0.0739583 0.0699074 
0 0.352604 0.926157 0.05 0.143981 
0 0.817839 0.234722 0.0263021 0.0731481 
0 0.394792 0.439815 0.0546875 0.0666667 
0 0.582422 0.244444 0.0565104 0.0527778 
0 0.727474 0.746528 0.0398437 0.0467593 
0 0.317839 0.285417 0.0601562 0.0662037 
0 0.673828 0.229861 0.0601562 0.1375 
0 0.590755 0.673611 0.103385 0.0731481 
0 0.626953 0.302778 0.0231771 0.0787037 
0 0.0335938 0.0893519 0.0317708 0.149074 
0 0.558594 0.117824 0.0296875 0.131019 
0 0.339323 0.363426 0.034375 0.100926 
0 0.663151 0.895833 0.0585938 0.0666667 
0 0.245833 0.401852 0.0375 0.0638889 
0 0.0447917 0.441204 0.0369792 0.0925926 
0 0.222917 0.0469907 0.0385417 0.0939815 
0 0.662109 0.0636574 0.0408854 0.122685 
0 0.115755 0.564352 0.0507812 0.0527778 
0 0.40599 0.521759 0.0598958 0.0601852 
0 0.202344 0.638889 0.0359375 0.0935185 
0 0.758854 0.353472 0.0291667 0.0587963 
0 0.434635 0.304398 0.06875 0.100463 
0 0.350391 0.467593 0.0403646 0.0842593 
0 0.181901 0.45 0.0585938 0.0583333 
0 0.59375 0.459259 0.0364583 0.141667 
0 0.615625 0.0189815 0.034375 0.037963 
0 0.154948 0.60463 0.0385417 0.0537037 
0 0.319531 0.145833 0.0744792 0.0648148 
0 0.544922 0.408565 0.0424479 0.0606481 
0 0.492448 0.341435 0.0614583 0.144907 
0 0.182292 0.372454 0.0552083 0.0847222 
0 0.144792 0.222454 0.0604167 0.0782407 
0 0.386719 0.264583 0.0317708 0.133796 
0 0.348698 0.0800926 0.0416667 0.113889 
0 0.412891 0.853241 0.0554687 0.062963 
0 0.197656 0.139815 0.034375 0.0638889 
0 0.308854 0.581944 0.0317708 0.0462963 
0 0.639583 0.417824 0.0307292 0.0421296 
0 0.1625 0.915046 0.0864583 0.0523148 
0 0.583464 0.393056 0.0382813 0.0703704 
0 0.356901 0.822685 0.0434896 0.0907407 
0 0.466536 0.558333 0.0309896 0.128704 
0 0.821354 0.114583 0.0447917 0.0587963 
0 0.544922 0.518287 0.0539063 0.0597222 
0 0.522917 0.0219907 0.0286458 0.0430556 
0 0.60599 0.106713 0.0552083 0.0837963 
0 0.616797 0.369676 0.0367187 0.0625 
0 0.414323 0.237269 0.0453125 0.103241 
0 0.0557292 0.845833 0.059375 0.0583333 
0 0.0283854 0.737731 0.05 0.0736111 
