0 0.473437 0.758565 0.0489583 0.0560185 
0 0.147656 0.9375 0.0484375 0.0509259 
0 0.344141 0.173843 0.0486979 0.0523148 
0 0.263672 0.850694 0.0591146 0.0449074 
0 0.351823 0.254398 0.0375 0.0578704 
0 0.416536 0.589815 0.0544271 0.0638889 
0 0.21237 0.578935 0.0398437 0.0476852 
0 0.492057 0.959954 0.0408854 0.0560185 
0 0.290755 0.524769 0.0507812 0.0476852 
0 0.150651 0.484722 0.0471354 0.0462963 
0 0.313672 0.641435 0.0549479 0.0782407 
0 0.0541667 0.788657 0.0395833 0.0662037 
0 0.402734 0.0416667 0.0580729 0.0777778 
0 0.0613281 0.037037 0.0476562 0.062963 
0 0.198437 0.0238426 0.0510417 0.0458333 
0 0.470443 0.527778 0.0346354 0.0555556 
