0 0.930078 0.0655093 0.0377604 0.108796 
0 0.667969 0.0435185 0.0723958 0.087037 
0 0.662109 0.406019 0.0601562 0.0694444 
0 0.376042 0.122454 0.0515625 0.0662037 
0 0.651302 0.301852 0.040625 0.0972222 
0 0.534245 0.347917 0.0320312 0.103241 
0 0.333594 0.0252315 0.0265625 0.050463 
0 0.302995 0.459722 0.0351562 0.0768519 
0 0.220182 0.579167 0.0440104 0.130556 
0 0.328125 0.304167 0.034375 0.062963 
0 0.523828 0.450463 0.0476562 0.0685185 
0 0.741667 0.269213 0.0401042 0.0976852 
0 0.51901 0.222917 0.0619792 0.0810185 
0 0.980469 0.410648 0.0375 0.0583333 
0 0.26862 0.28125 0.0518229 0.0671296 
0 0.125911 0.301389 0.0398437 0.0537037 
0 0.776432 0.207407 0.0539063 0.0944444 
0 0.68125 0.152315 0.0322917 0.0916667 
0 0.179557 0.598611 0.0351562 0.0814815 
0 0.323177 0.0819444 0.0510417 0.0675926 
0 0.960547 0.369676 0.0346354 0.0550926 
0 0.446354 0.398843 0.0479167 0.0699074 
0 0.886198 0.366898 0.04375 0.0782407 
0 0.290625 0.555556 0.0375 0.0703704 
0 0.226562 0.452315 0.0484375 0.0740741 
0 0.872526 0.73912 0.0450521 0.0625 
0 0.491016 0.188194 0.0419271 0.0634259 
0 0.801302 0.574769 0.0489583 0.0726852 
0 0.946745 0.701389 0.0513021 0.108333 
0 0.82513 0.271065 0.0351562 0.0819444 
0 0.951172 0.166898 0.0361979 0.074537 
0 0.111849 0.518056 0.0408854 0.122222 
0 0.633724 0.128241 0.0356771 0.0574074 
0 0.353776 0.397454 0.0408854 0.0458333 
0 0.671875 0.56713 0.034375 0.111111 
0 0.909245 0.276852 0.0283854 0.0611111 
0 0.794531 0.411806 0.0354167 0.123611 
0 0.421875 0.561574 0.0380208 0.087037 
0 0.125391 0.0673611 0.0429688 0.0875 
0 0.604557 0.434028 0.0544271 0.0699074 
0 0.180078 0.93912 0.0351562 0.0550926 
0 0.634245 0.575231 0.0351562 0.0967593 
