0 0.823698 0.150926 0.0317708 0.119444 
0 0.725 0.389815 0.0479167 0.130556 
0 0.26888 0.509954 0.0492188 0.0615741 
0 0.746094 0.525231 0.0427083 0.0949074 
0 0.658203 0.254861 0.0565104 0.108796 
0 0.554167 0.0418981 0.0567708 0.0810185 
0 0.980469 0.316435 0.0390625 0.0578704 
0 0.864193 0.246296 0.0257812 0.0824074 
0 0.921875 0.366667 0.0296875 0.0611111 
0 0.854036 0.538194 0.0544271 0.0736111 
0 0.659635 0.386111 0.0651042 0.0685185 
0 0.426562 0.767824 0.0526042 0.0652778 
0 0.787109 0.272454 0.0377604 0.126389 
0 0.881771 0.125231 0.0671875 0.0865741 
0 0.383854 0.892361 0.0395833 0.0708333 
0 0.88776 0.798611 0.0463542 0.0796296 
0 0.939062 0.909722 0.0541667 0.0768519 
0 0.31276 0.202083 0.0520833 0.0625 
0 0.971615 0.59375 0.0385417 0.0717593 
0 0.554688 0.264352 0.053125 0.0712963 
0 0.741146 0.27963 0.0317708 0.0601852 
0 0.559505 0.11875 0.0507812 0.0486111 
0 0.0420573 0.25 0.0497396 0.0685185 
0 0.386198 0.377083 0.0421875 0.0587963 
0 0.380599 0.27037 0.0393229 0.0675926 
0 0.829167 0.31088 0.0364583 0.0875 
0 0.724089 0.960185 0.0554687 0.0768519 
0 0.19375 0.0516204 0.0296875 0.075463 
0 0.288542 0.0231481 0.0677083 0.0462963 
0 0.145703 0.409259 0.0632813 0.0416667 
0 0.509766 0.698843 0.0528646 0.0587963 
0 0.338151 0.798611 0.0351562 0.05 
0 0.450911 0.458333 0.0492188 0.05 
0 0.398958 0.068287 0.0630208 0.0606481 
0 0.159505 0.974306 0.0434896 0.0513889 
0 0.738802 0.652083 0.0411458 0.0949074 
0 0.217839 0.454861 0.0341146 0.0449074 
0 0.165365 0.142361 0.0520833 0.0467593 
0 0.575781 0.842361 0.034375 0.0578704 
0 0.372266 0.324769 0.0533854 0.0523148 
0 0.693359 0.69838 0.0388021 0.0958333 
0 0.0332031 0.490046 0.0403646 0.0717593 
0 0.810026 0.0678241 0.0289063 0.0458333 
0 0.549349 0.571528 0.0361979 0.050463 
0 0.270573 0.146759 0.0572917 0.0564815 
0 0.328646 0.432639 0.0432292 0.0708333 
0 0.519531 0.448843 0.0421875 0.0726852 
0 0.91263 0.280556 0.0398437 0.0416667 
0 0.253906 0.67963 0.0458333 0.0537037 
0 0.34375 0.710417 0.0453125 0.0708333 
0 0.395443 0.186806 0.0304688 0.0449074 
0 0.84375 0.711343 0.0489583 0.0560185 
0 0.507812 0.768287 0.0567708 0.0726852 
0 0.816016 0.77037 0.0283854 0.05 
0 0.570312 0.733102 0.0505208 0.0615741 
0 0.96875 0.209028 0.0526042 0.0763889 
0 0.710417 0.816204 0.0411458 0.0481481 
0 0.679688 0.177315 0.0296875 0.0740741 
0 0.458594 0.964352 0.0380208 0.0666667 
0 0.154687 0.672222 0.0359375 0.0592593 
0 0.127344 0.0780093 0.0380208 0.115278 
0 0.589844 0.934954 0.0447917 0.0837963 
0 0.136849 0.248611 0.0486979 0.0546296 
