0 0.115234 0.51088 0.0471354 0.168981 
0 0.0847656 0.32338 0.0601562 0.0643518 
0 0.505339 0.532176 0.0481771 0.127315 
0 0.662109 0.928704 0.0658854 0.0861111 
0 0.554167 0.840741 0.0348958 0.132407 
0 0.613802 0.45625 0.0489583 0.139352 
0 0.869661 0.865278 0.0580729 0.140741 
0 0.873958 0.568519 0.0609375 0.128704 
0 0.0609375 0.791435 0.0770833 0.0736111 
0 0.0679687 0.478704 0.0479167 0.125 
0 0.0273438 0.591204 0.0427083 0.0601852 
0 0.815885 0.668519 0.0479167 0.0722222 
0 0.182161 0.389583 0.0304688 0.0569444 
0 0.515625 0.903472 0.0322917 0.0763889 
0 0.251953 0.920139 0.0335938 0.141204 
0 0.598177 0.681481 0.040625 0.0888889 
0 0.602995 0.974769 0.0299479 0.0458333 
0 0.553776 0.600694 0.0408854 0.0578704 
0 0.788542 0.54213 0.0328125 0.121296 
0 0.454557 0.865046 0.0460938 0.223611 
0 0.419922 0.52338 0.0351562 0.0875 
0 0.173568 0.319907 0.0424479 0.0546296 
