0 0.819271 0.550694 0.0630208 0.11713 
0 0.827734 0.359259 0.121615 0.106481 
0 0.775781 0.0858796 0.0364583 0.171759 
0 0.866667 0.43588 0.0635417 0.0671296 
0 0.417708 0.749074 0.0479167 0.0740741 
0 0.504818 0.628009 0.0544271 0.0615741 
0 0.755859 0.530324 0.0575521 0.0949074 
0 0.90625 0.296991 0.0989583 0.0986111 
0 0.726562 0.309491 0.0833333 0.106944 
0 0.577604 0.29838 0.0947917 0.109722 
0 0.0511719 0.833333 0.0273438 0.0481481 
0 0.560547 0.826157 0.0341146 0.156944 
0 0.081901 0.533333 0.0361979 0.0638889 
0 0.414062 0.618056 0.071875 0.0907407 
0 0.791016 0.940046 0.110677 0.0708333 
0 0.307682 0.437269 0.0403646 0.0875 
0 0.442448 0.565972 0.0307292 0.106944 
0 0.473958 0.505093 0.0390625 0.0537037 
0 0.421615 0.837731 0.0703125 0.106944 
0 0.13138 0.173611 0.0710938 0.0666667 
0 0.299349 0.702546 0.0367187 0.0652778 
0 0.629818 0.92963 0.0976562 0.135185 
0 0.247526 0.717824 0.0638021 0.0717593 
0 0.513151 0.867593 0.0585938 0.0907407 
0 0.165625 0.79213 0.0432292 0.141667 
0 0.264844 0.461343 0.0380208 0.104167 
0 0.589453 0.622222 0.0289063 0.112963 
0 0.246875 0.818287 0.075 0.0634259 
0 0.284635 0.237037 0.028125 0.0953704 
0 0.523828 0.156713 0.0518229 0.0800926 
0 0.0815104 0.464352 0.0645833 0.0537037 
0 0.737891 0.978935 0.0289063 0.0421296 
0 0.371354 0.413426 0.0697917 0.116667 
0 0.974219 0.680093 0.0411458 0.0537037 
0 0.0513021 0.568519 0.0645833 0.037963 
0 0.482943 0.71875 0.0419271 0.0476852 
0 0.0125 0.043287 0.0229167 0.0828704 
0 0.283333 0.655093 0.0427083 0.0666667 
0 0.239453 0.439583 0.0361979 0.133796 
0 0.634245 0.0511574 0.0575521 0.0939815 
0 0.330078 0.577778 0.0414063 0.0537037 
0 0.690885 0.953241 0.0494792 0.0851852 
0 0.320052 0.316435 0.0671875 0.0726852 
0 0.245703 0.342824 0.0549479 0.0569444 
0 0.415625 0.230556 0.0526042 0.0583333 
0 0.20651 0.639815 0.0317708 0.0842593 
0 0.115104 0.792361 0.0385417 0.131019 
0 0.607943 0.157407 0.0330729 0.19537 
0 0.270573 0.309259 0.0411458 0.0537037 
0 0.48125 0.964352 0.0598958 0.0666667 
0 0.252214 0.0592593 0.0627604 0.0453704 
0 0.145313 0.31713 0.0401042 0.102778 
0 0.552214 0.0736111 0.0377604 0.137037 
0 0.108984 0.622454 0.0679687 0.0587963 
0 0.772005 0.33287 0.0361979 0.0601852 
0 0.409505 0.0800926 0.0497396 0.139815 
0 0.011849 0.858102 0.0231771 0.0375 
0 0.128255 0.503009 0.0304688 0.0884259 
0 0.145313 0.0418981 0.0286458 0.0837963 
0 0.141536 0.22963 0.0429688 0.062963 
0 0.508854 0.67662 0.0260417 0.0587963 
0 0.557552 0.205556 0.0427083 0.10463 
0 0.163932 0.981713 0.0570313 0.0365741 
0 0.244661 0.651157 0.0372396 0.0884259 
0 0.492448 0.791667 0.0270833 0.0490741 
0 0.111068 0.100463 0.0309896 0.0611111 
0 0.29375 0.0493056 0.028125 0.0949074 
0 0.368229 0.578935 0.0276042 0.0365741 
0 0.177214 0.0895833 0.0513021 0.13287 
