0 0.11875 0.495139 0.0447917 0.0800926 
0 0.750911 0.12963 0.0356771 0.0907407 
0 0.0324219 0.489583 0.0617188 0.0930556 
0 0.859375 0.0965278 0.0270833 0.0717593 
0 0.129297 0.594907 0.0450521 0.0694444 
0 0.370573 0.435648 0.0307292 0.0796296 
0 0.567318 0.630787 0.0325521 0.0884259 
0 0.921484 0.481713 0.0617188 0.0736111 
0 0.352344 0.739583 0.0333333 0.0828704 
0 0.849089 0.480093 0.0466146 0.0648148 
0 0.163021 0.896528 0.0494792 0.0763889 
0 0.858464 0.370602 0.0325521 0.123611 
0 0.980469 0.595602 0.0333333 0.0791667 
0 0.25612 0.516898 0.0476562 0.0856481 
0 0.883333 0.522454 0.0427083 0.103241 
0 0.978516 0.242824 0.0408854 0.122685 
0 0.313802 0.315278 0.0666667 0.130556 
0 0.431901 0.934028 0.0325521 0.0726852 
0 0.928125 0.71875 0.0494792 0.101389 
0 0.0296875 0.577315 0.0395833 0.0703704 
0 0.727474 0.348611 0.0705729 0.0712963 
0 0.301823 0.56412 0.0333333 0.0393519 
0 0.784635 0.632639 0.0359375 0.0541667 
0 0.941406 0.618287 0.0380208 0.0597222 
0 0.844271 0.247685 0.059375 0.075 
0 0.850521 0.964583 0.0380208 0.0513889 
0 0.416016 0.565046 0.0486979 0.0532407 
0 0.464453 0.665278 0.0351562 0.0833333 
0 0.27513 0.655787 0.0455729 0.0782407 
0 0.220052 0.452315 0.0588542 0.0537037 
0 0.292839 0.494676 0.0403646 0.0532407 
0 0.569401 0.346296 0.0476562 0.0518519 
0 0.778906 0.431481 0.040625 0.0583333 
0 0.970703 0.795602 0.0335938 0.0884259 
0 0.930729 0.837269 0.046875 0.0597222 
