0 0.578646 0.0375 0.0348958 0.075 
0 0.615234 0.440046 0.0434896 0.0837963 
0 0.756901 0.0481481 0.0617188 0.0685185 
0 0.191016 0.797222 0.0481771 0.105556 
0 0.874089 0.53912 0.0497396 0.100463 
0 0.89349 0.423611 0.0536458 0.0805556 
0 0.527734 0.0761574 0.0382813 0.104167 
0 0.753516 0.158102 0.0716146 0.0680556 
0 0.566016 0.153704 0.0518229 0.117593 
0 0.0410156 0.600231 0.0424479 0.0902778 
0 0.356901 0.410417 0.0513021 0.0819444 
0 0.98138 0.819444 0.0346354 0.0694444 
0 0.272396 0.35162 0.03125 0.108796 
0 0.0697917 0.258565 0.0416667 0.0791667 
0 0.116927 0.266435 0.0375 0.0699074 
0 0.79349 0.398843 0.0421875 0.0606481 
0 0.742578 0.242824 0.0361979 0.0402778 
0 0.635677 0.12662 0.0213542 0.0800926 
0 0.69388 0.125 0.0283854 0.0833333 
0 0.372005 0.241204 0.0507812 0.062037 
0 0.13099 0.321065 0.0484375 0.0597222 
0 0.795964 0.353009 0.0299479 0.050463 
0 0.47513 0.174537 0.0372396 0.0583333 
0 0.948828 0.868056 0.0440104 0.0675926 
0 0.703125 0.189583 0.0416667 0.0523148 
0 0.213151 0.201852 0.0283854 0.102778 
0 0.457812 0.262963 0.0364583 0.0592593 
0 0.257552 0.469213 0.0234375 0.0550926 
0 0.76263 0.548148 0.0502604 0.0953704 
