0 0.614714 0.0571759 0.0518229 0.114352 
0 0.532812 0.436806 0.0505208 0.125463 
0 0.703125 0.83912 0.0546875 0.0615741 
0 0.63138 0.154167 0.0414063 0.117593 
0 0.156901 0.214352 0.0648438 0.062037 
0 0.335938 0.92963 0.0369792 0.0601852 
0 0.496745 0.868056 0.0575521 0.17963 
0 0.559505 0.724769 0.0643229 0.130093 
0 0.736328 0.180324 0.0414063 0.0560185 
0 0.401823 0.404398 0.059375 0.116204 
0 0.113281 0.796759 0.0713542 0.0638889 
0 0.279818 0.643287 0.0674479 0.0578704 
0 0.195573 0.40625 0.0369792 0.131944 
0 0.572786 0.625463 0.0794271 0.0861111 
0 0.310286 0.881481 0.0513021 0.0944444 
0 0.0451823 0.317824 0.0424479 0.0587963 
0 0.576563 0.26713 0.053125 0.0740741 
0 0.342057 0.486111 0.0601562 0.0583333 
0 0.0563802 0.875463 0.0429688 0.0416667 
0 0.647396 0.0703704 0.0557292 0.0555556 
0 0.341797 0.678704 0.0481771 0.0944444 
0 0.614714 0.90625 0.0388021 0.0449074 
0 0.435937 0.28287 0.0505208 0.0444444 
0 0.570833 0.813657 0.0354167 0.14213 
0 0.370182 0.869444 0.0278646 0.0527778 
0 0.546484 0.923611 0.0533854 0.0527778 
0 0.39401 0.485185 0.0432292 0.0425926 
0 0.0209635 0.682639 0.0393229 0.074537 
0 0.497005 0.168056 0.0367187 0.0453704 
0 0.157422 0.854167 0.0320312 0.0722222 
0 0.078125 0.947222 0.0416667 0.0916667 
0 0.038151 0.475694 0.0372396 0.0967593 
0 0.488021 0.6875 0.0416667 0.0574074 
0 0.467839 0.701389 0.0466146 0.0675926 
0 0.590365 0.559722 0.0765625 0.0657407 
0 0.582552 0.479167 0.071875 0.138889 
0 0.41263 0.0178241 0.0341146 0.0356481 
0 0.434115 0.566898 0.0328125 0.0560185 
0 0.417708 0.647917 0.0442708 0.0513889 
0 0.251042 0.811806 0.034375 0.0763889 
0 0.0375 0.224537 0.0421875 0.0611111 
0 0.0359375 0.717824 0.0286458 0.0699074 
0 0.378125 0.153472 0.0364583 0.0412037 
0 0.0595052 0.190741 0.0294271 0.0768519 
