0 0.38138 0.752083 0.0460938 0.106944 
0 0.839323 0.268056 0.0416667 0.0981481 
0 0.64349 0.840741 0.0395833 0.0768519 
0 0.356641 0.501852 0.0419271 0.0657407 
0 0.472656 0.876852 0.0505208 0.0851852 
0 0.61237 0.626157 0.0398437 0.0884259 
0 0.655729 0.270833 0.0604167 0.0638889 
0 0.970182 0.487037 0.0513021 0.087963 
0 0.253125 0.69537 0.0489583 0.0675926 
0 0.611719 0.395139 0.0671875 0.0643518 
0 0.755859 0.34213 0.0476562 0.0694444 
0 0.765625 0.711343 0.0442708 0.105093 
0 0.41888 0.567824 0.0606771 0.0810185 
0 0.178125 0.488194 0.0276042 0.0615741 
0 0.54401 0.383333 0.0380208 0.0777778 
0 0.755859 0.938426 0.0346354 0.0824074 
0 0.671484 0.657176 0.0299479 0.074537 
0 0.504818 0.77037 0.0429688 0.0824074 
0 0.0731771 0.465741 0.0692708 0.087037 
0 0.321094 0.358102 0.05625 0.0643518 
0 0.584896 0.53912 0.0546875 0.168056 
0 0.0671875 0.697454 0.0510417 0.0634259 
0 0.792448 0.555556 0.0447917 0.0935185 
0 0.858854 0.928704 0.0432292 0.0685185 
0 0.472786 0.453472 0.0361979 0.109722 
0 0.855469 0.75787 0.0453125 0.138889 
0 0.0701823 0.587269 0.0580729 0.0856481 
