0 0.837891 0.287731 0.0330729 0.0847222 
0 0.920964 0.358102 0.0585938 0.0958333 
0 0.458464 0.423843 0.0403646 0.106019 
0 0.395052 0.689352 0.0411458 0.0888889 
0 0.635807 0.922685 0.0434896 0.0833333 
0 0.974609 0.73912 0.0361979 0.0875 
0 0.940365 0.472685 0.0333333 0.119444 
0 0.54388 0.389583 0.0419271 0.0967593 
0 0.192839 0.610648 0.0705729 0.0990741 
0 0.660156 0.487037 0.0697917 0.0814815 
0 0.972656 0.581019 0.0364583 0.0601852 
0 0.807161 0.767361 0.0361979 0.0819444 
0 0.321875 0.96088 0.046875 0.0763889 
0 0.925781 0.628009 0.0333333 0.103241 
0 0.458464 0.786343 0.0528646 0.0699074 
0 0.971615 0.0328704 0.05625 0.0657407 
0 0.571224 0.487037 0.0632813 0.0638889 
0 0.76224 0.899306 0.0453125 0.102315 
0 0.898828 0.947222 0.0377604 0.0925926 
0 0.276302 0.583333 0.04375 0.0675926 
0 0.960417 0.643287 0.0458333 0.0782407 
0 0.971224 0.330093 0.0554687 0.0796296 
0 0.572266 0.873843 0.0539063 0.0615741 
0 0.745703 0.797454 0.0382813 0.0662037 
0 0.476562 0.964352 0.0536458 0.0675926 
0 0.982943 0.114583 0.0335938 0.0625 
0 0.428906 0.534722 0.0458333 0.0657407 
0 0.751953 0.433565 0.0591146 0.0893519 
0 0.616276 0.264352 0.0476562 0.144444 
0 0.0565104 0.705324 0.0432292 0.050463 
0 0.320573 0.581944 0.0385417 0.062963 
0 0.509245 0.574074 0.0554687 0.075 
0 0.0941406 0.635417 0.0393229 0.0736111 
0 0.19362 0.713426 0.0309896 0.062037 
0 0.38112 0.841898 0.0559896 0.0652778 
0 0.364974 0.512037 0.0330729 0.0935185 
0 0.791016 0.978472 0.0617188 0.0430556 
0 0.794922 0.700231 0.0403646 0.0819444 
0 0.279818 0.80162 0.0554687 0.0606481 
0 0.334766 0.394676 0.0403646 0.0643518 
0 0.407161 0.650694 0.0382813 0.0560185 
0 0.207943 0.819444 0.0367187 0.075 
0 0.634245 0.61412 0.0346354 0.106019 
0 0.870182 0.661343 0.0424479 0.0847222 
