0 0.431641 0.497685 0.0398437 0.0759259 
0 0.724089 0.258102 0.0502604 0.0717593 
0 0.64349 0.0666667 0.0979167 0.0842593 
0 0.511719 0.30463 0.0526042 0.138889 
0 0.526432 0.483333 0.0768229 0.0768519 
0 0.389453 0.129398 0.0315104 0.116204 
0 0.28763 0.559954 0.0476562 0.074537 
0 0.4 0.727778 0.040625 0.156481 
0 0.459245 0.0543981 0.0539063 0.0939815 
0 0.283984 0.159722 0.0513021 0.0907407 
0 0.41849 0.205324 0.0442708 0.143056 
0 0.0458333 0.702546 0.0411458 0.0819444 
0 0.601562 0.142593 0.0338542 0.0592593 
0 0.665104 0.697917 0.0442708 0.0560185 
0 0.229687 0.9625 0.0447917 0.0703704 
0 0.113151 0.615741 0.0492188 0.0796296 
0 0.390625 0.88287 0.053125 0.0611111 
0 0.21276 0.0627315 0.0572917 0.0736111 
0 0.116927 0.969676 0.065625 0.0587963 
0 0.158854 0.70625 0.0375 0.0819444 
0 0.0947917 0.209954 0.0411458 0.0597222 
0 0.133854 0.0905093 0.0302083 0.105093 
0 0.0571615 0.203704 0.0294271 0.0527778 
0 0.189844 0.816898 0.0375 0.0615741 
0 0.463151 0.983565 0.0429688 0.0328704 
0 0.276563 0.850694 0.0401042 0.0671296 
0 0.671354 0.204398 0.0260417 0.0560185 
0 0.317839 0.238889 0.0414063 0.0796296 
0 0.333464 0.196528 0.0632813 0.0671296 
0 0.370573 0.0659722 0.034375 0.103241 
0 0.110547 0.520833 0.0549479 0.103704 
0 0.203255 0.586806 0.0888021 0.0782407 
0 0.354167 0.446296 0.0307292 0.0962963 
0 0.535677 0.526852 0.0286458 0.0555556 
0 0.019401 0.0331019 0.0283854 0.0439815 
0 0.117578 0.0233796 0.0466146 0.0467593 
0 0.241016 0.247685 0.0721354 0.0814815 
