0 0.625 0.0949074 0.0432292 0.124074 
0 0.805599 0.428241 0.0408854 0.127778 
0 0.520443 0.53912 0.0424479 0.103241 
0 0.579687 0.550926 0.0541667 0.062037 
0 0.910547 0.372917 0.0908854 0.0837963 
0 0.915495 0.260417 0.0544271 0.0819444 
0 0.0404948 0.48912 0.0346354 0.119907 
0 0.792578 0.754398 0.0263021 0.0865741 
0 0.828125 0.200463 0.075 0.0898148 
0 0.585938 0.0636574 0.0447917 0.109722 
0 0.347396 0.261806 0.0661458 0.0550926 
0 0.503385 0.629167 0.0338542 0.0712963 
0 0.455339 0.101157 0.0752604 0.0625 
0 0.776432 0.290509 0.0372396 0.102315 
0 0.530339 0.795139 0.0361979 0.100463 
0 0.766667 0.484028 0.065625 0.0967593 
0 0.0972656 0.936806 0.0507812 0.0837963 
0 0.954167 0.631944 0.0546875 0.112963 
0 0.715234 0.327315 0.0596354 0.0675926 
0 0.0329427 0.13588 0.0408854 0.0819444 
0 0.336719 0.54838 0.0546875 0.0541667 
0 0.870182 0.8875 0.0393229 0.0731481 
0 0.782161 0.0474537 0.0632813 0.0791667 
0 0.599609 0.685417 0.0408854 0.111574 
0 0.251432 0.647454 0.0419271 0.0773148 
0 0.566797 0.792593 0.0289063 0.0740741 
0 0.680208 0.713426 0.0526042 0.112963 
0 0.669922 0.16412 0.0705729 0.0569444 
0 0.158464 0.543056 0.0341146 0.0777778 
0 0.283203 0.515046 0.0632813 0.0865741 
0 0.399609 0.375231 0.0299479 0.0930556 
0 0.121484 0.20463 0.0794271 0.0574074 
0 0.306901 0.177546 0.0710938 0.074537 
0 0.395182 0.710185 0.0502604 0.0648148 
0 0.264974 0.326157 0.0398437 0.0958333 
0 0.80612 0.627778 0.0367187 0.0851852 
0 0.246224 0.746296 0.0341146 0.0740741 
0 0.715234 0.22963 0.0320312 0.118519 
0 0.435286 0.482639 0.0502604 0.0597222 
0 0.0151042 0.604167 0.0286458 0.0796296 
0 0.772526 0.863889 0.0273438 0.0777778 
0 0.864323 0.515972 0.0515625 0.0680556 
0 0.238151 0.212731 0.0929687 0.0587963 
0 0.125781 0.587269 0.0369792 0.0708333 
0 0.533724 0.40463 0.0492188 0.0777778 
0 0.101432 0.463194 0.0481771 0.0736111 
0 0.916536 0.668519 0.0434896 0.0833333 
0 0.632812 0.630787 0.0484375 0.0597222 
0 0.23125 0.253935 0.0890625 0.0578704 
0 0.433073 0.633565 0.0244792 0.0893519 
0 0.799349 0.540741 0.0330729 0.124074 
0 0.701172 0.398843 0.0492188 0.0671296 
0 0.160286 0.740972 0.0315104 0.0986111 
0 0.853516 0.573611 0.0585938 0.142593 
0 0.832031 0.0467593 0.0364583 0.0611111 
0 0.12526 0.278935 0.0338542 0.0967593 
0 0.259766 0.844676 0.0408854 0.0671296 
0 0.921484 0.730093 0.0419271 0.0555556 
0 0.93112 0.807639 0.0257812 0.0819444 
0 0.443099 0.200231 0.0377604 0.105093 
0 0.891146 0.456944 0.0395833 0.101852 
0 0.373047 0.573843 0.0216146 0.114352 
0 0.270052 0.39838 0.0604167 0.0662037 
0 0.0940104 0.687963 0.0520833 0.0555556 
0 0.0983073 0.841667 0.0361979 0.0898148 
0 0.516016 0.301157 0.0278646 0.102315 
0 0.480469 0.197917 0.0317708 0.126389 
0 0.633203 0.223611 0.0580729 0.0518519 
0 0.486068 0.452083 0.0304688 0.0569444 
0 0.338411 0.421528 0.0440104 0.0708333 
0 0.372005 0.453704 0.0507812 0.0583333 
0 0.760286 0.389815 0.0492188 0.0527778 
0 0.658724 0.768056 0.0330729 0.0675926 
0 0.0145833 0.513426 0.0291667 0.0787037 
0 0.801693 0.0273148 0.0268229 0.0546296 
0 0.217187 0.480556 0.0328125 0.0555556 
0 0.739714 0.952315 0.0283854 0.0888889 
0 0.547786 0.950694 0.0533854 0.0930556 
0 0.19987 0.121991 0.0554687 0.0726852 
0 0.973568 0.74537 0.0424479 0.106481 
0 0.0457031 0.630556 0.0403646 0.0805556 
0 0.453385 0.271991 0.0614583 0.0810185 
0 0.450911 0.893056 0.0476562 0.0574074 
0 0.928255 0.166435 0.0721354 0.0967593 
0 0.0553385 0.425926 0.0304688 0.111111 
0 0.160547 0.950694 0.0429688 0.0615741 
0 0.723177 0.149074 0.0661458 0.109259 
0 0.241667 0.968518 0.0427083 0.062963 
