0 0.598568 0.278704 0.0460938 0.037963 
0 0.579167 0.0321759 0.0239583 0.0615741 
0 0.523958 0.845139 0.0348958 0.0884259 
0 0.352474 0.0939815 0.0434896 0.0537037 
0 0.580078 0.570139 0.0450521 0.0643518 
0 0.492969 0.0597222 0.0302083 0.0398148 
0 0.190234 0.0983796 0.0372396 0.0643518 
0 0.656771 0.268056 0.0609375 0.0509259 
0 0.473177 0.401157 0.0489583 0.0439815 
0 0.492448 0.146991 0.0375 0.0597222 
0 0.590234 0.969676 0.0539063 0.0587963 
0 0.117448 0.228704 0.0348958 0.0481481 
0 0.598177 0.190741 0.0223958 0.0814815 
0 0.0518229 0.721528 0.0338542 0.0560185 
0 0.204818 0.18588 0.0471354 0.0569444 
0 0.616276 0.791667 0.0445312 0.0777778 
0 0.130339 0.0949074 0.0382813 0.0361111 
0 0.3 0.0930556 0.0385417 0.0638889 
0 0.558984 0.303009 0.0294271 0.0347222 
0 0.494141 0.215046 0.0278646 0.0347222 
0 0.335677 0.644907 0.0317708 0.0592593 
0 0.631901 0.396991 0.0169271 0.0791667 
0 0.597656 0.338426 0.0390625 0.0666667 
0 0.397005 0.25 0.0325521 0.0416667 
0 0.602474 0.71875 0.0393229 0.0652778 
0 0.397526 0.574769 0.0341146 0.0541667 
0 0.444531 0.337037 0.0171875 0.0962963 
0 0.313932 0.212037 0.0674479 0.0444444 
0 0.494141 0.965278 0.0377604 0.0657407 
0 0.256901 0.0275463 0.0330729 0.0550926 
0 0.556641 0.626157 0.0367187 0.0541667 
0 0.304036 0.515741 0.0361979 0.0388889 
0 0.611849 0.105093 0.0497396 0.0574074 
0 0.260286 0.569676 0.0309896 0.0791667 
0 0.24388 0.96088 0.0382813 0.0643518 
0 0.173047 0.844213 0.0388021 0.0430556 
