0 0.563542 0.049537 0.0484375 0.0675926 
0 0.539453 0.377546 0.0497396 0.0726852 
0 0.547917 0.487731 0.0635417 0.122685 
0 0.520573 0.20463 0.0479167 0.123148 
0 0.189323 0.216898 0.0333333 0.123611 
0 0.423047 0.0782407 0.0544271 0.0509259 
0 0.476302 0.45787 0.0442708 0.0601852 
0 0.457812 0.490278 0.0484375 0.0666667 
0 0.537109 0.934954 0.0502604 0.0634259 
0 0.334245 0.291204 0.0669271 0.0490741 
0 0.0584635 0.705093 0.0445312 0.0416667 
0 0.338672 0.473843 0.0544271 0.0930556 
0 0.284635 0.210417 0.0729167 0.0532407 
0 0.459375 0.349769 0.0677083 0.0662037 
0 0.300651 0.956713 0.0221354 0.0708333 
0 0.26901 0.445602 0.0770833 0.0569444 
0 0.243229 0.911574 0.0390625 0.0583333 
0 0.306901 0.688426 0.0622396 0.0842593 
0 0.0708333 0.806944 0.03125 0.116667 
0 0.557682 0.565972 0.0398437 0.150463 
0 0.50638 0.903472 0.0273438 0.106019 
0 0.149219 0.655556 0.0354167 0.0564815 
0 0.576172 0.324769 0.0643229 0.0560185 
0 0.107422 0.614352 0.0726563 0.0574074 
0 0.328125 0.724306 0.0328125 0.0597222 
0 0.496615 0.82037 0.0369792 0.0611111 
0 0.385938 0.182407 0.0453125 0.100926 
0 0.565885 0.259028 0.0677083 0.127315 
0 0.909635 0.31875 0.0328125 0.0643518 
0 0.48099 0.639583 0.0557292 0.159722 
0 0.146094 0.0212963 0.059375 0.0416667 
0 0.109505 0.674769 0.0523437 0.0486111 
0 0.0236979 0.662731 0.0328125 0.0513889 
0 0.0273438 0.240509 0.0546875 0.0560185 
0 0.270703 0.0189815 0.0372396 0.037963 
0 0.363021 0.815972 0.0359375 0.0476852 
0 0.143229 0.212963 0.0338542 0.0824074 
0 0.459505 0.0990741 0.0299479 0.0388889 
0 0.533594 0.109028 0.0526042 0.133796 
0 0.569401 0.830324 0.0763021 0.104167 
0 0.0419271 0.173148 0.0421875 0.0537037 
0 0.0720052 0.295602 0.0351562 0.0726852 
0 0.0403646 0.0777778 0.053125 0.0814815 
0 0.647396 0.81875 0.0536458 0.0884259 
0 0.620182 0.975694 0.0559896 0.0467593 
0 0.761198 0.487731 0.0380208 0.0402778 
