0 0.147917 0.815509 0.06875 0.134722 
0 0.784115 0.852778 0.0427083 0.0990741 
0 0.85599 0.745139 0.0364583 0.0652778 
0 0.173307 0.655093 0.0424479 0.0925926 
0 0.58737 0.881944 0.0450521 0.0490741 
0 0.790495 0.534259 0.0356771 0.15 
0 0.950781 0.766898 0.0359375 0.131019 
0 0.421875 0.465278 0.0567708 0.135185 
0 0.286068 0.871065 0.0679687 0.0699074 
0 0.0686198 0.590278 0.0335938 0.0851852 
0 0.736328 0.502546 0.0440104 0.0587963 
0 0.529297 0.372685 0.0372396 0.101852 
0 0.45625 0.881481 0.0640625 0.124074 
0 0.597135 0.388194 0.0432292 0.0569444 
0 0.214844 0.848148 0.0463542 0.0648148 
0 0.677734 0.899306 0.0372396 0.0550926 
0 0.855469 0.625463 0.0661458 0.075 
0 0.744661 0.242593 0.0585938 0.062037 
0 0.255078 0.576389 0.0414063 0.114815 
0 0.636719 0.900926 0.0411458 0.0583333 
0 0.148698 0.956481 0.0427083 0.0787037 
0 0.799349 0.76875 0.0299479 0.0949074 
