0 0.629948 0.784491 0.090625 0.127315 
0 0.769531 0.31713 0.065625 0.0962963 
0 0.554688 0.740046 0.0760417 0.1625 
0 0.48138 0.190741 0.0622396 0.102778 
0 0.574219 0.928704 0.147917 0.127778 
0 0.189844 0.836806 0.034375 0.0949074 
0 0.166667 0.751389 0.053125 0.115741 
0 0.724609 0.0888889 0.0716146 0.119444 
0 0.533594 0.402546 0.0322917 0.0532407 
0 0.376953 0.0983796 0.0361979 0.0736111 
0 0.483854 0.464583 0.0791667 0.135648 
0 0.723568 0.728704 0.0377604 0.0518519 
0 0.327604 0.730556 0.0604167 0.0722222 
0 0.761719 0.628472 0.0239583 0.0791667 
0 0.509245 0.865509 0.0601562 0.0763889 
0 0.663542 0.948843 0.05625 0.0958333 
0 0.159505 0.126157 0.0684896 0.0597222 
0 0.345313 0.074537 0.0286458 0.0685185 
0 0.0255208 0.533102 0.0390625 0.0560185 
0 0.385677 0.896528 0.0557292 0.140278 
0 0.629948 0.132639 0.0869792 0.104167 
0 0.485938 0.730787 0.0307292 0.1125 
0 0.582552 0.83912 0.0515625 0.1125 
0 0.292708 0.781713 0.0239583 0.0662037 
0 0.0549479 0.283565 0.0807292 0.0810185 
0 0.462109 0.539583 0.0585938 0.0560185 
0 0.399219 0.325231 0.034375 0.129167 
0 0.0476562 0.181481 0.0354167 0.0712963 
0 0.383594 0.0252315 0.0322917 0.050463 
0 0.335286 0.53125 0.0356771 0.124537 
0 0.197656 0.2 0.0411458 0.0805556 
0 0.107031 0.470833 0.0614583 0.0518519 
0 0.0294271 0.390278 0.0270833 0.124074 
0 0.523958 0.690509 0.0364583 0.0763889 
0 0.245703 0.160185 0.0434896 0.105556 
0 0.104036 0.980556 0.0622396 0.0388889 
0 0.272135 0.655324 0.0395833 0.075463 
0 0.148438 0.922685 0.0328125 0.0564815 
0 0.083724 0.643519 0.0361979 0.0731481 
0 0.0294271 0.612269 0.0229167 0.101389 
0 0.0546875 0.461806 0.0427083 0.0828704 
0 0.122005 0.616667 0.0486979 0.0694444 
0 0.465104 0.687963 0.0234375 0.05 
0 0.249349 0.755556 0.0445312 0.0583333 
0 0.176953 0.569444 0.0684896 0.0768519 
0 0.465625 0.313889 0.0333333 0.037037 
0 0.29362 0.178935 0.0226563 0.0606481 
0 0.398958 0.917361 0.0395833 0.165278 
0 0.526823 0.603241 0.0307292 0.0814815 
0 0.771484 0.0543981 0.0408854 0.0643518 
0 0.189323 0.0351852 0.0567708 0.0592593 
0 0.223958 0.417593 0.05625 0.0611111 
0 0.182422 0.255556 0.0575521 0.0805556 
0 0.0192708 0.257407 0.0265625 0.0611111 
