0 0.0341146 0.445602 0.0583333 0.11713 
0 0.794922 0.15787 0.0846354 0.087037 
0 0.264583 0.261343 0.0453125 0.0578704 
0 0.410417 0.592824 0.0348958 0.0550926 
0 0.0615885 0.683796 0.0419271 0.0888889 
0 0.358594 0.347917 0.0458333 0.105093 
0 0.220573 0.267593 0.0338542 0.131481 
0 0.792969 0.545602 0.0447917 0.0689815 
0 0.162109 0.478935 0.0554687 0.0717593 
0 0.326823 0.560417 0.0515625 0.0782407 
0 0.165104 0.310417 0.0255208 0.0587963 
0 0.0934896 0.734722 0.0604167 0.101852 
0 0.27513 0.454861 0.0523437 0.0550926 
0 0.736328 0.338889 0.0575521 0.0768519 
0 0.411849 0.485185 0.0518229 0.0453704 
0 0.63776 0.477083 0.0234375 0.0791667 
0 0.806641 0.35625 0.0273438 0.106019 
0 0.677214 0.31088 0.0414063 0.0643518 
0 0.917057 0.516898 0.0507812 0.161574 
0 0.135286 0.439815 0.0335938 0.0925926 
0 0.317057 0.45787 0.0408854 0.0861111 
0 0.860807 0.302315 0.0622396 0.0675926 
0 0.353255 0.809028 0.0596354 0.0726852 
0 0.884766 0.167593 0.0570313 0.0888889 
0 0.377734 0.566435 0.0294271 0.0643518 
0 0.76263 0.65787 0.0226563 0.0814815 
0 0.71237 0.29213 0.0351562 0.0703704 
0 0.172786 0.641435 0.0356771 0.0625 
0 0.48737 0.516435 0.0507812 0.0726852 
0 0.585417 0.463657 0.0520833 0.0652778 
0 0.51901 0.360417 0.0583333 0.0643518 
0 0.760677 0.400231 0.0359375 0.0819444 
