0 0.642578 0.0451389 0.0351562 0.0902778 
0 0.511198 0.0865741 0.0390625 0.0944444 
0 0.708464 0.0395833 0.0523437 0.0791667 
0 0.198828 0.324769 0.0361979 0.101389 
0 0.315104 0.372917 0.0588542 0.0856481 
0 0.830078 0.186806 0.0481771 0.106944 
0 0.952604 0.0476852 0.0833333 0.0796296 
0 0.852604 0.447454 0.0447917 0.0791667 
0 0.738281 0.59375 0.04375 0.0791667 
0 0.0425781 0.218519 0.0690104 0.0777778 
0 0.254167 0.0569444 0.0385417 0.111111 
0 0.0677083 0.746991 0.0515625 0.0708333 
0 0.422266 0.158102 0.0341146 0.123611 
0 0.055599 0.518056 0.0518229 0.0685185 
0 0.41849 0.367361 0.0385417 0.1125 
0 0.240885 0.363889 0.028125 0.137037 
0 0.0841146 0.833796 0.046875 0.0611111 
0 0.686979 0.487963 0.0354167 0.125926 
0 0.559115 0.297222 0.0625 0.0648148 
0 0.0285156 0.119907 0.0523437 0.107407 
0 0.217839 0.689352 0.0372396 0.0925926 
0 0.953125 0.376852 0.0546875 0.0731481 
0 0.0248698 0.574306 0.0481771 0.0763889 
0 0.648438 0.415046 0.0520833 0.0865741 
0 0.140365 0.206481 0.0375 0.0814815 
0 0.876042 0.0949074 0.0453125 0.062963 
0 0.221745 0.547917 0.0460938 0.108796 
0 0.725521 0.22338 0.0869792 0.0828704 
0 0.873047 0.773611 0.0309896 0.101852 
0 0.819792 0.878009 0.0411458 0.0976852 
0 0.0984375 0.316898 0.0401042 0.0875 
0 0.277344 0.77963 0.0385417 0.087037 
0 0.104036 0.780787 0.0419271 0.0689815 
0 0.54349 0.535185 0.0390625 0.0398148 
0 0.370573 0.272917 0.0296875 0.0930556 
0 0.652865 0.549769 0.0322917 0.0606481 
0 0.253385 0.715278 0.04375 0.0546296 
0 0.18138 0.713657 0.0351562 0.0893519 
0 0.220443 0.902778 0.0549479 0.0453704 
0 0.603516 0.640741 0.0476562 0.087963 
0 0.761719 0.7375 0.0328125 0.05 
0 0.667057 0.707639 0.0559896 0.0671296 
