0 0.704557 0.0574074 0.0580729 0.1 
0 0.588281 0.285648 0.0354167 0.124074 
0 0.939453 0.66713 0.0528646 0.105556 
0 0.407682 0.509028 0.0731771 0.0634259 
0 0.41888 0.0944444 0.0346354 0.126852 
0 0.963411 0.884722 0.0549479 0.0527778 
0 0.409766 0.323148 0.0393229 0.0824074 
0 0.808594 0.512963 0.05 0.0481481 
0 0.400391 0.851852 0.0429688 0.128704 
0 0.436458 0.96088 0.0369792 0.075463 
0 0.0429688 0.946991 0.0432292 0.0949074 
0 0.811589 0.708333 0.0528646 0.101852 
0 0.353516 0.855093 0.0507812 0.106481 
0 0.154557 0.653241 0.0351562 0.0925926 
0 0.863802 0.605787 0.05 0.0884259 
0 0.135417 0.709259 0.0380208 0.0953704 
0 0.0108073 0.705787 0.0205729 0.127315 
0 0.888151 0.778241 0.0726563 0.0824074 
0 0.51276 0.355324 0.0348958 0.121759 
0 0.580599 0.816667 0.0304688 0.0564815 
0 0.175651 0.792361 0.0356771 0.0986111 
0 0.823698 0.794213 0.0296875 0.0671296 
0 0.715755 0.957407 0.0471354 0.0601852 
0 0.509375 0.725694 0.0390625 0.0773148 
0 0.297786 0.371065 0.0434896 0.0486111 
0 0.77487 0.164352 0.0585938 0.130556 
0 0.579687 0.681944 0.0453125 0.0953704 
0 0.340755 0.619676 0.0289063 0.0736111 
0 0.198307 0.694907 0.0429688 0.117593 
0 0.239714 0.702546 0.0492188 0.0486111 
0 0.690495 0.700926 0.0757812 0.0759259 
0 0.732422 0.213889 0.0341146 0.0712963 
0 0.267318 0.827315 0.0507812 0.0601852 
0 0.0640625 0.594444 0.0645833 0.0509259 
0 0.260938 0.771991 0.03125 0.0560185 
