0 0.549219 0.861574 0.0526042 0.242593 
0 0.208333 0.476157 0.0463542 0.15787 
0 0.95599 0.554167 0.0755208 0.122222 
0 0.153385 0.743519 0.0802083 0.0740741 
0 0.330859 0.876157 0.0341146 0.15787 
0 0.311979 0.484954 0.0567708 0.101389 
0 0.18099 0.292593 0.0583333 0.0722222 
0 0.747135 0.90625 0.0520833 0.0810185 
0 0.11276 0.55463 0.0515625 0.0638889 
0 0.289062 0.698843 0.0380208 0.103241 
0 0.190755 0.961806 0.0330729 0.0726852 
0 0.590365 0.511343 0.0505208 0.125463 
0 0.626042 0.808102 0.0296875 0.120833 
0 0.63724 0.579167 0.0572917 0.0472222 
0 0.684635 0.81713 0.0442708 0.0712963 
0 0.153516 0.44375 0.0398437 0.109722 
0 0.66888 0.660648 0.0460938 0.101852 
0 0.965755 0.247917 0.0601562 0.119907 
