0 0.411849 0.751389 0.0476562 0.101852 
0 0.0923177 0.586806 0.0523437 0.074537 
0 0.20625 0.485417 0.0291667 0.0606481 
0 0.279687 0.696991 0.04375 0.0717593 
0 0.752474 0.423148 0.0346354 0.108333 
0 0.699219 0.265741 0.0583333 0.0657407 
0 0.945312 0.609722 0.0572917 0.0712963 
0 0.829687 0.561343 0.0395833 0.0921296 
0 0.584896 0.396296 0.0401042 0.0564815 
0 0.789062 0.343981 0.0380208 0.0601852 
0 0.394792 0.49838 0.0619792 0.0717593 
0 0.754948 0.955787 0.046875 0.0726852 
0 0.319792 0.489583 0.0473958 0.131944 
0 0.505859 0.462963 0.0335938 0.110185 
0 0.546875 0.534954 0.0395833 0.0662037 
0 0.899349 0.236343 0.0601562 0.168056 
0 0.491797 0.885417 0.0544271 0.10787 
0 0.982943 0.459954 0.0330729 0.0736111 
0 0.933594 0.81088 0.0369792 0.0615741 
0 0.822266 0.629398 0.0559896 0.074537 
0 0.53125 0.771065 0.040625 0.0837963 
0 0.885677 0.782639 0.0427083 0.11713 
0 0.0921875 0.693981 0.0442708 0.0712963 
0 0.601042 0.713657 0.0489583 0.0569444 
0 0.420052 0.836806 0.0302083 0.0986111 
0 0.883333 0.928009 0.053125 0.074537 
0 0.186979 0.35787 0.046875 0.0759259 
0 0.98737 0.246528 0.0247396 0.0847222 
0 0.828125 0.242593 0.0619792 0.05 
0 0.667448 0.849306 0.0364583 0.0689815 
