0 0.704036 0.459722 0.0356771 0.0722222 
0 0.691406 0.6375 0.0536458 0.0712963 
0 0.441667 0.397454 0.0526042 0.0856481 
0 0.750521 0.124537 0.0395833 0.0805556 
0 0.810026 0.66412 0.0367187 0.0865741 
0 0.603906 0.553704 0.0348958 0.0518519 
0 0.97474 0.328241 0.0505208 0.0675926 
0 0.402604 0.495833 0.0375 0.0638889 
0 0.642578 0.802083 0.0393229 0.0819444 
0 0.970703 0.955787 0.0523437 0.0810185 
0 0.483724 0.129861 0.0341146 0.0560185 
0 0.601042 0.465278 0.0489583 0.0694444 
0 0.518099 0.340278 0.0372396 0.0916667 
0 0.0700521 0.753935 0.08125 0.0810185 
0 0.535677 0.846759 0.0494792 0.0527778 
0 0.378646 0.874537 0.0510417 0.0685185 
0 0.744661 0.361806 0.0367187 0.0837963 
0 0.26862 0.954167 0.0502604 0.0638889 
