0 0.457682 0.12963 0.0513021 0.0972222 
0 0.0623698 0.699306 0.0742188 0.174537 
0 0.253385 0.317593 0.0515625 0.106481 
0 0.126823 0.374074 0.0447917 0.135185 
0 0.432292 0.237037 0.0473958 0.210185 
0 0.0700521 0.511343 0.0677083 0.100463 
0 0.620182 0.677546 0.0481771 0.0939815 
0 0.130078 0.174537 0.0361979 0.144444 
0 0.471354 0.852083 0.0401042 0.0717593 
0 0.460938 0.634491 0.0302083 0.0680556 
0 0.267578 0.738657 0.0648438 0.0967593 
0 0.957031 0.605324 0.0317708 0.120833 
0 0.63763 0.313194 0.0606771 0.0967593 
0 0.853516 0.946065 0.0388021 0.0671296 
0 0.452604 0.700926 0.03125 0.075 
0 0.732813 0.519444 0.139583 0.0824074 
0 0.601562 0.77037 0.0328125 0.130556 
0 0.585938 0.675926 0.0526042 0.10463 
0 0.715365 0.671759 0.0494792 0.0574074 
0 0.165365 0.894907 0.0401042 0.107407 
0 0.365495 0.642361 0.0872396 0.0773148 
0 0.408073 0.0546296 0.0307292 0.103704 
0 0.534635 0.31713 0.03125 0.0592593 
0 0.586979 0.33287 0.0260417 0.112037 
0 0.695833 0.902778 0.053125 0.0805556 
0 0.279948 0.520833 0.0526042 0.0712963 
0 0.085026 0.274306 0.0388021 0.0449074 
0 0.428776 0.572222 0.0486979 0.0583333 
0 0.0846354 0.90625 0.0338542 0.118056 
0 0.976042 0.729167 0.046875 0.0490741 
0 0.907292 0.731713 0.0526042 0.099537 
0 0.217839 0.85463 0.0669271 0.100926 
0 0.158724 0.456481 0.0554687 0.0611111 
0 0.783203 0.926157 0.0606771 0.129167 
0 0.391146 0.427778 0.059375 0.087037 
0 0.330599 0.834954 0.0460938 0.0791667 
0 0.409115 0.489583 0.0697917 0.0939815 
0 0.16875 0.543056 0.0864583 0.0777778 
0 0.761719 0.652315 0.0307292 0.0601852 
