0 0.888281 0.333796 0.0942708 0.119444 
0 0.822266 0.178704 0.0549479 0.0685185 
0 0.857422 0.111806 0.0497396 0.173611 
0 0.794401 0.322454 0.0721354 0.150463 
0 0.433073 0.0655093 0.0557292 0.0967593 
0 0.498307 0.0907407 0.0304688 0.0888889 
0 0.379167 0.827083 0.0359375 0.0569444 
0 0.80026 0.420602 0.0927083 0.0921296 
0 0.582943 0.694907 0.0460938 0.0574074 
0 0.498828 0.767361 0.0356771 0.0912037 
0 0.639193 0.101157 0.0325521 0.0875 
0 0.385156 0.896759 0.059375 0.0527778 
0 0.482031 0.541667 0.0583333 0.0824074 
0 0.386198 0.0233796 0.03125 0.0439815 
0 0.660156 0.0481481 0.0541667 0.0462963 
0 0.600521 0.617593 0.0541667 0.0462963 
0 0.32513 0.0386574 0.0330729 0.0773148 
0 0.78125 0.560417 0.0630208 0.0634259 
0 0.0455729 0.621528 0.0338542 0.0689815 
0 0.42526 0.849769 0.034375 0.0652778 
0 0.92474 0.760417 0.0526042 0.0597222 
0 0.297135 0.149769 0.0708333 0.0597222 
0 0.414844 0.261574 0.0286458 0.0435185 
0 0.67487 0.233333 0.0513021 0.117593 
0 0.458724 0.297917 0.0330729 0.0726852 
0 0.267839 0.440509 0.0372396 0.0875 
0 0.19349 0.392361 0.04375 0.0532407 
0 0.555599 0.603241 0.0377604 0.132407 
0 0.620573 0.947917 0.04375 0.0458333 
0 0.568359 0.910648 0.0377604 0.137037 
0 0.76224 0.0877315 0.0380208 0.0912037 
0 0.26224 0.719676 0.0416667 0.108796 
0 0.429948 0.64838 0.0776042 0.0902778 
0 0.64987 0.322917 0.0460938 0.0949074 
0 0.401172 0.292361 0.0502604 0.0430556 
0 0.443359 0.41875 0.0346354 0.0513889 
0 0.208333 0.454861 0.0432292 0.0449074 
0 0.513151 0.45625 0.0559896 0.0736111 
0 0.277865 0.0208333 0.0515625 0.0416667 
0 0.0983073 0.791898 0.0372396 0.0736111 
0 0.740755 0.78912 0.0330729 0.0550926 
0 0.540495 0.100463 0.0304688 0.0435185 
0 0.215625 0.300926 0.0708333 0.0592593 
0 0.276302 0.274306 0.0536458 0.0430556 
0 0.570312 0.797917 0.0354167 0.0736111 
0 0.064974 0.453472 0.0367187 0.0560185 
0 0.367188 0.381481 0.0484375 0.0675926 
0 0.35026 0.450463 0.0661458 0.0435185 
0 0.0989583 0.12963 0.0291667 0.0675926 
0 0.380599 0.232639 0.0486979 0.0606481 
0 0.660677 0.534259 0.0447917 0.0981481 
0 0.66263 0.122917 0.0440104 0.0671296 
0 0.275391 0.900231 0.0299479 0.0541667 
0 0.0783854 0.97963 0.0453125 0.0407407 
0 0.498828 0.696528 0.0507812 0.075463 
0 0.0533854 0.717824 0.0583333 0.0606481 
