0 0.442448 0.447917 0.0401042 0.105093 
0 0.563021 0.287037 0.0515625 0.0935185 
0 0.348047 0.285185 0.0377604 0.0935185 
0 0.682161 0.459028 0.0424479 0.0986111 
0 0.88138 0.216898 0.0690104 0.116204 
0 0.568359 0.969676 0.0533854 0.0578704 
0 0.20625 0.349306 0.0510417 0.0763889 
0 0.954557 0.235185 0.0419271 0.119444 
0 0.595312 0.509028 0.0239583 0.0523148 
0 0.238021 0.386574 0.0526042 0.0583333 
0 0.130208 0.489583 0.0473958 0.0671296 
0 0.129688 0.339583 0.0473958 0.0810185 
0 0.886719 0.730093 0.0505208 0.0694444 
0 0.511198 0.55463 0.0401042 0.0796296 
0 0.519531 0.458333 0.0520833 0.0953704 
0 0.438281 0.321528 0.0458333 0.0884259 
0 0.61224 0.720139 0.0317708 0.075463 
0 0.466276 0.38125 0.0429688 0.110648 
0 0.910677 0.473611 0.0401042 0.0703704 
0 0.786198 0.517361 0.0546875 0.0791667 
0 0.965365 0.795139 0.0479167 0.0615741 
0 0.641667 0.598843 0.0385417 0.0689815 
0 0.446224 0.753935 0.0434896 0.0893519 
0 0.645052 0.393519 0.0328125 0.0731481 
0 0.369141 0.513426 0.0434896 0.0509259 
0 0.847135 0.294213 0.0598958 0.0717593 
0 0.161328 0.447454 0.0544271 0.104167 
0 0.796875 0.684491 0.0515625 0.0662037 
0 0.301823 0.609722 0.04375 0.110185 
0 0.861328 0.870602 0.0346354 0.0689815 
0 0.558984 0.359722 0.0294271 0.0740741 
0 0.0110677 0.69838 0.0221354 0.0939815 
0 0.947266 0.43125 0.0460938 0.0930556 
0 0.744141 0.363426 0.0513021 0.0592593 
0 0.405469 0.786806 0.0411458 0.0606481 
0 0.364062 0.375 0.0229167 0.106481 
0 0.0205729 0.476157 0.040625 0.0578704 
0 0.240495 0.755556 0.0471354 0.087037 
0 0.976042 0.203472 0.046875 0.121759 
0 0.714453 0.837269 0.0481771 0.0856481 
0 0.636198 0.771991 0.0369792 0.0569444 
0 0.936589 0.895833 0.0528646 0.062963 
0 0.830078 0.578472 0.0466146 0.125463 
0 0.859896 0.244213 0.0208333 0.0578704 
0 0.567839 0.645833 0.0320312 0.062037 
0 0.677734 0.343056 0.0763021 0.0861111 
0 0.647526 0.883102 0.0268229 0.0837963 
0 0.615234 0.157407 0.0388021 0.0546296 
0 0.335417 0.412037 0.0557292 0.0898148 
0 0.235156 0.451389 0.0390625 0.0509259 
0 0.19362 0.92963 0.0513021 0.087963 
0 0.773958 0.45625 0.0411458 0.0976852 
0 0.79349 0.234259 0.0484375 0.0462963 
0 0.0721354 0.565278 0.0520833 0.0657407 
0 0.70651 0.98125 0.0572917 0.0375 
0 0.632292 0.53125 0.0369792 0.0699074 
0 0.182552 0.753009 0.034375 0.0708333 
0 0.971615 0.367824 0.025 0.0587963 
0 0.797917 0.287037 0.04375 0.0444444 
0 0.57513 0.875463 0.0356771 0.05 
0 0.0699219 0.913194 0.0408854 0.0550926 
0 0.787109 0.558102 0.0325521 0.0652778 
0 0.619661 0.574306 0.0289063 0.0606481 
0 0.016276 0.616898 0.0325521 0.0625 
