0 0.307682 0.0611111 0.0408854 0.087037 
0 0.11862 0.176157 0.0361979 0.0671296 
0 0.113672 0.364352 0.0408854 0.106481 
0 0.0235677 0.0502315 0.0466146 0.100463 
0 0.197266 0.263889 0.0565104 0.075 
0 0.795833 0.049537 0.0484375 0.087037 
0 0.056901 0.519444 0.0351562 0.0675926 
0 0.971224 0.149074 0.0513021 0.0962963 
0 0.686458 0.597222 0.0489583 0.0712963 
0 0.621094 0.128704 0.0458333 0.087963 
0 0.769922 0.207407 0.0367187 0.127778 
0 0.51263 0.094213 0.0372396 0.0893519 
0 0.349609 0.669213 0.0669271 0.075463 
0 0.21276 0.125926 0.0348958 0.062037 
0 0.726562 0.246296 0.0484375 0.126852 
0 0.629427 0.96875 0.0395833 0.0606481 
0 0.88724 0.0606481 0.0380208 0.0648148 
0 0.941927 0.478704 0.028125 0.0777778 
0 0.591797 0.299769 0.0513021 0.0717593 
0 0.888151 0.803472 0.0361979 0.075463 
0 0.0963542 0.26875 0.0442708 0.0486111 
0 0.011849 0.316435 0.0236979 0.0884259 
0 0.982292 0.234954 0.0354167 0.102315 
0 0.55625 0.0733796 0.0463542 0.1125 
0 0.573698 0.921065 0.0546875 0.0856481 
0 0.794922 0.776389 0.0450521 0.0777778 
0 0.402734 0.412731 0.0388021 0.0763889 
0 0.972656 0.554167 0.0328125 0.0962963 
0 0.978125 0.361111 0.0359375 0.0611111 
0 0.0848958 0.347222 0.0401042 0.0944444 
0 0.914583 0.618056 0.0578125 0.0675926 
0 0.941927 0.115509 0.0494792 0.0615741 
0 0.636719 0.604167 0.040625 0.0518519 
0 0.588411 0.515972 0.0507812 0.0560185 
0 0.142318 0.711574 0.0523437 0.0888889 
0 0.342708 0.133565 0.0348958 0.075463 
0 0.672917 0.15 0.0442708 0.0666667 
0 0.147135 0.795602 0.0354167 0.049537 
0 0.876953 0.402546 0.0606771 0.0726852 
0 0.762109 0.421296 0.0835937 0.0851852 
0 0.256641 0.256019 0.0497396 0.0898148 
0 0.0595052 0.0956018 0.0507812 0.0643518 
0 0.546354 0.506944 0.0364583 0.062963 
0 0.930599 0.72963 0.0466146 0.0648148 
0 0.357682 0.223148 0.0523437 0.0694444 
