0 0.402344 0.234954 0.0671875 0.101389 
0 0.960026 0.836574 0.0627604 0.0972222 
0 0.634766 0.900231 0.0429688 0.141204 
0 0.709896 0.375926 0.0583333 0.111111 
0 0.0519531 0.654167 0.0325521 0.125926 
0 0.835417 0.71875 0.0885417 0.0902778 
0 0.0342448 0.306481 0.0648438 0.0731481 
0 0.0699219 0.899306 0.0356771 0.129167 
0 0.157161 0.485185 0.0466146 0.159259 
0 0.292188 0.505093 0.040625 0.105556 
0 0.411328 0.125926 0.0268229 0.0574074 
0 0.822266 0.17963 0.0429688 0.180556 
0 0.142969 0.645833 0.0536458 0.136111 
0 0.42526 0.319907 0.0229167 0.0740741 
0 0.393359 0.762963 0.0393229 0.0842593 
0 0.327604 0.487037 0.0354167 0.062963 
0 0.209766 0.556481 0.0507812 0.0805556 
0 0.860286 0.516898 0.0736979 0.118056 
0 0.413802 0.402778 0.0838542 0.167593 
0 0.103646 0.470833 0.0255208 0.0824074 
0 0.841797 0.0638889 0.0455729 0.0601852 
0 0.599609 0.454861 0.0393229 0.0662037 
0 0.879818 0.162269 0.0539063 0.0763889 
0 0.76862 0.339352 0.0523437 0.105556 
0 0.0188802 0.819444 0.0346354 0.087037 
0 0.770964 0.486574 0.0570313 0.0990741 
0 0.77487 0.805093 0.0367187 0.0953704 
0 0.770443 0.943519 0.0341146 0.10463 
0 0.708464 0.236574 0.0429688 0.0824074 
0 0.835026 0.317361 0.0356771 0.101389 
0 0.878906 0.2875 0.05 0.0638889 
0 0.379948 0.511806 0.0697917 0.155093 
0 0.242839 0.455324 0.0611979 0.0689815 
0 0.102734 0.858796 0.0351562 0.133333 
0 0.979948 0.954861 0.0380208 0.075463 
0 0.172786 0.804861 0.0591146 0.124537 
0 0.554167 0.946065 0.0364583 0.100463 
0 0.758854 0.617361 0.0333333 0.110648 
0 0.255339 0.385185 0.0971354 0.0694444 
0 0.576563 0.311111 0.0630208 0.147222 
0 0.317839 0.638426 0.0502604 0.139815 
0 0.840365 0.430324 0.071875 0.0550926 
0 0.672786 0.969444 0.0679687 0.0611111 
0 0.241927 0.673611 0.046875 0.0759259 
0 0.708464 0.710185 0.0544271 0.0638889 
0 0.855469 0.352315 0.0520833 0.0638889 
0 0.849609 0.784028 0.0481771 0.0486111 
0 0.334375 0.870139 0.0578125 0.134722 
0 0.725521 0.561806 0.0473958 0.0865741 
0 0.0740885 0.413426 0.0674479 0.0611111 
0 0.945312 0.37963 0.0932292 0.0722222 
