0 0.816927 0.109722 0.0520833 0.0787037 
0 0.64362 0.0793981 0.0611979 0.0773148 
0 0.609766 0.205556 0.0419271 0.0685185 
0 0.0619792 0.0314815 0.0359375 0.062963 
0 0.411849 0.503472 0.0528646 0.0699074 
0 0.982943 0.14213 0.0335938 0.0907407 
0 0.164583 0.0368056 0.0395833 0.0736111 
0 0.419661 0.211343 0.0518229 0.0513889 
0 0.870573 0.25162 0.0307292 0.0625 
0 0.916927 0.197222 0.0567708 0.0925926 
0 0.814453 0.37338 0.0341146 0.0375 
0 0.775391 0.371759 0.0455729 0.0555556 
0 0.871094 0.103009 0.0276042 0.0819444 
0 0.451172 0.353935 0.0361979 0.0828704 
0 0.777865 0.167824 0.0359375 0.102315 
0 0.241016 0.499074 0.0419271 0.0814815 
0 0.914453 0.355787 0.0351562 0.102315 
0 0.949219 0.0819444 0.0338542 0.0833333 
