0 0.602604 0.772685 0.0630208 0.138889 
0 0.699609 0.043287 0.0669271 0.0828704 
0 0.603516 0.274537 0.0351562 0.0564815 
0 0.645964 0.956481 0.0747396 0.0824074 
0 0.671354 0.366435 0.0322917 0.1375 
0 0.760156 0.362963 0.05625 0.137963 
0 0.791016 0.181944 0.0455729 0.0972222 
0 0.276172 0.435185 0.0596354 0.0472222 
0 0.576693 0.346528 0.0486979 0.0791667 
0 0.701172 0.343287 0.0330729 0.140278 
0 0.223438 0.852546 0.05 0.0532407 
0 0.470833 0.745139 0.0671875 0.0606481 
0 0.353255 0.411111 0.0476562 0.0851852 
0 0.0755208 0.202083 0.0354167 0.0532407 
0 0.533724 0.825463 0.0643229 0.0472222 
0 0.561068 0.442824 0.0346354 0.0486111 
0 0.398438 0.491667 0.0354167 0.0814815 
0 0.260417 0.0796296 0.0416667 0.037037 
0 0.555599 0.647917 0.0653646 0.0513889 
0 0.450651 0.263657 0.0341146 0.0449074 
0 0.637109 0.037963 0.0351562 0.0759259 
0 0.552214 0.395602 0.0554687 0.0523148 
0 0.540495 0.687963 0.0768229 0.0509259 
0 0.0799479 0.330093 0.046875 0.0398148 
0 0.424349 0.91412 0.0565104 0.0560185 
0 0.17487 0.881481 0.0445312 0.0740741 
0 0.345964 0.903704 0.0320312 0.0444444 
0 0.378385 0.862037 0.0416667 0.0527778 
0 0.35651 0.53912 0.0458333 0.0430556 
0 0.60651 0.573843 0.0411458 0.0578704 
0 0.344661 0.7125 0.0414063 0.0564815 
0 0.194141 0.632639 0.0466146 0.050463 
0 0.263932 0.853704 0.0325521 0.0824074 
0 0.101042 0.589815 0.0390625 0.0555556 
0 0.427214 0.310417 0.0679687 0.0680556 
0 0.0375 0.513889 0.053125 0.0462963 
0 0.711458 0.137731 0.0864583 0.0643518 
0 0.724089 0.513657 0.0382813 0.049537 
0 0.659245 0.576389 0.0721354 0.0740741 
0 0.377604 0.0518519 0.0458333 0.0685185 
0 0.122005 0.771991 0.0195312 0.0893519 
0 0.133203 0.0293981 0.0252604 0.0569444 
0 0.805208 0.471296 0.034375 0.0722222 
0 0.143359 0.662269 0.0466146 0.0532407 
0 0.101172 0.252546 0.0440104 0.0486111 
0 0.207422 0.735185 0.0440104 0.0601852 
0 0.419922 0.110648 0.0486979 0.0953704 
0 0.0503906 0.780324 0.0471354 0.0523148 
0 0.0720052 0.0821759 0.0377604 0.0513889 
