0 0.979036 0.353241 0.0414063 0.102778 
0 0.58151 0.629861 0.0333333 0.0782407 
0 0.552344 0.85463 0.0625 0.0768519 
0 0.727083 0.736806 0.0557292 0.0819444 
0 0.151042 0.946991 0.0515625 0.101389 
0 0.522917 0.662731 0.04375 0.0736111 
0 0.933073 0.410648 0.0453125 0.0657407 
0 0.970312 0.728935 0.0447917 0.075463 
0 0.196875 0.530093 0.0463542 0.111111 
0 0.0416667 0.640509 0.034375 0.118056 
0 0.538542 0.45 0.0802083 0.0712963 
0 0.0983073 0.532639 0.0476562 0.0791667 
0 0.888151 0.480093 0.0315104 0.0666667 
0 0.150391 0.79213 0.0445312 0.0907407 
0 0.500391 0.954861 0.0523437 0.0875 
0 0.622526 0.803935 0.0622396 0.0634259 
0 0.124349 0.59375 0.0497396 0.0819444 
0 0.901823 0.423611 0.034375 0.0898148 
0 0.963411 0.528704 0.0518229 0.0685185 
0 0.670443 0.763426 0.0289063 0.05 
0 0.896484 0.896759 0.0705729 0.0657407 
0 0.447656 0.936574 0.05625 0.0777778 
0 0.72513 0.651852 0.0414063 0.0731481 
0 0.386719 0.616667 0.0328125 0.112963 
0 0.679688 0.643056 0.0401042 0.0592593 
0 0.404036 0.722917 0.0278646 0.0532407 
0 0.619531 0.273148 0.0385417 0.0722222 
0 0.665104 0.545139 0.0458333 0.118981 
0 0.230729 0.770833 0.0453125 0.0990741 
0 0.945312 0.826389 0.0635417 0.0675926 
0 0.179167 0.830787 0.0255208 0.0467593 
0 0.555729 0.346528 0.0302083 0.0921296 
0 0.811589 0.953009 0.0377604 0.0939815 
0 0.461458 0.49375 0.0390625 0.0662037 
0 0.979036 0.624306 0.0377604 0.106019 
0 0.322786 0.975463 0.0617188 0.0490741 
0 0.422266 0.675 0.0377604 0.062037 
0 0.878516 0.560648 0.0627604 0.087037 
0 0.695703 0.893981 0.0247396 0.062963 
0 0.188802 0.646296 0.0380208 0.0407407 
0 0.423828 0.508102 0.0434896 0.0550926 
0 0.376563 0.818981 0.0494792 0.062963 
0 0.420443 0.855324 0.0424479 0.0689815 
0 0.0997396 0.803241 0.0338542 0.0824074 
0 0.74375 0.619444 0.0604167 0.0555556 
0 0.642187 0.652546 0.03125 0.0689815 
0 0.224219 0.435185 0.0567708 0.0907407 
0 0.335677 0.73912 0.0515625 0.0587963 
0 0.241276 0.63588 0.0544271 0.0458333 
0 0.297656 0.846065 0.0447917 0.0773148 
0 0.681641 0.515972 0.0242187 0.0921296 
0 0.169661 0.594213 0.0304688 0.0430556 
0 0.667969 0.167361 0.0395833 0.0615741 
0 0.306901 0.605093 0.0252604 0.0481481 
0 0.186589 0.141667 0.0315104 0.0796296 
0 0.914974 0.578472 0.0393229 0.0486111 
0 0.019401 0.875463 0.0367187 0.0611111 
0 0.468359 0.803704 0.0341146 0.0583333 
0 0.50625 0.563426 0.021875 0.0574074 
