0 0.26237 0.374769 0.0341146 0.0949074 
0 0.127865 0.544676 0.05625 0.0884259 
0 0.221094 0.588657 0.05 0.0893519 
0 0.39987 0.526157 0.0356771 0.0893519 
0 0.223307 0.708796 0.0466146 0.0787037 
0 0.755859 0.308565 0.0815104 0.105093 
0 0.772526 0.527778 0.0434896 0.0777778 
0 0.174219 0.494444 0.05625 0.0657407 
0 0.592318 0.254861 0.0450521 0.13287 
0 0.669401 0.396528 0.0335938 0.104167 
0 0.651302 0.738657 0.0385417 0.0939815 
0 0.628906 0.389583 0.0333333 0.0967593 
0 0.236328 0.487963 0.0684896 0.0925926 
0 0.972656 0.121065 0.0447917 0.0625 
0 0.328906 0.483565 0.0375 0.0967593 
0 0.83737 0.284028 0.0617188 0.0560185 
0 0.187891 0.400694 0.0507812 0.0458333 
0 0.92526 0.65 0.05625 0.05 
0 0.758203 0.0979167 0.0200521 0.0717593 
0 0.30612 0.542593 0.0388021 0.0833333 
0 0.280078 0.741435 0.0445312 0.0708333 
0 0.339844 0.379398 0.0317708 0.0773148 
0 0.416276 0.624537 0.0393229 0.0944444 
0 0.697656 0.734722 0.0317708 0.0898148 
0 0.474219 0.162963 0.0421875 0.0472222 
0 0.661068 0.64838 0.0299479 0.0532407 
0 0.472656 0.489583 0.0395833 0.0819444 
0 0.893099 0.321296 0.0346354 0.0768519 
0 0.522005 0.345139 0.0445312 0.150463 
0 0.663542 0.686111 0.0369792 0.0518519 
0 0.442578 0.425926 0.0507812 0.0583333 
