0 0.280078 0.0738426 0.0559896 0.125463 
0 0.617188 0.895833 0.0583333 0.102778 
0 0.266406 0.277083 0.0390625 0.115278 
0 0.599609 0.709722 0.0606771 0.0824074 
0 0.186589 0.10625 0.0393229 0.0717593 
0 0.191016 0.905556 0.0486979 0.0935185 
0 0.158333 0.640972 0.0588542 0.075463 
0 0.113151 0.206481 0.0351562 0.0648148 
0 0.444661 0.170833 0.0283854 0.075 
0 0.459245 0.738426 0.0481771 0.106481 
0 0.385938 0.232639 0.0375 0.104167 
0 0.216276 0.241667 0.0294271 0.118519 
0 0.54401 0.255556 0.0385417 0.116667 
0 0.60013 0.602778 0.0341146 0.128704 
0 0.488021 0.278935 0.0395833 0.121759 
0 0.360026 0.409954 0.0554687 0.0689815 
0 0.598698 0.153241 0.046875 0.10463 
0 0.233333 0.0388889 0.0458333 0.0666667 
0 0.458073 0.830787 0.0322917 0.0550926 
0 0.376432 0.13912 0.0445312 0.0662037 
0 0.0515625 0.743981 0.0520833 0.0814815 
0 0.253255 0.809491 0.0356771 0.130093 
0 0.351693 0.217824 0.0361979 0.0569444 
0 0.21901 0.536343 0.0421875 0.0902778 
0 0.860937 0.688194 0.0322917 0.114352 
0 0.0404948 0.377315 0.0382813 0.0814815 
0 0.525911 0.719213 0.0549479 0.0986111 
0 0.949219 0.280556 0.0848958 0.0833333 
0 0.548307 0.417824 0.0570313 0.0689815 
0 0.338151 0.562963 0.0356771 0.0657407 
0 0.833464 0.750926 0.0346354 0.117593 
0 0.521484 0.833333 0.0455729 0.0888889 
0 0.843229 0.899306 0.0328125 0.0921296 
0 0.022526 0.675231 0.0445312 0.0560185 
0 0.0121094 0.350231 0.0210938 0.14213 
0 0.152865 0.231481 0.0411458 0.112037 
0 0.122135 0.88588 0.0536458 0.0893519 
0 0.500911 0.575694 0.0372396 0.0541667 
0 0.620573 0.954861 0.0307292 0.0875 
0 0.477734 0.975926 0.0523437 0.0481481 
0 0.194271 0.780556 0.0338542 0.0981481 
0 0.659635 0.483333 0.0625 0.0527778 
0 0.447786 0.573843 0.0429688 0.0726852 
0 0.873047 0.357639 0.0799479 0.0643518 
0 0.140755 0.400694 0.0471354 0.0578704 
