0 0.91888 0.245602 0.0278646 0.074537 
0 0.344922 0.358565 0.0367187 0.0717593 
0 0.448307 0.414815 0.0601562 0.0759259 
0 0.538151 0.479167 0.0299479 0.106481 
0 0.423307 0.677546 0.0528646 0.105093 
0 0.68112 0.148148 0.0361979 0.0601852 
0 0.244661 0.632639 0.0403646 0.0921296 
0 0.868229 0.505556 0.040625 0.0768519 
0 0.322266 0.807176 0.0429688 0.0726852 
0 0.757812 0.672685 0.0463542 0.0481481 
0 0.927734 0.502546 0.0450521 0.109722 
0 0.976042 0.561574 0.0427083 0.0851852 
0 0.572266 0.495602 0.0486979 0.0800926 
0 0.722656 0.233565 0.025 0.0930556 
0 0.810156 0.433102 0.0479167 0.0615741 
0 0.223177 0.789583 0.0411458 0.0875 
0 0.31224 0.405324 0.0682292 0.0986111 
0 0.188542 0.682639 0.0276042 0.0708333 
0 0.377604 0.330324 0.0270833 0.0828704 
0 0.755339 0.321065 0.0533854 0.11713 
0 0.0417969 0.625 0.0632813 0.0685185 
0 0.408464 0.518287 0.0315104 0.129167 
0 0.476302 0.551389 0.0484375 0.0601852 
0 0.209635 0.752546 0.059375 0.124537 
0 0.908724 0.367593 0.0841146 0.062037 
0 0.124219 0.708333 0.034375 0.0898148 
0 0.0951823 0.922685 0.0351562 0.0592593 
0 0.444141 0.779398 0.0440104 0.10787 
0 0.226432 0.880556 0.0408854 0.0694444 
0 0.116276 0.594676 0.0460938 0.0597222 
0 0.555208 0.781944 0.0421875 0.0944444 
0 0.15625 0.516435 0.0541667 0.0949074 
0 0.299609 0.714815 0.0450521 0.0685185 
0 0.0226563 0.762037 0.0359375 0.0768519 
0 0.553255 0.580324 0.0367187 0.0828704 
0 0.378516 0.447454 0.0330729 0.0782407 
0 0.50638 0.805556 0.0309896 0.0768519 
0 0.655729 0.684491 0.0541667 0.0625 
0 0.673828 0.955556 0.0554687 0.0722222 
0 0.573307 0.417593 0.0611979 0.0666667 
0 0.770964 0.275694 0.0424479 0.0476852 
0 0.572656 0.685648 0.0421875 0.0537037 
0 0.357031 0.701389 0.0302083 0.102778 
0 0.932161 0.963426 0.0450521 0.0666667 
0 0.960938 0.909722 0.0291667 0.0787037 
0 0.820312 0.529861 0.0348958 0.0393519 
0 0.236328 0.820833 0.0200521 0.0740741 
0 0.197005 0.506019 0.0356771 0.0537037 
0 0.395182 0.656713 0.0320312 0.0773148 
0 0.509245 0.390741 0.0455729 0.0537037 
0 0.0813802 0.73912 0.0257812 0.0606481 
0 0.525391 0.68588 0.0361979 0.0550926 
0 0.296875 0.579167 0.046875 0.0759259 
0 0.925781 0.880324 0.0291667 0.0569444 
0 0.736328 0.365972 0.0747396 0.049537 
0 0.574219 0.874306 0.0411458 0.0541667 
0 0.123828 0.876389 0.0356771 0.0657407 
