0 0.822266 0.634954 0.0643229 0.120833 
0 0.421875 0.915046 0.0713542 0.099537 
0 0.867188 0.546296 0.0635417 0.0731481 
0 0.635807 0.115972 0.0632813 0.127315 
0 0.504948 0.719907 0.0541667 0.0648148 
0 0.413281 0.691667 0.0677083 0.0907407 
0 0.421875 0.820602 0.0479167 0.0791667 
0 0.829167 0.458796 0.11875 0.0981481 
0 0.573307 0.38912 0.0815104 0.103241 
0 0.5625 0.900926 0.0317708 0.142593 
0 0.901823 0.39375 0.114583 0.0949074 
0 0.301042 0.775 0.034375 0.0611111 
0 0.779818 0.142361 0.0403646 0.193056 
0 0.472656 0.579398 0.03125 0.0578704 
0 0.402344 0.292361 0.0395833 0.0476852 
0 0.247005 0.789815 0.0648438 0.0759259 
0 0.511719 0.946296 0.0567708 0.0935185 
0 0.541016 0.0701389 0.0481771 0.0680556 
0 0.757812 0.619444 0.0604167 0.105556 
0 0.610286 0.25787 0.0361979 0.188889 
0 0.484896 0.794676 0.0421875 0.0597222 
0 0.590365 0.7 0.0354167 0.0990741 
0 0.601042 0.0453704 0.0822917 0.0861111 
0 0.717708 0.393981 0.078125 0.0962963 
0 0.102865 0.671528 0.0520833 0.0587963 
0 0.393359 0.425694 0.0533854 0.0513889 
0 0.696224 0.0393519 0.0408854 0.0759259 
0 0.416667 0.132407 0.0432292 0.174074 
0 0.443099 0.616204 0.0283854 0.0759259 
0 0.142188 0.294213 0.0401042 0.0671296 
0 0.0863281 0.281713 0.0559896 0.0689815 
0 0.166406 0.850231 0.0421875 0.13287 
0 0.0852865 0.588194 0.0393229 0.0652778 
0 0.97513 0.76875 0.0424479 0.0810185 
0 0.553776 0.284259 0.0393229 0.0907407 
0 0.339844 0.0277778 0.0635417 0.0555556 
0 0.107161 0.0238426 0.0497396 0.0476852 
0 0.552214 0.153935 0.0325521 0.129167 
0 0.209505 0.344907 0.0570313 0.0444444 
0 0.241927 0.507407 0.0395833 0.141667 
0 0.288021 0.29838 0.0291667 0.0773148 
0 0.172396 0.164583 0.0541667 0.1125 
0 0.767057 0.438657 0.0460938 0.0587963 
0 0.223698 0.604167 0.0557292 0.0555556 
0 0.083724 0.518981 0.0653646 0.0472222 
0 0.6 0.974769 0.0427083 0.0486111 
0 0.140755 0.705787 0.0434896 0.0652778 
0 0.326953 0.645833 0.0460938 0.0518519 
0 0.37526 0.481019 0.0661458 0.0935185 
0 0.394531 0.153241 0.0427083 0.118519 
