0 0.868099 0.0493056 0.0643229 0.0986111 
0 0.744141 0.0930556 0.0872396 0.0916667 
0 0.548307 0.310417 0.0611979 0.099537 
0 0.103255 0.117824 0.0263021 0.0726852 
0 0.853516 0.838657 0.0471354 0.0643518 
0 0.40599 0.346065 0.0369792 0.075463 
0 0.577604 0.176389 0.0411458 0.188889 
0 0.802214 0.875 0.0315104 0.0944444 
0 0.693359 0.651852 0.0523437 0.0888889 
0 0.951693 0.55463 0.0518229 0.114815 
0 0.378125 0.521296 0.0296875 0.112963 
0 0.647917 0.421759 0.0416667 0.0935185 
0 0.727995 0.561343 0.0533854 0.0523148 
0 0.81888 0.683102 0.0408854 0.0856481 
0 0.468229 0.248611 0.059375 0.0712963 
0 0.873438 0.296759 0.0364583 0.0611111 
0 0.261979 0.769213 0.0588542 0.0736111 
0 0.755859 0.846296 0.0346354 0.0981481 
0 0.130729 0.282407 0.0489583 0.105556 
0 0.912109 0.771759 0.0278646 0.100926 
0 0.488021 0.776389 0.040625 0.0814815 
0 0.0407552 0.401157 0.0591146 0.0689815 
0 0.0736979 0.560417 0.04375 0.0699074 
0 0.31276 0.369213 0.0416667 0.0680556 
0 0.895573 0.114352 0.0432292 0.143519 
0 0.897005 0.60463 0.0372396 0.0824074 
0 0.816406 0.316435 0.0479167 0.0884259 
0 0.888151 0.901852 0.0513021 0.0685185 
0 0.735807 0.460648 0.0559896 0.0509259 
0 0.642969 0.618981 0.0458333 0.0990741 
0 0.0223958 0.322454 0.0401042 0.0689815 
0 0.855859 0.131481 0.0596354 0.0814815 
0 0.361068 0.671065 0.0460938 0.0662037 
0 0.460417 0.344676 0.0354167 0.0606481 
0 0.0477865 0.687732 0.0471354 0.0615741 
0 0.492188 0.962731 0.0432292 0.0699074 
0 0.611849 0.86412 0.0294271 0.0717593 
