0 0.488802 0.114352 0.0541667 0.062963 
0 0.669401 0.502778 0.0611979 0.102778 
0 0.534635 0.137731 0.0322917 0.1125 
0 0.696224 0.171065 0.0403646 0.13287 
0 0.417578 0.272222 0.0429688 0.05 
0 0.586849 0.244213 0.0356771 0.0791667 
0 0.610937 0.307176 0.0395833 0.14213 
0 0.735937 0.736111 0.028125 0.0509259 
0 0.782161 0.437269 0.0283854 0.0421296 
0 0.181901 0.0965278 0.0471354 0.0615741 
0 0.647005 0.93912 0.0419271 0.110648 
0 0.398438 0.584491 0.0427083 0.0541667 
0 0.57513 0.605093 0.0398437 0.0768519 
0 0.184115 0.589583 0.0307292 0.0912037 
0 0.444271 0.957407 0.0328125 0.0601852 
0 0.246094 0.115046 0.0401042 0.0560185 
0 0.114193 0.0759259 0.0414063 0.0435185 
0 0.361589 0.561574 0.0346354 0.0601852 
0 0.577214 0.113426 0.0377604 0.157407 
0 0.661198 0.177083 0.0354167 0.0550926 
0 0.0553385 0.214583 0.0408854 0.0662037 
0 0.456641 0.0368056 0.0518229 0.0708333 
0 0.611328 0.561806 0.0674479 0.0967593 
0 0.571224 0.907176 0.0502604 0.126389 
0 0.616276 0.791667 0.0695312 0.0574074 
0 0.698698 0.604167 0.0744792 0.0592593 
0 0.446745 0.179167 0.0455729 0.0611111 
0 0.534766 0.0409722 0.0356771 0.0810185 
0 0.544401 0.267824 0.0414063 0.0949074 
0 0.377734 0.443056 0.0388021 0.0537037 
0 0.471094 0.201389 0.0411458 0.0481481 
0 0.409896 0.928935 0.0286458 0.0597222 
0 0.145443 0.665278 0.0408854 0.0425926 
0 0.330339 0.568981 0.0299479 0.075 
0 0.152474 0.228935 0.0351562 0.0347222 
0 0.396484 0.12963 0.0398437 0.102778 
0 0.292708 0.48912 0.0317708 0.0615741 
0 0.144661 0.381713 0.0414063 0.0652778 
0 0.565885 0.434491 0.0255208 0.0486111 
0 0.277344 0.323611 0.0265625 0.0611111 
0 0.664062 0.775926 0.0395833 0.0537037 
0 0.480729 0.252546 0.0395833 0.0671296 
0 0.742708 0.788194 0.0385417 0.0560185 
0 0.292057 0.10463 0.0257812 0.0592593 
0 0.102214 0.740046 0.0268229 0.0356481 
0 0.573177 0.320139 0.0265625 0.0828704 
0 0.243359 0.561111 0.0450521 0.0722222 
0 0.210156 0.231481 0.040625 0.0583333 
0 0.123698 0.966898 0.04375 0.0523148 
0 0.290234 0.278009 0.0325521 0.049537 
