0 0.689453 0.4375 0.0361979 0.135185 
0 0.419401 0.543056 0.0434896 0.0712963 
0 0.95612 0.390046 0.0591146 0.130093 
0 0.709505 0.259954 0.0419271 0.170833 
0 0.545313 0.790046 0.034375 0.119907 
0 0.263672 0.585185 0.0471354 0.062037 
0 0.60013 0.740509 0.0565104 0.0634259 
0 0.182292 0.457407 0.0484375 0.0722222 
0 0.517057 0.489583 0.0721354 0.0615741 
0 0.590885 0.261343 0.0526042 0.0958333 
0 0.272266 0.0511574 0.0747396 0.0986111 
0 0.288672 0.752083 0.0638021 0.0569444 
0 0.759245 0.470139 0.0476562 0.0782407 
0 0.479167 0.786574 0.0364583 0.0592593 
0 0.509766 0.358102 0.0393229 0.133796 
0 0.155859 0.62662 0.0518229 0.0625 
0 0.139193 0.455787 0.0471354 0.0773148 
0 0.60599 0.506481 0.0619792 0.0898148 
