0 0.927344 0.260417 0.0567708 0.0800926 
0 0.891536 0.0928241 0.0372396 0.106944 
0 0.726562 0.188889 0.0427083 0.134259 
0 0.765625 0.442361 0.0572917 0.0717593 
0 0.311068 0.271991 0.0372396 0.150463 
0 0.912109 0.678704 0.0580729 0.0777778 
0 0.140365 0.799074 0.0375 0.0694444 
0 0.79401 0.660185 0.0432292 0.0462963 
0 0.823307 0.731481 0.0377604 0.0564815 
0 0.367188 0.152083 0.0375 0.118056 
0 0.841797 0.335648 0.0299479 0.0638889 
0 0.635286 0.274306 0.0382813 0.100463 
0 0.0773437 0.439352 0.0328125 0.0796296 
0 0.401432 0.159259 0.0445312 0.0453704 
0 0.587891 0.289352 0.0367187 0.124074 
0 0.491276 0.315509 0.0585938 0.135648 
0 0.977604 0.101157 0.0395833 0.0652778 
0 0.931641 0.424769 0.0471354 0.0773148 
0 0.148438 0.271528 0.0348958 0.0625 
0 0.179688 0.624537 0.0427083 0.0518519 
0 0.625391 0.119213 0.0648438 0.0532407 
0 0.0963542 0.974074 0.05 0.0518519 
0 0.871094 0.146296 0.0427083 0.101852 
0 0.779297 0.200926 0.0382813 0.0953704 
0 0.64362 0.859722 0.0356771 0.0787037 
0 0.216536 0.308796 0.0513021 0.0703704 
0 0.208073 0.733333 0.0369792 0.0990741 
0 0.0769531 0.772454 0.0414063 0.0763889 
0 0.879427 0.860185 0.0270833 0.0972222 
0 0.686589 0.153935 0.0440104 0.0865741 
0 0.5625 0.450926 0.0453125 0.0842593 
