0 0.764193 0.432176 0.0684896 0.0921296 
0 0.663151 0.727546 0.0414063 0.0930556 
0 0.225521 0.583796 0.046875 0.106481 
0 0.707943 0.938426 0.0653646 0.0833333 
0 0.110286 0.431713 0.0440104 0.0773148 
0 0.374479 0.873611 0.0328125 0.157407 
0 0.828125 0.596759 0.0369792 0.10463 
0 0.134635 0.628472 0.034375 0.134722 
0 0.459766 0.767824 0.0643229 0.0782407 
0 0.73099 0.69838 0.034375 0.101389 
0 0.0838542 0.529861 0.0473958 0.0819444 
0 0.497266 0.29537 0.0429688 0.100926 
0 0.841406 0.848843 0.0333333 0.0634259 
0 0.20651 0.508565 0.0598958 0.0837963 
0 0.620703 0.743519 0.0372396 0.0888889 
0 0.36276 0.659259 0.0692708 0.0574074 
0 0.332552 0.813426 0.0479167 0.0981481 
0 0.513672 0.865741 0.0726563 0.0842593 
0 0.277604 0.65162 0.05625 0.0689815 
0 0.0455729 0.747917 0.0359375 0.049537 
0 0.428906 0.659028 0.0411458 0.104167 
0 0.565495 0.955556 0.0382813 0.0833333 
0 0.788672 0.733565 0.0346354 0.0736111 
0 0.465104 0.900231 0.0276042 0.0865741 
0 0.892578 0.837963 0.0565104 0.0796296 
0 0.648828 0.610185 0.0341146 0.0546296 
0 0.284375 0.967824 0.0401042 0.0615741 
0 0.51224 0.645833 0.0296875 0.105556 
0 0.925781 0.686111 0.0791667 0.0712963 
0 0.592839 0.888426 0.0377604 0.0583333 
0 0.444271 0.49213 0.0390625 0.0435185 
0 0.859896 0.630787 0.0390625 0.0736111 
0 0.735807 0.356713 0.0289063 0.0819444 
0 0.891146 0.72963 0.0458333 0.087963 
0 0.307422 0.57338 0.0450521 0.0606481 
0 0.777734 0.878009 0.0481771 0.0689815 
0 0.803776 0.701852 0.0361979 0.0740741 
0 0.0402344 0.953935 0.0476562 0.0708333 
0 0.0213542 0.618981 0.0390625 0.0527778 
0 0.588802 0.697454 0.0536458 0.0606481 
0 0.0651042 0.900926 0.0744792 0.0703704 
0 0.520052 0.738657 0.0348958 0.0412037 
0 0.34349 0.492593 0.0546875 0.109259 
0 0.569792 0.519213 0.0473958 0.0597222 
0 0.909245 0.553935 0.0471354 0.100463 
0 0.848177 0.703935 0.0369792 0.0486111 
0 0.0860677 0.715741 0.0320312 0.075 
0 0.218099 0.865741 0.0351562 0.0481481 
