0 0.528776 0.0921296 0.0726563 0.0814815 
0 0.467578 0.0384259 0.0382813 0.0759259 
0 0.599219 0.333565 0.0390625 0.149537 
0 0.34987 0.0300926 0.0528646 0.0601852 
0 0.411198 0.508102 0.059375 0.0949074 
0 0.371615 0.321065 0.0317708 0.13287 
0 0.429167 0.59213 0.0390625 0.087037 
0 0.708464 0.0337963 0.0351562 0.0657407 
0 0.894531 0.48912 0.040625 0.0662037 
0 0.941927 0.325926 0.0583333 0.075 
0 0.878906 0.392824 0.03125 0.140278 
0 0.541927 0.638426 0.0598958 0.111111 
0 0.757812 0.241667 0.0411458 0.0722222 
0 0.310286 0.851157 0.0330729 0.0763889 
0 0.252734 0.23588 0.0679687 0.166204 
0 0.39362 0.888889 0.0528646 0.15 
0 0.571745 0.482639 0.0570313 0.0680556 
0 0.827214 0.463657 0.0351562 0.154167 
0 0.45612 0.298843 0.0533854 0.110648 
0 0.858464 0.87338 0.0398437 0.0634259 
0 0.849219 0.779398 0.05625 0.0810185 
0 0.902865 0.758333 0.0385417 0.102778 
0 0.405078 0.175926 0.0408854 0.157407 
0 0.593229 0.789352 0.0760417 0.075 
0 0.976562 0.953009 0.040625 0.0865741 
0 0.113932 0.805324 0.0565104 0.0847222 
0 0.117839 0.862963 0.0809896 0.0574074 
0 0.886198 0.0675926 0.116146 0.118519 
0 0.19375 0.520833 0.0510417 0.1 
0 0.265104 0.775926 0.040625 0.0648148 
0 0.0394531 0.845139 0.0367187 0.0587963 
0 0.840885 0.0208333 0.0677083 0.0398148 
0 0.0695312 0.966204 0.065625 0.0564815 
0 0.719661 0.653241 0.0377604 0.0657407 
0 0.202995 0.716898 0.0398437 0.128241 
0 0.696224 0.872917 0.0466146 0.129167 
