0 0.824219 0.271991 0.0520833 0.133796 
0 0.802734 0.0393519 0.0570313 0.0759259 
0 0.614714 0.58287 0.0731771 0.117593 
0 0.666016 0.396528 0.0559896 0.099537 
0 0.5 0.954861 0.0588542 0.0671296 
0 0.45013 0.908796 0.0356771 0.0435185 
0 0.0734375 0.104398 0.0354167 0.0532407 
0 0.550781 0.402083 0.0567708 0.106944 
0 0.542578 0.271528 0.0440104 0.104167 
0 0.640104 0.446528 0.0375 0.161574 
0 0.0908854 0.320602 0.0390625 0.0550926 
0 0.270052 0.06875 0.0447917 0.074537 
0 0.453125 0.0275463 0.0546875 0.0513889 
0 0.188672 0.555556 0.0382813 0.0592593 
0 0.505859 0.0467593 0.0533854 0.0444444 
0 0.163802 0.899306 0.0260417 0.0986111 
0 0.192578 0.0314815 0.0346354 0.062963 
0 0.42487 0.957407 0.0757812 0.0694444 
0 0.369141 0.643056 0.0450521 0.0731481 
0 0.458724 0.706713 0.0372396 0.0773148 
0 0.445573 0.796065 0.0380208 0.0875 
0 0.101432 0.0395833 0.0325521 0.0791667 
0 0.150651 0.0743056 0.0367187 0.0662037 
0 0.317578 0.891435 0.0580729 0.0875 
0 0.08125 0.543056 0.05 0.0638889 
0 0.69974 0.436806 0.0380208 0.0800926 
0 0.296875 0.434028 0.0526042 0.0597222 
0 0.98724 0.252315 0.021875 0.0759259 
0 0.414323 0.781713 0.0322917 0.0662037 
0 0.18138 0.087963 0.0455729 0.0564815 
0 0.583464 0.148611 0.0377604 0.062963 
0 0.523828 0.467824 0.0716146 0.0689815 
0 0.221094 0.661111 0.04375 0.0712963 
0 0.360156 0.402315 0.0333333 0.0453704 
0 0.652344 0.960185 0.0442708 0.0611111 
0 0.385677 0.312963 0.034375 0.12037 
0 0.0192708 0.8 0.0302083 0.0638889 
0 0.532682 0.125926 0.0320312 0.0462963 
0 0.275911 0.622454 0.0580729 0.0671296 
0 0.0401042 0.236343 0.0375 0.0569444 
