0 0.925391 0.340972 0.0554687 0.0791667 
0 0.257552 0.365972 0.0421875 0.0921296 
0 0.960417 0.153009 0.0536458 0.10787 
0 0.846224 0.307176 0.0638021 0.10787 
0 0.801302 0.826389 0.0421875 0.114815 
0 0.712891 0.284259 0.0372396 0.0759259 
0 0.118229 0.299306 0.0369792 0.115278 
0 0.622135 0.214815 0.0645833 0.087963 
0 0.167318 0.292361 0.0570313 0.0643518 
0 0.188672 0.459722 0.0669271 0.0740741 
0 0.98099 0.381713 0.0364583 0.0921296 
0 0.590365 0.382407 0.065625 0.087037 
0 0.0759115 0.32963 0.0294271 0.0527778 
0 0.234375 0.5625 0.0526042 0.0805556 
0 0.0269531 0.714815 0.0539063 0.0787037 
0 0.885286 0.663657 0.0346354 0.0847222 
0 0.951693 0.481944 0.0481771 0.0962963 
0 0.652344 0.405324 0.0302083 0.110648 
0 0.449219 0.0231481 0.0395833 0.0462963 
0 0.942839 0.640046 0.0414063 0.100463 
0 0.597135 0.568981 0.0359375 0.106481 
0 0.561979 0.262731 0.0359375 0.0893519 
0 0.703125 0.22963 0.0625 0.0888889 
0 0.0867188 0.480324 0.04375 0.0578704 
0 0.883854 0.83588 0.04375 0.0699074 
0 0.65625 0.570602 0.0416667 0.0671296 
0 0.309766 0.592824 0.0372396 0.0597222 
0 0.351042 0.861574 0.04375 0.0537037 
0 0.466016 0.905556 0.0424479 0.0814815 
0 0.914583 0.96088 0.0401042 0.075463 
0 0.509766 0.696991 0.0424479 0.0643518 
0 0.574219 0.332639 0.0317708 0.0634259 
0 0.158724 0.579861 0.0388021 0.0597222 
0 0.694271 0.361343 0.0390625 0.0476852 
0 0.680729 0.790741 0.0416667 0.0842593 
0 0.780208 0.358796 0.0411458 0.103704 
0 0.630339 0.428009 0.0221354 0.0875 
