0 0.336328 0.214815 0.0809896 0.162037 
0 0.0872396 0.365972 0.0645833 0.109722 
0 0.38112 0.239352 0.0466146 0.062037 
0 0.580469 0.49838 0.0322917 0.0625 
0 0.225781 0.309259 0.0453125 0.113889 
0 0.698828 0.682176 0.0460938 0.152315 
0 0.958073 0.35625 0.0697917 0.0717593 
0 0.358073 0.0400463 0.0713542 0.075463 
0 0.460417 0.584491 0.0614583 0.0875 
0 0.0822917 0.293519 0.0458333 0.107407 
0 0.143229 0.392824 0.046875 0.0912037 
0 0.95612 0.233102 0.0408854 0.0921296 
0 0.789062 0.790278 0.0786458 0.123148 
0 0.220052 0.636111 0.0395833 0.105556 
0 0.966276 0.871528 0.0585938 0.118981 
0 0.474089 0.703009 0.0617188 0.101389 
0 0.440495 0.394213 0.0627604 0.0615741 
0 0.347005 0.654167 0.0554687 0.0888889 
0 0.181901 0.328009 0.0315104 0.108796 
0 0.376693 0.378472 0.0471354 0.0680556 
0 0.242708 0.478704 0.0401042 0.0962963 
0 0.0213542 0.140741 0.0416667 0.0601852 
0 0.946354 0.713889 0.06875 0.0685185 
0 0.60638 0.423148 0.0476562 0.0907407 
0 0.0273438 0.55 0.0546875 0.0777778 
0 0.352083 0.502083 0.0489583 0.0800926 
0 0.0247396 0.283796 0.040625 0.0768519 
0 0.288802 0.960185 0.126563 0.0796296 
