0 0.876953 0.677083 0.0507812 0.0884259 
0 0.486589 0.385185 0.0742188 0.0601852 
0 0.330599 0.383102 0.0445312 0.0912037 
0 0.70599 0.549537 0.0619792 0.10463 
0 0.20625 0.77037 0.0458333 0.0824074 
0 0.425 0.459491 0.0692708 0.0939815 
0 0.720703 0.66713 0.0513021 0.101852 
0 0.679688 0.421759 0.0427083 0.0944444 
0 0.083724 0.494676 0.0575521 0.0680556 
0 0.736328 0.398148 0.0549479 0.0888889 
0 0.0117188 0.639352 0.0229167 0.103704 
0 0.567839 0.563889 0.0445312 0.0851852 
0 0.0552083 0.30787 0.0447917 0.167593 
0 0.938411 0.633333 0.0393229 0.0611111 
0 0.823698 0.475694 0.0458333 0.0541667 
0 0.560026 0.24838 0.0445312 0.115278 
0 0.911198 0.519213 0.0625 0.0791667 
0 0.625 0.267361 0.028125 0.0847222 
0 0.273438 0.459722 0.0364583 0.0824074 
0 0.608333 0.456944 0.0328125 0.0916667 
0 0.109766 0.621528 0.0580729 0.0523148 
0 0.630339 0.54375 0.0398437 0.0569444 
0 0.217708 0.956713 0.0380208 0.0634259 
0 0.959896 0.434028 0.0286458 0.0986111 
0 0.339453 0.248843 0.0289063 0.0717593 
0 0.242448 0.292593 0.0369792 0.112037 
0 0.0242187 0.535185 0.0453125 0.0518519 
0 0.32474 0.587963 0.0401042 0.0907407 
0 0.801823 0.899306 0.0265625 0.0949074 
0 0.23138 0.685648 0.0330729 0.0916667 
0 0.88138 0.834259 0.0492188 0.0537037 
0 0.547396 0.447917 0.0536458 0.0800926 
0 0.916016 0.453009 0.0481771 0.0689815 
0 0.496094 0.961806 0.046875 0.0717593 
0 0.0976562 0.706019 0.0375 0.0944444 
0 0.0102865 0.262269 0.0205729 0.106944 
0 0.622656 0.685417 0.0520833 0.0680556 
0 0.471354 0.312731 0.0421875 0.0791667 
0 0.199089 0.533565 0.0377604 0.109722 
