0 0.107292 0.441667 0.0666667 0.117593 
0 0.31224 0.259028 0.034375 0.143981 
0 0.443359 0.346991 0.0424479 0.0902778 
0 0.526823 0.427315 0.0536458 0.0537037 
0 0.93112 0.143287 0.104948 0.106019 
0 0.902865 0.546991 0.0447917 0.0847222 
0 0.730469 0.484954 0.0296875 0.0884259 
0 0.76263 0.690972 0.0388021 0.0939815 
0 0.977995 0.295602 0.0440104 0.0689815 
0 0.242839 0.302083 0.0289063 0.0652778 
0 0.226432 0.493056 0.0539063 0.0722222 
0 0.905208 0.398148 0.0375 0.0842593 
0 0.205469 0.44537 0.028125 0.101852 
0 0.142318 0.653241 0.0330729 0.0638889 
0 0.422396 0.831481 0.0473958 0.075 
0 0.443099 0.488194 0.0325521 0.0662037 
0 0.520443 0.712731 0.0335938 0.0902778 
0 0.113411 0.55 0.0674479 0.05 
0 0.599089 0.368519 0.0445312 0.0805556 
0 0.680729 0.713657 0.0447917 0.050463 
0 0.864714 0.389815 0.0309896 0.0833333 
0 0.542969 0.633102 0.0354167 0.1125 
0 0.666016 0.106019 0.0299479 0.0564815 
0 0.0151042 0.735185 0.0296875 0.0703704 
0 0.030599 0.969444 0.0497396 0.0574074 
0 0.71237 0.723148 0.0283854 0.110185 
0 0.409896 0.566898 0.053125 0.0912037 
0 0.146224 0.76088 0.0632813 0.099537 
0 0.398177 0.785185 0.040625 0.0583333 
0 0.820833 0.292824 0.0479167 0.0837963 
0 0.403516 0.456944 0.0492188 0.110185 
0 0.554297 0.809954 0.0315104 0.0625 
0 0.0570313 0.603009 0.0604167 0.0921296 
0 0.92487 0.35463 0.0315104 0.124074 
0 0.360026 0.460648 0.0575521 0.0601852 
0 0.496484 0.492593 0.0679687 0.0546296 
0 0.822266 0.88287 0.0554687 0.0712963 
0 0.353776 0.25 0.0518229 0.0685185 
0 0.579687 0.64537 0.0369792 0.0666667 
0 0.573698 0.522454 0.0552083 0.0773148 
0 0.490755 0.600694 0.0372396 0.0652778 
0 0.370573 0.708796 0.0479167 0.0731481 
0 0.671354 0.469444 0.0557292 0.062037 
