0 0.557161 0.52963 0.0429688 0.0981481 
0 0.613802 0.0638889 0.0369792 0.0824074 
0 0.614193 0.637963 0.0757812 0.0611111 
0 0.689453 0.518981 0.0341146 0.0666667 
0 0.486458 0.57662 0.0708333 0.0523148 
0 0.446745 0.79375 0.0669271 0.118056 
0 0.660156 0.0689815 0.0453125 0.134259 
0 0.289062 0.0384259 0.0510417 0.0527778 
0 0.329427 0.653241 0.0364583 0.0722222 
0 0.579036 0.320602 0.0643229 0.0810185 
0 0.538542 0.81088 0.0369792 0.0847222 
0 0.516536 0.9375 0.0377604 0.114815 
0 0.277604 0.344907 0.0302083 0.0814815 
0 0.845703 0.873611 0.0643229 0.0555556 
0 0.24362 0.493056 0.0507812 0.0601852 
0 0.53125 0.769213 0.065625 0.075463 
0 0.15651 0.577083 0.0546875 0.0615741 
0 0.377604 0.83912 0.0354167 0.105093 
0 0.769531 0.294444 0.0765625 0.0703704 
0 0.224479 0.607176 0.0369792 0.0384259 
0 0.536068 0.299074 0.0304688 0.147222 
0 0.623568 0.799074 0.0539063 0.0462963 
0 0.68112 0.888889 0.0346354 0.0805556 
0 0.558594 0.940972 0.0380208 0.114352 
0 0.443099 0.405787 0.0309896 0.0949074 
0 0.719271 0.1875 0.0416667 0.105556 
0 0.460677 0.702778 0.0723958 0.0722222 
0 0.344792 0.97963 0.0489583 0.0407407 
0 0.25612 0.200463 0.0445312 0.0527778 
0 0.114453 0.809954 0.0523437 0.0828704 
0 0.578646 0.712731 0.0625 0.0662037 
0 0.766146 0.0407407 0.0364583 0.0481481 
0 0.471224 0.857639 0.0507812 0.0837963 
0 0.260417 0.256481 0.0427083 0.0574074 
0 0.315755 0.315278 0.0361979 0.0509259 
0 0.456771 0.947917 0.0380208 0.0828704 
0 0.233073 0.0775463 0.0255208 0.0662037 
0 0.178125 0.248148 0.0260417 0.0759259 
0 0.114583 0.145833 0.0395833 0.0722222 
0 0.691406 0.262037 0.0458333 0.0537037 
0 0.376953 0.0280093 0.0398437 0.0541667 
0 0.066276 0.800231 0.0460938 0.0634259 
0 0.27487 0.856481 0.0403646 0.0444444 
0 0.413021 0.528241 0.0302083 0.0888889 
0 0.511198 0.226157 0.0395833 0.0930556 
0 0.817448 0.482407 0.0359375 0.0666667 
0 0.486328 0.368981 0.0450521 0.0407407 
0 0.517057 0.685417 0.0664062 0.0486111 
0 0.251693 0.119444 0.0507812 0.0537037 
0 0.392708 0.853704 0.0364583 0.0398148 
0 0.210417 0.400463 0.0359375 0.0555556 
0 0.156641 0.0393519 0.0257812 0.0527778 
0 0.572786 0.0171296 0.0481771 0.0342593 
0 0.0859375 0.191667 0.034375 0.0472222 
0 0.0102865 0.654861 0.0205729 0.0430556 
0 0.0322917 0.532639 0.0364583 0.0421296 
0 0.211198 0.690509 0.0296875 0.0449074 
0 0.986328 0.428935 0.0221354 0.106019 
