0 0.741276 0.877083 0.0408854 0.184722 
0 0.789062 0.393287 0.0276042 0.0689815 
0 0.714844 0.470139 0.05625 0.0763889 
0 0.563932 0.894907 0.0513021 0.062037 
0 0.870703 0.481481 0.0497396 0.0574074 
0 0.48724 0.139352 0.034375 0.0694444 
0 0.334375 0.531944 0.0625 0.087963 
0 0.714323 0.331019 0.0354167 0.128704 
0 0.823698 0.856481 0.0578125 0.0564815 
0 0.674349 0.901852 0.0393229 0.0657407 
0 0.827734 0.0675926 0.0763021 0.0648148 
0 0.021875 0.431944 0.04375 0.05 
0 0.0833333 0.435417 0.0473958 0.0689815 
0 0.717318 0.798148 0.0414063 0.112963 
0 0.832552 0.32037 0.0317708 0.105556 
0 0.471354 0.921759 0.0958333 0.0925926 
0 0.542057 0.0275463 0.0695312 0.0550926 
0 0.271745 0.590046 0.0481771 0.0810185 
0 0.178385 0.834722 0.0526042 0.0814815 
0 0.647526 0.0423611 0.0695312 0.0847222 
0 0.542057 0.320139 0.0575521 0.0976852 
0 0.16888 0.915046 0.0341146 0.0689815 
0 0.414062 0.896759 0.0588542 0.0546296 
0 0.255859 0.350231 0.0236979 0.111574 
0 0.430208 0.0349537 0.0359375 0.0699074 
0 0.109766 0.816898 0.0466146 0.0421296 
0 0.298177 0.0752315 0.0494792 0.0458333 
0 0.415495 0.390278 0.0658854 0.0453704 
0 0.04375 0.152083 0.0380208 0.049537 
0 0.376563 0.88287 0.034375 0.112037 
0 0.349609 0.648611 0.0403646 0.062037 
0 0.358073 0.0530093 0.046875 0.0532407 
0 0.551302 0.611111 0.0598958 0.0611111 
0 0.666536 0.169444 0.0388021 0.125 
0 0.723177 0.044213 0.046875 0.0717593 
0 0.732422 0.0775463 0.0257812 0.0606481 
0 0.126823 0.0458333 0.025 0.0861111 
0 0.0609375 0.228935 0.0395833 0.0486111 
0 0.794922 0.191898 0.0794271 0.0597222 
0 0.497266 0.271296 0.0695312 0.0824074 
0 0.26237 0.518287 0.0226563 0.099537 
0 0.192057 0.286806 0.0408854 0.103241 
0 0.660547 0.32662 0.0341146 0.103241 
0 0.233854 0.892361 0.0401042 0.0828704 
0 0.25 0.256944 0.034375 0.0472222 
0 0.283724 0.820139 0.0242187 0.075463 
0 0.666927 0.362731 0.0494792 0.161574 
0 0.47526 0.594907 0.0364583 0.087037 
0 0.838932 0.241204 0.0273438 0.037963 
