0 0.635677 0.580093 0.0604167 0.0527778 
0 0.586458 0.333102 0.0302083 0.0375 
0 0.599219 0.637037 0.034375 0.0509259 
0 0.544922 0.628009 0.0382813 0.0439815 
0 0.498958 0.153009 0.0546875 0.0421296 
0 0.472656 0.74213 0.0536458 0.0509259 
0 0.46237 0.0233796 0.0315104 0.0467593 
0 0.596745 0.160185 0.0455729 0.0398148 
0 0.386458 0.858333 0.0442708 0.0564815 
0 0.620052 0.194907 0.0265625 0.0444444 
0 0.654818 0.412269 0.0507812 0.0467593 
0 0.409896 0.191667 0.0520833 0.0527778 
0 0.129167 0.766898 0.0328125 0.0310185 
0 0.202344 0.561111 0.0442708 0.0583333 
0 0.222266 0.883796 0.0408854 0.0453704 
0 0.310547 0.894213 0.0513021 0.0486111 
0 0.475781 0.487731 0.0369792 0.0652778 
0 0.58151 0.398148 0.0380208 0.0768519 
0 0.577604 0.512037 0.028125 0.0703704 
0 0.473177 0.30463 0.0322917 0.0703704 
0 0.383854 0.521759 0.0494792 0.0333333 
0 0.761198 0.25 0.0307292 0.0537037 
0 0.341276 0.450926 0.0377604 0.037963 
0 0.392188 0.597222 0.0348958 0.0444444 
0 0.582031 0.809491 0.0395833 0.0578704 
0 0.313932 0.57037 0.0606771 0.0453704 
0 0.209635 0.21412 0.0453125 0.0412037 
0 0.29349 0.457176 0.0401042 0.0680556 
0 0.579557 0.60162 0.0460938 0.0412037 
0 0.252865 0.306713 0.0479167 0.0449074 
0 0.245052 0.151389 0.0390625 0.0518519 
0 0.455339 0.243981 0.0268229 0.0592593 
0 0.438151 0.341898 0.0351562 0.0541667 
0 0.128385 0.483565 0.0390625 0.0375 
0 0.541536 0.512037 0.0247396 0.0648148 
0 0.565885 0.571065 0.0395833 0.049537 
0 0.116276 0.616898 0.0372396 0.0550926 
0 0.854427 0.491435 0.05625 0.0819444 
0 0.558073 0.803009 0.0364583 0.0467593 
0 0.583984 0.431713 0.0429688 0.0652778 
0 0.36224 0.409259 0.0359375 0.0296296 
0 0.540625 0.203241 0.028125 0.0824074 
0 0.478125 0.399306 0.0375 0.0458333 
0 0.366406 0.621065 0.0458333 0.0587963 
0 0.583984 0.90463 0.0554687 0.0740741 
