0 0.235677 0.0590278 0.115104 0.0976852 
0 0.0966146 0.558565 0.0510417 0.118056 
0 0.547786 0.33125 0.0705729 0.1125 
0 0.030599 0.262037 0.0591146 0.115741 
0 0.314193 0.571296 0.0559896 0.138889 
0 0.215104 0.315741 0.0739583 0.125 
0 0.741667 0.280787 0.071875 0.103241 
0 0.65625 0.0666667 0.05625 0.0740741 
0 0.534635 0.10162 0.0473958 0.0791667 
0 0.086849 0.414583 0.0299479 0.101389 
0 0.630339 0.648148 0.0679687 0.0814815 
0 0.321745 0.830787 0.0580729 0.0569444 
0 0.472656 0.0324074 0.0432292 0.0638889 
0 0.432161 0.458333 0.0445312 0.0888889 
0 0.44388 0.753472 0.0518229 0.0967593 
0 0.44362 0.368056 0.0304688 0.10463 
0 0.365885 0.331944 0.0520833 0.0694444 
0 0.858854 0.602315 0.0520833 0.0759259 
0 0.342318 0.144907 0.0361979 0.162963 
0 0.367708 0.613889 0.0505208 0.0944444 
0 0.792969 0.276852 0.046875 0.112037 
0 0.665495 0.290741 0.0325521 0.125 
0 0.503385 0.503009 0.0890625 0.0828704 
0 0.251302 0.518519 0.0640625 0.101852 
0 0.489323 0.36875 0.0427083 0.100463 
0 0.473047 0.718287 0.0486979 0.0717593 
0 0.486719 0.594676 0.05 0.075463 
0 0.380859 0.45162 0.0570313 0.049537 
0 0.285937 0.688657 0.0401042 0.0800926 
0 0.714844 0.517361 0.0354167 0.0615741 
0 0.014974 0.037963 0.0278646 0.0712963 
0 0.520964 0.193287 0.0278646 0.0884259 
0 0.0223958 0.691435 0.0395833 0.0736111 
0 0.663021 0.534259 0.0479167 0.0833333 
0 0.523958 0.693981 0.0359375 0.087963 
0 0.921875 0.345833 0.0489583 0.0388889 
0 0.0615885 0.655787 0.0341146 0.0921296 
0 0.897526 0.930556 0.0434896 0.126852 
0 0.589323 0.918519 0.0296875 0.0990741 
0 0.486589 0.846759 0.0299479 0.0814815 
0 0.766146 0.838657 0.0401042 0.0782407 
0 0.133594 0.731713 0.0328125 0.0615741 
0 0.979557 0.954861 0.0388021 0.0837963 
0 0.38138 0.712963 0.0283854 0.0453704 
0 0.174219 0.707407 0.0302083 0.062963 
0 0.576172 0.667824 0.0486979 0.099537 
0 0.497005 0.90787 0.0424479 0.101852 
0 0.621484 0.245833 0.0263021 0.0944444 
0 0.105859 0.644444 0.0575521 0.0657407 
0 0.91849 0.656944 0.0401042 0.0611111 
