0 0.447396 0.329398 0.0401042 0.0893519 
0 0.79401 0.778935 0.0453125 0.0791667 
0 0.273568 0.161806 0.0580729 0.0828704 
0 0.920443 0.53912 0.0398437 0.100463 
0 0.173828 0.45625 0.0398437 0.0800926 
0 0.485286 0.686111 0.0367187 0.0703704 
0 0.449479 0.40625 0.0609375 0.0550926 
0 0.879427 0.328472 0.0484375 0.110648 
0 0.878516 0.905324 0.0486979 0.0671296 
0 0.672266 0.703009 0.0450521 0.0587963 
0 0.880339 0.481713 0.0518229 0.0791667 
0 0.227734 0.523843 0.0492188 0.0634259 
0 0.13138 0.48912 0.0445312 0.0791667 
0 0.94974 0.665741 0.0453125 0.0953704 
0 0.973568 0.454167 0.0502604 0.0814815 
0 0.78763 0.598843 0.0309896 0.106944 
0 0.375781 0.821065 0.0395833 0.0773148 
0 0.689453 0.297222 0.0325521 0.100926 
0 0.683594 0.392824 0.0369792 0.106019 
0 0.792969 0.4 0.0526042 0.0796296 
0 0.590365 0.351852 0.0526042 0.0601852 
0 0.57526 0.218056 0.0588542 0.0740741 
0 0.325911 0.191667 0.0424479 0.0638889 
0 0.572786 0.674074 0.0393229 0.0925926 
0 0.490234 0.302083 0.0273438 0.130093 
0 0.0121094 0.53125 0.0221354 0.0819444 
0 0.0253906 0.377083 0.0356771 0.0921296 
0 0.579167 0.460648 0.0473958 0.103704 
0 0.589844 0.790741 0.0416667 0.0435185 
0 0.63125 0.625 0.0380208 0.0796296 
0 0.405729 0.643519 0.0302083 0.106481 
0 0.26875 0.49375 0.040625 0.0865741 
0 0.321484 0.390741 0.0507812 0.0814815 
0 0.115234 0.393056 0.0341146 0.0861111 
