0 0.961849 0.225926 0.0372396 0.138889 
0 0.186198 0.62662 0.0541667 0.0976852 
0 0.800391 0.0606481 0.0585938 0.111111 
0 0.599609 0.375463 0.0632813 0.127778 
0 0.329167 0.558565 0.0598958 0.156944 
0 0.0795573 0.950463 0.0549479 0.0861111 
0 0.605469 0.882407 0.0505208 0.108333 
0 0.371875 0.203009 0.0692708 0.127315 
0 0.0375 0.70787 0.0416667 0.118519 
0 0.539062 0.0375 0.0609375 0.0703704 
0 0.748958 0.539583 0.034375 0.0921296 
0 0.685026 0.361343 0.0695312 0.113426 
0 0.453906 0.702315 0.0515625 0.0935185 
0 0.0582031 0.459259 0.0367187 0.12037 
0 0.823698 0.418519 0.0354167 0.087963 
0 0.269661 0.78912 0.0653646 0.0736111 
0 0.593229 0.203704 0.0421875 0.0898148 
0 0.961328 0.559954 0.0669271 0.0828704 
0 0.92474 0.235417 0.0390625 0.0532407 
0 0.561458 0.375463 0.03125 0.113889 
0 0.119141 0.756944 0.0539063 0.14537 
0 0.675391 0.169444 0.0388021 0.0694444 
0 0.532292 0.507407 0.0598958 0.0685185 
0 0.148568 0.89838 0.0528646 0.113426 
0 0.85638 0.792824 0.0429688 0.0606481 
0 0.272005 0.896528 0.0325521 0.0763889 
0 0.371094 0.399306 0.0645833 0.103241 
0 0.0648438 0.809954 0.0286458 0.075463 
0 0.319922 0.285185 0.0502604 0.130556 
0 0.455729 0.38287 0.0484375 0.114815 
0 0.516146 0.625926 0.0458333 0.062963 
0 0.276953 0.514352 0.0294271 0.0833333 
0 0.258854 0.615509 0.0635417 0.0615741 
0 0.396354 0.277315 0.040625 0.0824074 
0 0.773438 0.618981 0.0890625 0.0703704 
0 0.914062 0.111806 0.046875 0.170833 
0 0.302995 0.460185 0.0502604 0.0824074 
0 0.579167 0.588657 0.0307292 0.0671296 
0 0.3875 0.837269 0.0453125 0.0828704 
0 0.78763 0.83125 0.0414063 0.122685 
0 0.0630208 0.259954 0.046875 0.0569444 
0 0.733333 0.745602 0.0567708 0.0634259 
0 0.0639323 0.563657 0.0398437 0.0689815 
