0 0.73151 0.270139 0.0458333 0.0782407 
0 0.114974 0.574537 0.0549479 0.0953704 
0 0.938932 0.490046 0.0559896 0.0782407 
0 0.895573 0.0819444 0.0765625 0.0935185 
0 0.368229 0.4 0.0588542 0.108333 
0 0.604948 0.652315 0.0390625 0.0768519 
0 0.890625 0.59375 0.0333333 0.0726852 
0 0.877474 0.306713 0.0445312 0.0921296 
0 0.86276 0.173843 0.071875 0.0587963 
0 0.521875 0.34537 0.0328125 0.0796296 
0 0.460938 0.667361 0.0369792 0.103241 
0 0.325391 0.579861 0.0596354 0.101389 
0 0.817969 0.57037 0.0333333 0.0888889 
0 0.314974 0.427546 0.0539063 0.100463 
0 0.0389323 0.662963 0.0414063 0.0981481 
0 0.673307 0.673611 0.0539063 0.0555556 
0 0.974609 0.109491 0.0460938 0.0652778 
0 0.721224 0.788657 0.0361979 0.0773148 
0 0.745182 0.48912 0.0346354 0.106944 
0 0.490234 0.0763889 0.0731771 0.127778 
0 0.977995 0.580324 0.0403646 0.0800926 
0 0.896094 0.817593 0.05625 0.0768519 
0 0.420833 0.365046 0.0473958 0.0689815 
0 0.815885 0.305787 0.0286458 0.108796 
0 0.230078 0.630324 0.0382813 0.0680556 
0 0.635286 0.858565 0.0382813 0.0699074 
0 0.039974 0.211806 0.0445312 0.0782407 
0 0.0690104 0.537963 0.0359375 0.0472222 
0 0.218099 0.812963 0.0513021 0.0824074 
0 0.530729 0.673148 0.0369792 0.0509259 
0 0.495573 0.646759 0.0348958 0.125926 
0 0.469531 0.511806 0.0375 0.0578704 
