0 0.851562 0.39838 0.0708333 0.0976852 
0 0.79987 0.348843 0.0283854 0.130093 
0 0.770443 0.938426 0.0643229 0.0916667 
0 0.962891 0.826389 0.0408854 0.0805556 
0 0.172656 0.599074 0.0307292 0.131481 
0 0.31849 0.9625 0.0552083 0.075 
0 0.147656 0.393287 0.0505208 0.0893519 
0 0.888672 0.574537 0.0408854 0.107407 
0 0.840885 0.732176 0.0369792 0.0773148 
0 0.246354 0.47963 0.059375 0.0777778 
0 0.118229 0.494444 0.0520833 0.0842593 
0 0.786589 0.6875 0.0320312 0.112037 
0 0.423568 0.857176 0.0335938 0.153241 
0 0.715365 0.715278 0.0395833 0.0981481 
0 0.175521 0.848611 0.04375 0.128704 
0 0.0813802 0.717824 0.0544271 0.0643518 
0 0.86237 0.6875 0.0403646 0.0675926 
0 0.269531 0.561343 0.0520833 0.109722 
0 0.360156 0.538889 0.0520833 0.0712963 
0 0.332292 0.905324 0.028125 0.111574 
0 0.67474 0.49838 0.053125 0.0726852 
0 0.57474 0.8625 0.0630208 0.0731481 
0 0.509245 0.746296 0.0638021 0.0833333 
0 0.28125 0.875 0.0348958 0.0555556 
0 0.102995 0.894907 0.0481771 0.0564815 
0 0.854557 0.881481 0.0690104 0.0703704 
0 0.0641927 0.871528 0.0398437 0.0606481 
0 0.596615 0.23588 0.0541667 0.0884259 
0 0.925781 0.618056 0.0359375 0.0851852 
0 0.269401 0.965972 0.0351562 0.0652778 
0 0.0196615 0.675 0.0205729 0.0740741 
0 0.009375 0.782176 0.0161458 0.115278 
0 0.250781 0.846528 0.0364583 0.0458333 
0 0.369661 0.77037 0.0471354 0.0694444 
0 0.904297 0.84838 0.0382813 0.074537 
0 0.559635 0.627315 0.03125 0.116667 
0 0.597656 0.731944 0.0380208 0.0935185 
0 0.322266 0.631481 0.0544271 0.0666667 
0 0.122135 0.963657 0.0333333 0.0597222 
0 0.617188 0.954861 0.0416667 0.0819444 
0 0.976953 0.676389 0.0460938 0.062037 
0 0.384245 0.639815 0.0393229 0.05 
0 0.378646 0.82037 0.0453125 0.0805556 
0 0.979948 0.519444 0.0359375 0.0888889 
0 0.492969 0.467824 0.0453125 0.0412037 
0 0.117318 0.698843 0.0325521 0.0708333 
0 0.0101562 0.928704 0.0177083 0.0851852 
0 0.955469 0.728704 0.04375 0.0833333 
