0 0.917448 0.351852 0.0411458 0.114815 
0 0.715234 0.619907 0.0382813 0.0796296 
0 0.573698 0.0928241 0.0447917 0.0587963 
0 0.663542 0.766204 0.0505208 0.0814815 
0 0.84375 0.0872685 0.0328125 0.0708333 
0 0.278516 0.301157 0.0356771 0.075463 
0 0.650911 0.286574 0.0638021 0.0564815 
0 0.325 0.307639 0.0567708 0.110648 
0 0.807682 0.0777778 0.0450521 0.101852 
0 0.809505 0.34213 0.0231771 0.0824074 
0 0.0808594 0.437269 0.0419271 0.0671296 
0 0.782161 0.282176 0.0289063 0.050463 
0 0.251302 0.692593 0.0541667 0.0731481 
0 0.808073 0.150463 0.0348958 0.0518519 
0 0.877344 0.0180556 0.0421875 0.0361111 
0 0.536589 0.0256944 0.0601562 0.0513889 
0 0.957031 0.455787 0.0395833 0.0578704 
0 0.386719 0.191898 0.05625 0.0652778 
0 0.140104 0.0546296 0.0390625 0.0907407 
0 0.885286 0.794676 0.0471354 0.10787 
0 0.44388 0.294676 0.0346354 0.0615741 
0 0.846615 0.740046 0.0302083 0.0689815 
0 0.265625 0.413426 0.0395833 0.0601852 
0 0.955599 0.533796 0.0429688 0.0435185 
0 0.249089 0.250231 0.0580729 0.0773148 
0 0.98151 0.697917 0.0338542 0.0902778 
0 0.849219 0.612037 0.0380208 0.0546296 
0 0.619141 0.0615741 0.0554687 0.0546296 
0 0.213672 0.647454 0.0351562 0.0680556 
0 0.66901 0.615972 0.0395833 0.074537 
0 0.527865 0.281944 0.0302083 0.0851852 
0 0.776302 0.339352 0.0255208 0.0611111 
0 0.433203 0.420602 0.0408854 0.0458333 
