0 0.836849 0.100926 0.0997396 0.156481 
0 0.452604 0.197222 0.0755208 0.140741 
0 0.642057 0.428704 0.0315104 0.0592593 
0 0.559115 0.883565 0.0807292 0.0523148 
0 0.79974 0.814815 0.0338542 0.0907407 
0 0.538021 0.128241 0.0463542 0.0712963 
0 0.588802 0.592361 0.0958333 0.0662037 
0 0.219792 0.77963 0.0635417 0.0481481 
0 0.750521 0.339815 0.0552083 0.0583333 
0 0.256641 0.53125 0.0523437 0.0967593 
0 0.602083 0.743056 0.0885417 0.0592593 
0 0.697266 0.332639 0.0632813 0.050463 
0 0.31224 0.422917 0.0578125 0.0736111 
0 0.435547 0.957639 0.0627604 0.0615741 
0 0.710417 0.516435 0.0380208 0.0662037 
0 0.17513 0.37338 0.0341146 0.0939815 
0 0.0346354 0.208102 0.0401042 0.075463 
0 0.453385 0.334491 0.0526042 0.0949074 
0 0.461719 0.520602 0.03125 0.0587963 
0 0.104687 0.149306 0.0421875 0.102315 
0 0.572266 0.97662 0.0356771 0.0439815 
0 0.659635 0.234491 0.0619792 0.110648 
0 0.0740885 0.758102 0.0460938 0.0634259 
0 0.108854 0.315509 0.0411458 0.0550926 
0 0.0707031 0.615278 0.0601562 0.0759259 
0 0.447917 0.889815 0.0333333 0.107407 
0 0.382161 0.627083 0.0356771 0.075463 
0 0.716276 0.767361 0.0388021 0.0513889 
0 0.265104 0.919213 0.0255208 0.0773148 
0 0.67526 0.195833 0.0973958 0.17037 
0 0.182292 0.841667 0.0515625 0.0601852 
0 0.254948 0.364583 0.0494792 0.0486111 
0 0.701693 0.142593 0.0585938 0.100926 
0 0.351042 0.60463 0.0432292 0.0509259 
0 0.0682292 0.90463 0.0260417 0.0472222 
0 0.31276 0.546065 0.0817708 0.0643518 
0 0.23737 0.31875 0.0356771 0.0708333 
0 0.0588542 0.525926 0.0395833 0.0657407 
0 0.556641 0.281481 0.0299479 0.0712963 
0 0.600521 0.0423611 0.0463542 0.0763889 
0 0.316146 0.119444 0.0473958 0.0935185 
0 0.0510417 0.356944 0.0359375 0.0398148 
