0 0.891146 0.21412 0.110417 0.189352 
0 0.703125 0.285417 0.0864583 0.149537 
0 0.852083 0.346991 0.130729 0.075463 
0 0.604036 0.868981 0.0351562 0.0537037 
0 0.647005 0.612037 0.0455729 0.0611111 
0 0.732422 0.343056 0.0440104 0.0907407 
0 0.797396 0.82338 0.0447917 0.0587963 
0 0.131641 0.902083 0.0393229 0.0513889 
0 0.604036 0.461111 0.0726563 0.0703704 
0 0.625911 0.955556 0.0361979 0.0842593 
0 0.260938 0.882407 0.0536458 0.0768519 
0 0.558073 0.621528 0.0541667 0.0541667 
0 0.403776 0.622454 0.0627604 0.0550926 
0 0.139062 0.352546 0.03125 0.0699074 
0 0.822786 0.296065 0.127344 0.0726852 
0 0.758203 0.562963 0.0669271 0.0657407 
0 0.988281 0.486111 0.0192708 0.087037 
0 0.58112 0.112269 0.0320312 0.0671296 
0 0.277865 0.374074 0.0536458 0.0675926 
0 0.649349 0.0976852 0.0388021 0.151852 
0 0.446615 0.563657 0.0458333 0.0597222 
0 0.686979 0.459028 0.0411458 0.0578704 
0 0.816016 0.466204 0.0361979 0.109259 
0 0.529297 0.373843 0.0669271 0.0671296 
0 0.126432 0.733333 0.0398437 0.0768519 
0 0.259766 0.160417 0.0450521 0.0958333 
0 0.292969 0.458333 0.0697917 0.0527778 
0 0.407943 0.962731 0.0585938 0.0726852 
0 0.413672 0.287269 0.0721354 0.0680556 
0 0.397656 0.222917 0.0359375 0.049537 
0 0.499349 0.685185 0.0315104 0.0759259 
0 0.42526 0.214352 0.0395833 0.0490741 
0 0.184375 0.3875 0.0604167 0.062037 
0 0.0946615 0.363426 0.0325521 0.0435185 
0 0.453906 0.962731 0.0473958 0.0680556 
0 0.0807292 0.420833 0.028125 0.0722222 
0 0.253385 0.953009 0.0635417 0.0902778 
0 0.720703 0.32662 0.0632813 0.126389 
0 0.021224 0.522222 0.0341146 0.0555556 
0 0.617188 0.535417 0.0635417 0.0782407 
0 0.112891 0.795602 0.0575521 0.049537 
