0 0.541927 0.928704 0.0661458 0.123148 
0 0.616146 0.325926 0.0963542 0.113889 
0 0.64987 0.0465278 0.0981771 0.075463 
0 0.433333 0.123611 0.0682292 0.0657407 
0 0.157552 0.879398 0.0604167 0.122685 
0 0.754818 0.484259 0.0585938 0.0962963 
0 0.523438 0.562037 0.0338542 0.0509259 
0 0.698307 0.302778 0.0460938 0.0768519 
0 0.471745 0.63287 0.0731771 0.114815 
0 0.749089 0.802083 0.0273438 0.0671296 
0 0.455599 0.689815 0.0523437 0.0648148 
0 0.267188 0.037963 0.0322917 0.0694444 
0 0.151823 0.240972 0.0635417 0.0597222 
0 0.711979 0.923611 0.0369792 0.0574074 
0 0.0242187 0.0342593 0.0375 0.0638889 
0 0.0988281 0.569444 0.0591146 0.0444444 
0 0.182292 0.961111 0.0385417 0.0759259 
0 0.284635 0.910648 0.028125 0.0638889 
0 0.167318 0.158796 0.0372396 0.0601852 
0 0.37526 0.129861 0.0348958 0.0763889 
0 0.251432 0.871065 0.0606771 0.0671296 
0 0.610286 0.956713 0.0721354 0.0856481 
0 0.531771 0.171065 0.071875 0.0513889 
0 0.0489583 0.404398 0.0692708 0.0717593 
0 0.319141 0.622454 0.0559896 0.049537 
0 0.573828 0.0275463 0.0471354 0.049537 
0 0.189714 0.325926 0.0356771 0.075 
0 0.759245 0.231481 0.0289063 0.0518519 
0 0.205339 0.548148 0.0856771 0.0787037 
0 0.392839 0.393056 0.0393229 0.0712963 
0 0.388281 0.483565 0.0359375 0.126389 
0 0.567839 0.220602 0.0429688 0.0736111 
0 0.47487 0.907176 0.0367187 0.111574 
0 0.0738281 0.0752315 0.0367187 0.1125 
0 0.284505 0.300694 0.0221354 0.074537 
0 0.20599 0.037963 0.0604167 0.0731481 
0 0.120312 0.50625 0.0421875 0.104167 
0 0.0217448 0.705324 0.0273438 0.0930556 
0 0.172656 0.65 0.0369792 0.102778 
0 0.324479 0.680093 0.0385417 0.123148 
0 0.234635 0.650694 0.040625 0.0486111 
0 0.266536 0.708333 0.0330729 0.0787037 
0 0.363021 0.820833 0.0364583 0.062037 
0 0.445182 0.386574 0.0330729 0.0351852 
0 0.0867188 0.458333 0.0276042 0.0925926 
0 0.470703 0.331481 0.0565104 0.0972222 
0 0.0410156 0.565509 0.0346354 0.0865741 
0 0.260026 0.784259 0.0372396 0.0759259 
0 0.096875 0.612963 0.0640625 0.0453704 
0 0.209245 0.105787 0.0585938 0.0560185 
0 0.235156 0.283102 0.0375 0.0800926 
