0 0.729948 0.147685 0.0307292 0.125 
0 0.560026 0.259259 0.0455729 0.100926 
0 0.838802 0.367361 0.025 0.075463 
0 0.932552 0.716204 0.0364583 0.115741 
0 0.207292 0.496296 0.0494792 0.0722222 
0 0.240885 0.190046 0.0604167 0.0726852 
0 0.889193 0.317824 0.0403646 0.0578704 
0 0.253906 0.409722 0.0380208 0.1 
0 0.672396 0.528241 0.0390625 0.0935185 
0 0.465495 0.0375 0.0528646 0.075 
0 0.750521 0.589815 0.0369792 0.0851852 
0 0.70651 0.276389 0.0328125 0.107407 
0 0.931641 0.0247685 0.0356771 0.049537 
0 0.567839 0.80162 0.0460938 0.0865741 
0 0.966797 0.149306 0.0513021 0.124537 
0 0.630859 0.697454 0.0466146 0.0986111 
0 0.533724 0.134722 0.0450521 0.0638889 
0 0.334766 0.452778 0.0403646 0.101852 
0 0.572656 0.384028 0.05625 0.0689815 
0 0.646875 0.387037 0.0515625 0.119444 
0 0.650391 0.813426 0.0398437 0.0481481 
0 0.490234 0.650463 0.0440104 0.0592593 
0 0.772005 0.537037 0.0601562 0.0777778 
0 0.630859 0.50162 0.0367187 0.0939815 
0 0.377214 0.44838 0.0528646 0.0513889 
0 0.769531 0.250463 0.0265625 0.062037 
0 0.902344 0.595602 0.0411458 0.0736111 
0 0.15612 0.440046 0.0325521 0.0486111 
0 0.877344 0.403704 0.0354167 0.0638889 
0 0.472656 0.26088 0.046875 0.0800926 
0 0.516667 0.566898 0.0270833 0.0856481 
0 0.129036 0.533796 0.0466146 0.0574074 
0 0.365234 0.75787 0.0523437 0.0666667 
0 0.828516 0.796759 0.0398437 0.0703704 
0 0.535156 0.936806 0.0520833 0.0819444 
0 0.277604 0.503935 0.0526042 0.074537 
0 0.33138 0.885417 0.0335938 0.074537 
0 0.97513 0.232639 0.0497396 0.0550926 
0 0.470964 0.112269 0.0455729 0.0449074 
0 0.59375 0.178009 0.03125 0.0967593 
0 0.665625 0.648843 0.0369792 0.0939815 
0 0.664583 0.959028 0.0479167 0.0717593 
0 0.135677 0.686574 0.0510417 0.0611111 
0 0.284635 0.789815 0.0348958 0.0481481 
0 0.318099 0.367361 0.0393229 0.0532407 
0 0.0438802 0.0631944 0.0382813 0.106019 
0 0.304688 0.261111 0.0395833 0.0685185 
0 0.926302 0.437037 0.0307292 0.0685185 
0 0.320573 0.0604167 0.0666667 0.0615741 
0 0.902344 0.954861 0.0463542 0.0810185 
0 0.314583 0.626157 0.034375 0.0680556 
0 0.404818 0.894213 0.0341146 0.0726852 
0 0.260026 0.605093 0.0273438 0.0685185 
0 0.506901 0.175463 0.0388021 0.0861111 
0 0.833464 0.276389 0.0497396 0.05 
0 0.600521 0.616898 0.0317708 0.0837963 
0 0.871094 0.170139 0.0385417 0.0930556 
0 0.286849 0.710648 0.0414063 0.0601852 
0 0.734375 0.740046 0.028125 0.0856481 
0 0.75638 0.849769 0.0492188 0.10787 
0 0.693359 0.613889 0.0361979 0.0861111 
0 0.513281 0.725231 0.0390625 0.0578704 
0 0.403516 0.262037 0.0476562 0.0981481 
0 0.696224 0.813889 0.0502604 0.062037 
0 0.367708 0.883565 0.028125 0.0560185 
0 0.11862 0.0416667 0.0445312 0.0759259 
0 0.0834635 0.122917 0.0611979 0.075463 
0 0.495313 0.498611 0.0296875 0.0611111 
0 0.446484 0.767824 0.0424479 0.0578704 
0 0.880339 0.21088 0.0471354 0.0791667 
