0 0.677214 0.39213 0.0559896 0.0925926 
0 0.494401 0.294907 0.0346354 0.0768519 
0 0.60599 0.702778 0.040625 0.0722222 
0 0.579036 0.347685 0.0294271 0.12037 
0 0.769531 0.0509259 0.0598958 0.0712963 
0 0.922786 0.797685 0.0596354 0.0694444 
0 0.075 0.242361 0.0432292 0.0708333 
0 0.734375 0.209722 0.0515625 0.0666667 
0 0.773438 0.780324 0.0333333 0.0717593 
0 0.440104 0.26412 0.0296875 0.104167 
0 0.817318 0.183102 0.0591146 0.0643518 
0 0.82474 0.528704 0.0364583 0.0601852 
0 0.713281 0.345602 0.0380208 0.0930556 
0 0.933073 0.0467593 0.0458333 0.0935185 
0 0.151432 0.334954 0.0403646 0.0791667 
0 0.873568 0.0678241 0.0335938 0.049537 
0 0.246615 0.114352 0.028125 0.125926 
0 0.501953 0.0990741 0.0315104 0.0564815 
0 0.28099 0.603241 0.0302083 0.0824074 
0 0.0428385 0.483102 0.0361979 0.0847222 
0 0.504427 0.521759 0.025 0.0990741 
0 0.339844 0.765278 0.0557292 0.0851852 
0 0.149479 0.413194 0.0328125 0.0800926 
0 0.50638 0.621991 0.0263021 0.0810185 
0 0.427214 0.717824 0.0367187 0.0819444 
0 0.383073 0.758565 0.034375 0.0708333 
0 0.260677 0.902778 0.0385417 0.0759259 
0 0.726953 0.781482 0.0325521 0.0564815 
0 0.904297 0.509954 0.0388021 0.0597222 
0 0.223698 0.416898 0.059375 0.0606481 
0 0.942318 0.438889 0.0325521 0.0861111 
0 0.0794271 0.431944 0.04375 0.0490741 
0 0.902734 0.664352 0.0388021 0.0518519 
0 0.43776 0.349769 0.0708333 0.0939815 
0 0.695833 0.91412 0.0463542 0.0615741 
0 0.183203 0.0233796 0.0403646 0.0467593 
0 0.678776 0.830324 0.0533854 0.074537 
0 0.213542 0.830556 0.0307292 0.087963 
0 0.564453 0.755556 0.0257812 0.0925926 
0 0.888672 0.735185 0.0382813 0.0555556 
0 0.474479 0.692824 0.046875 0.0800926 
0 0.846224 0.501389 0.0283854 0.0759259 
0 0.0177083 0.625463 0.0276042 0.062963 
0 0.679688 0.728241 0.0265625 0.0564815 
0 0.782682 0.246065 0.0372396 0.0643518 
0 0.5 0.437963 0.0604167 0.0527778 
0 0.628385 0.369907 0.0296875 0.0916667 
