0 0.509766 0.36713 0.0335938 0.134259 
0 0.300911 0.380556 0.0330729 0.0546296 
0 0.961979 0.291204 0.0515625 0.138889 
0 0.967318 0.955787 0.0455729 0.0884259 
0 0.897917 0.36412 0.0536458 0.0875 
0 0.357161 0.682407 0.0335938 0.0564815 
0 0.959896 0.558796 0.0651042 0.0814815 
0 0.598177 0.533333 0.0385417 0.124074 
0 0.849089 0.375463 0.0466146 0.109259 
0 0.774479 0.389583 0.0348958 0.1125 
0 0.54974 0.262963 0.03125 0.112963 
0 0.716276 0.771759 0.0351562 0.0907407 
0 0.748568 0.564583 0.0440104 0.104167 
0 0.646484 0.493287 0.0627604 0.0569444 
0 0.775911 0.689815 0.0497396 0.0712963 
0 0.976562 0.853241 0.0427083 0.0657407 
0 0.726562 0.671991 0.0380208 0.0717593 
0 0.705078 0.403241 0.0382813 0.0935185 
0 0.455859 0.533333 0.0393229 0.0712963 
0 0.528255 0.648611 0.0351562 0.0888889 
0 0.834505 0.215046 0.0731771 0.0587963 
0 0.35026 0.335185 0.0348958 0.0898148 
0 0.595703 0.269213 0.0450521 0.0643518 
0 0.767578 0.799769 0.0450521 0.049537 
0 0.511328 0.508565 0.0367187 0.0560185 
0 0.480339 0.257407 0.0414063 0.0601852 
0 0.398698 0.4875 0.0348958 0.0574074 
0 0.10013 0.625926 0.0377604 0.0546296 
0 0.82474 0.34213 0.0307292 0.132407 
0 0.591276 0.848843 0.0367187 0.0717593 
0 0.164844 0.365741 0.0229167 0.0592593 
0 0.683073 0.621528 0.0411458 0.0625 
0 0.239193 0.472222 0.0367187 0.0657407 
0 0.193359 0.619907 0.0361979 0.05 
0 0.24401 0.933333 0.0291667 0.0694444 
0 0.167057 0.921065 0.0429688 0.0578704 
0 0.610417 0.654398 0.028125 0.0550926 
0 0.886719 0.43125 0.0604167 0.074537 
0 0.0361979 0.571528 0.0453125 0.0893519 
0 0.852995 0.53125 0.0570313 0.0458333 
0 0.467057 0.846991 0.0393229 0.0902778 
0 0.865234 0.934028 0.0330729 0.111574 
0 0.653776 0.309491 0.0565104 0.0476852 
0 0.829036 0.608565 0.0559896 0.0652778 
0 0.0122396 0.646296 0.0234375 0.087963 
0 0.298828 0.74213 0.0471354 0.062037 
0 0.982943 0.470139 0.0320312 0.0782407 
0 0.620703 0.821991 0.0382813 0.0726852 
0 0.466276 0.494444 0.0372396 0.0472222 
0 0.589844 0.772917 0.0463542 0.0523148 
0 0.545443 0.85162 0.0502604 0.0634259 
0 0.307292 0.552546 0.0411458 0.0430556 
0 0.0535156 0.70787 0.0367187 0.0768519 
0 0.955078 0.675694 0.0398437 0.0717593 
0 0.963802 0.35162 0.0625 0.124537 
0 0.192839 0.948843 0.0382813 0.0958333 
