0 0.161068 0.520833 0.0632813 0.1 
0 0.0619792 0.474769 0.0567708 0.169907 
0 0.591276 0.824769 0.0476562 0.147685 
0 0.633854 0.208796 0.0802083 0.0787037 
0 0.715365 0.274074 0.0552083 0.111111 
0 0.188281 0.651852 0.0473958 0.1 
0 0.0197917 0.595139 0.0380208 0.074537 
0 0.503516 0.527315 0.0716146 0.140741 
0 0.549349 0.287037 0.0382813 0.132407 
0 0.860807 0.0979167 0.127865 0.0662037 
0 0.699219 0.40625 0.0526042 0.1125 
0 0.157682 0.102315 0.0658854 0.0787037 
0 0.202474 0.220833 0.0820312 0.0666667 
0 0.233854 0.724769 0.0625 0.0708333 
0 0.128516 0.24213 0.0502604 0.125926 
0 0.568359 0.361806 0.0617188 0.130093 
0 0.661068 0.951389 0.0382813 0.0935185 
0 0.650391 0.120602 0.0419271 0.114352 
0 0.979427 0.0710648 0.0395833 0.0976852 
0 0.174349 0.85463 0.0606771 0.0740741 
0 0.492969 0.571296 0.0671875 0.101852 
0 0.23724 0.63287 0.0348958 0.0527778 
0 0.705078 0.16713 0.0408854 0.113889 
0 0.982031 0.288194 0.0338542 0.174537 
0 0.086849 0.850926 0.0658854 0.0981481 
0 0.523958 0.652778 0.0380208 0.109259 
0 0.0195312 0.65787 0.0390625 0.0537037 
