0 0.632292 0.84537 0.0505208 0.15 
0 0.222005 0.670139 0.0539063 0.0606481 
0 0.963411 0.217593 0.0533854 0.123148 
0 0.739714 0.84375 0.0424479 0.108796 
0 0.93125 0.609491 0.0546875 0.0597222 
0 0.360677 0.385185 0.0416667 0.0564815 
0 0.727995 0.699537 0.0429688 0.0574074 
0 0.876042 0.243287 0.04375 0.100463 
0 0.595312 0.92963 0.0239583 0.0611111 
0 0.121615 0.736574 0.040625 0.0527778 
0 0.269792 0.915741 0.0442708 0.0722222 
0 0.800781 0.872917 0.0671875 0.0810185 
0 0.980469 0.657176 0.0385417 0.0625 
0 0.67526 0.668981 0.0572917 0.0851852 
0 0.390495 0.884028 0.0539063 0.0486111 
0 0.325521 0.799537 0.0369792 0.0851852 
0 0.275 0.513657 0.0541667 0.0467593 
0 0.194531 0.731713 0.0390625 0.0912037 
0 0.0449219 0.663889 0.0486979 0.087963 
0 0.838802 0.97037 0.0354167 0.0537037 
0 0.926302 0.701389 0.0604167 0.0740741 
0 0.363672 0.610648 0.0283854 0.0574074 
0 0.146354 0.331944 0.028125 0.0444444 
0 0.0128906 0.928704 0.0257812 0.0990741 
