0 0.854036 0.0976852 0.0778646 0.117593 
0 0.445052 0.0673611 0.0484375 0.124537 
0 0.782292 0.093287 0.0322917 0.106019 
0 0.666927 0.728704 0.0484375 0.0583333 
0 0.467708 0.701389 0.0453125 0.110185 
0 0.675781 0.281713 0.0651042 0.101389 
0 0.629427 0.507407 0.034375 0.0648148 
0 0.645052 0.193519 0.0567708 0.0638889 
0 0.5625 0.465278 0.0859375 0.087963 
0 0.761328 0.768287 0.0580729 0.150463 
0 0.791927 0.636806 0.0302083 0.0532407 
0 0.57474 0.839352 0.040625 0.0574074 
0 0.7125 0.124074 0.0833333 0.132407 
0 0.433333 0.18125 0.0609375 0.0513889 
0 0.734766 0.651852 0.0794271 0.062963 
0 0.614193 0.946991 0.0335938 0.0782407 
0 0.567969 0.699306 0.0432292 0.0763889 
0 0.515234 0.958333 0.0382813 0.0481481 
0 0.349609 0.415046 0.0486979 0.0828704 
0 0.355469 0.678935 0.0458333 0.0958333 
0 0.854427 0.675231 0.0520833 0.0847222 
0 0.426432 0.657176 0.0585938 0.0726852 
0 0.290755 0.0266204 0.0372396 0.0532407 
0 0.426823 0.927083 0.0411458 0.0625 
0 0.757812 0.229861 0.0385417 0.101389 
0 0.598177 0.201157 0.0234375 0.0810185 
0 0.638672 0.589815 0.0757812 0.0666667 
0 0.15599 0.35 0.0453125 0.0574074 
0 0.18138 0.196528 0.0403646 0.075463 
0 0.19349 0.921759 0.0307292 0.0740741 
0 0.720703 0.37037 0.0601562 0.0518519 
0 0.114193 0.04375 0.0346354 0.0356481 
0 0.530339 0.0405093 0.0367187 0.0736111 
0 0.607422 0.661343 0.0471354 0.0736111 
0 0.684115 0.932407 0.0354167 0.122222 
0 0.720182 0.919444 0.0549479 0.0509259 
0 0.0335938 0.434259 0.0296875 0.0611111 
0 0.364062 0.882407 0.0395833 0.0962963 
0 0.711979 0.193981 0.0578125 0.0925926 
0 0.401563 0.41875 0.0489583 0.0467593 
0 0.272135 0.453241 0.0317708 0.0722222 
0 0.651302 0.0821759 0.0302083 0.0800926 
0 0.502474 0.0965278 0.0346354 0.131944 
0 0.447266 0.421528 0.0611979 0.0532407 
0 0.572786 0.910648 0.0367187 0.0638889 
0 0.176693 0.457407 0.0382813 0.062963 
0 0.373568 0.120602 0.0325521 0.0773148 
0 0.588411 0.312963 0.0315104 0.12963 
0 0.396745 0.354167 0.0361979 0.0518519 
0 0.334245 0.530093 0.0372396 0.0935185 
0 0.678646 0.0921296 0.0369792 0.0981481 
0 0.252734 0.174306 0.0450521 0.0532407 
0 0.114323 0.383102 0.0333333 0.0828704 
0 0.316927 0.390278 0.0276042 0.0583333 
0 0.54974 0.900926 0.0354167 0.0861111 
0 0.224219 0.983102 0.0536458 0.0337963 
0 0.116536 0.209259 0.0341146 0.0740741 
0 0.0895833 0.836806 0.04375 0.0615741 
0 0.545964 0.50787 0.0320312 0.0425926 
0 0.291797 0.783102 0.0424479 0.0578704 
