0 0.765104 0.677083 0.0755208 0.1125 
0 0.63138 0.671991 0.0523437 0.0736111 
0 0.892578 0.740046 0.0705729 0.143056 
0 0.663151 0.754861 0.0544271 0.0865741 
0 0.814062 0.96875 0.05 0.0606481 
0 0.486719 0.486111 0.0598958 0.0990741 
0 0.579036 0.928935 0.0455729 0.0634259 
0 0.765234 0.164352 0.0434896 0.0861111 
0 0.928255 0.965972 0.0507812 0.0652778 
0 0.173047 0.619444 0.0414063 0.0861111 
0 0.0578125 0.959954 0.0541667 0.074537 
0 0.702083 0.104167 0.0520833 0.0796296 
0 0.483854 0.672685 0.0375 0.0694444 
0 0.575651 0.09375 0.0690104 0.123611 
