0 0.496745 0.146528 0.0679687 0.173611 
0 0.68112 0.246296 0.0565104 0.118519 
0 0.960938 0.217593 0.0713542 0.0833333 
0 0.865625 0.264583 0.0364583 0.160648 
0 0.84375 0.411574 0.0838542 0.0638889 
0 0.466276 0.828704 0.0382813 0.0842593 
0 0.728516 0.251389 0.0596354 0.0611111 
0 0.643099 0.542824 0.0351562 0.0856481 
0 0.663151 0.0872685 0.0492188 0.149537 
0 0.634245 0.452083 0.0471354 0.0949074 
0 0.933594 0.605093 0.04375 0.0777778 
0 0.627474 0.369907 0.0429688 0.0527778 
0 0.0989583 0.880787 0.0338542 0.0513889 
0 0.276563 0.765046 0.0520833 0.105093 
0 0.591797 0.255556 0.0294271 0.143519 
0 0.742708 0.589815 0.0479167 0.0972222 
0 0.184245 0.197917 0.0585938 0.121759 
0 0.542969 0.890741 0.0572917 0.106481 
0 0.528776 0.719907 0.0492188 0.0694444 
0 0.622135 0.767593 0.0369792 0.0861111 
0 0.163672 0.908102 0.0763021 0.0810185 
0 0.720182 0.205556 0.0690104 0.0657407 
0 0.907161 0.787037 0.0460938 0.0842593 
0 0.88138 0.478704 0.0981771 0.0666667 
0 0.390885 0.6875 0.0442708 0.126852 
0 0.176302 0.709954 0.0265625 0.103241 
0 0.297135 0.838657 0.0885417 0.0800926 
0 0.056901 0.485648 0.0361979 0.100926 
0 0.586979 0.178935 0.0348958 0.0347222 
0 0.591276 0.850463 0.0335938 0.109259 
0 0.671875 0.752546 0.0401042 0.131019 
0 0.913542 0.359491 0.04375 0.0541667 
0 0.615755 0.853241 0.0388021 0.0462963 
0 0.445833 0.729167 0.0572917 0.0851852 
0 0.217969 0.128241 0.04375 0.0601852 
0 0.949219 0.951389 0.0598958 0.087037 
0 0.623047 0.691204 0.0414063 0.0555556 
0 0.436328 0.577546 0.0528646 0.0763889 
0 0.527344 0.593287 0.05625 0.0708333 
0 0.401563 0.284028 0.0447917 0.100463 
0 0.350781 0.4625 0.0536458 0.0694444 
0 0.770964 0.650231 0.0341146 0.0939815 
0 0.199219 0.568519 0.0609375 0.0666667 
0 0.508854 0.681481 0.040625 0.0398148 
