0 0.496094 0.684954 0.0541667 0.100463 
0 0.395703 0.0555556 0.0424479 0.0907407 
0 0.749479 0.896759 0.0880208 0.062037 
0 0.746615 0.75463 0.114063 0.0740741 
0 0.688411 0.0608796 0.0955729 0.105093 
0 0.367448 0.721528 0.0380208 0.0634259 
0 0.800781 0.292361 0.0885417 0.0967593 
0 0.736849 0.955324 0.0414063 0.0893519 
0 0.751953 0.588194 0.0658854 0.102315 
0 0.526953 0.917593 0.0705729 0.112963 
0 0.528776 0.404861 0.0554687 0.0912037 
0 0.338151 0.530787 0.0351562 0.0513889 
0 0.427474 0.343287 0.0731771 0.0708333 
0 0.82474 0.201157 0.0916667 0.0625 
0 0.698698 0.466204 0.0859375 0.0657407 
0 0.542448 0.604167 0.0572917 0.0768519 
0 0.489974 0.477546 0.0731771 0.0689815 
0 0.411589 0.231019 0.0388021 0.0796296 
0 0.787109 0.0287037 0.0580729 0.0574074 
0 0.642578 0.415278 0.0554687 0.0611111 
0 0.209245 0.492593 0.0513021 0.0731481 
0 0.621615 0.119907 0.046875 0.161111 
0 0.176302 0.509954 0.0348958 0.104167 
0 0.340495 0.108565 0.0466146 0.0634259 
0 0.510807 0.289352 0.0351562 0.0592593 
0 0.255859 0.966204 0.0601562 0.0648148 
0 0.301823 0.844213 0.0604167 0.0652778 
0 0.828125 0.0944444 0.0833333 0.0601852 
0 0.33737 0.259722 0.0606771 0.0537037 
0 0.18112 0.235417 0.0424479 0.0625 
0 0.304818 0.120833 0.0455729 0.0685185 
0 0.448698 0.2 0.0296875 0.1 
0 0.326693 0.0349537 0.0393229 0.0643518 
0 0.631901 0.641898 0.0882813 0.0875 
0 0.617188 0.806019 0.0552083 0.19537 
0 0.483073 0.125926 0.0473958 0.155556 
0 0.139583 0.719676 0.0489583 0.0736111 
0 0.472135 0.861111 0.0609375 0.0675926 
0 0.691406 0.529398 0.053125 0.0532407 
0 0.129948 0.255556 0.0598958 0.0555556 
0 0.268099 0.462269 0.0611979 0.0643518 
0 0.194141 0.295139 0.0591146 0.0560185 
0 0.788151 0.61875 0.0742188 0.0643518 
0 0.715885 0.677083 0.0671875 0.0625 
0 0.740234 0.941898 0.0638021 0.108796 
0 0.70599 0.835185 0.0635417 0.0481481 
0 0.38724 0.447454 0.0640625 0.0875 
0 0.086849 0.421296 0.0403646 0.0694444 
0 0.702083 0.608565 0.0359375 0.0791667 
