0 0.890625 0.193056 0.0541667 0.149074 
0 0.197005 0.547917 0.0533854 0.0967593 
0 0.783203 0.243519 0.0721354 0.0685185 
0 0.239583 0.344444 0.0333333 0.0814815 
0 0.0722656 0.0657407 0.0361979 0.0953704 
0 0.24388 0.871065 0.0492188 0.119907 
0 0.254427 0.421759 0.0442708 0.0814815 
0 0.558984 0.883102 0.0393229 0.113426 
0 0.116016 0.540509 0.0325521 0.0986111 
0 0.746094 0.158796 0.0375 0.0546296 
0 0.189193 0.0916667 0.0283854 0.0574074 
0 0.916406 0.850231 0.0614583 0.109722 
0 0.79349 0.710417 0.0578125 0.0634259 
0 0.0290365 0.0393519 0.0361979 0.062037 
0 0.891146 0.744907 0.0583333 0.0916667 
0 0.38737 0.950463 0.0440104 0.0731481 
0 0.345182 0.0784722 0.0356771 0.0560185 
0 0.345182 0.75787 0.0434896 0.125 
0 0.0988281 0.271065 0.0585938 0.0800926 
0 0.976953 0.946991 0.0414063 0.0986111 
0 0.863802 0.825 0.0375 0.087963 
0 0.317578 0.925231 0.0523437 0.0513889 
0 0.745573 0.971991 0.0484375 0.0560185 
0 0.0457031 0.703009 0.0575521 0.121759 
0 0.184635 0.686574 0.046875 0.0712963 
0 0.152083 0.740046 0.0270833 0.110648 
0 0.58151 0.0261574 0.0458333 0.0523148 
0 0.0317708 0.919213 0.0463542 0.0976852 
