0 0.691927 0.340972 0.05 0.0569444 
0 0.631771 0.963426 0.0838542 0.0712963 
0 0.610417 0.625926 0.0822917 0.138889 
0 0.444401 0.912269 0.0721354 0.0587963 
0 0.544922 0.417824 0.0684896 0.0708333 
0 0.556641 0.0337963 0.0450521 0.0666667 
0 0.467578 0.410648 0.0408854 0.0824074 
0 0.839323 0.498843 0.0401042 0.0597222 
0 0.724609 0.838889 0.0976562 0.0851852 
0 0.489453 0.315046 0.0929687 0.0717593 
0 0.794922 0.546991 0.0356771 0.0671296 
0 0.359375 0.488194 0.0390625 0.0699074 
0 0.652344 0.0342593 0.0916667 0.0611111 
0 0.286589 0.710185 0.0486979 0.112037 
0 0.553776 0.605093 0.0335938 0.112963 
0 0.697656 0.563889 0.0614583 0.117593 
0 0.610417 0.525231 0.0697917 0.123611 
0 0.140755 0.263426 0.0585938 0.0527778 
0 0.644531 0.528009 0.0265625 0.0902778 
0 0.282292 0.0310185 0.0494792 0.062037 
0 0.129297 0.618981 0.0414063 0.0388889 
0 0.269792 0.533333 0.0552083 0.0842593 
0 0.492188 0.212963 0.0375 0.0888889 
0 0.215755 0.229398 0.0575521 0.0541667 
0 0.309375 0.604167 0.0614583 0.05 
0 0.31224 0.847685 0.0322917 0.0564815 
0 0.482031 0.0233796 0.0515625 0.0439815 
0 0.587891 0.831944 0.0622396 0.0638889 
0 0.301172 0.368519 0.0247396 0.0731481 
0 0.174089 0.515972 0.0611979 0.0958333 
0 0.266146 0.219213 0.0520833 0.0513889 
0 0.38112 0.600694 0.0460938 0.0791667 
0 0.113281 0.54375 0.0442708 0.0421296 
0 0.101562 0.0722222 0.0463542 0.0638889 
0 0.548307 0.904398 0.0377604 0.0597222 
0 0.350781 0.266204 0.0375 0.123148 
0 0.460417 0.72662 0.0296875 0.050463 
0 0.108464 0.402778 0.0315104 0.0675926 
0 0.270833 0.328472 0.0520833 0.0606481 
0 0.471615 0.859259 0.0505208 0.0722222 
0 0.383854 0.753935 0.0916667 0.0717593 
0 0.127474 0.959954 0.0455729 0.0763889 
0 0.131641 0.511343 0.0434896 0.049537 
0 0.389453 0.0953704 0.0414063 0.0555556 
0 0.237891 0.782176 0.0476562 0.0523148 
0 0.244792 0.493287 0.0604167 0.049537 
0 0.347135 0.911574 0.0421875 0.0824074 
0 0.680599 0.769444 0.0403646 0.0731481 
0 0.430339 0.591204 0.0424479 0.142593 
