0 0.123698 0.925463 0.0661458 0.105556 
0 0.526432 0.85162 0.0507812 0.0865741 
0 0.60651 0.203472 0.0296875 0.128241 
0 0.116536 0.176157 0.0315104 0.111574 
0 0.419401 0.757407 0.0335938 0.0972222 
0 0.768099 0.238657 0.0346354 0.0902778 
0 0.277083 0.0328704 0.034375 0.0611111 
0 0.941016 0.348611 0.0278646 0.132407 
0 0.825781 0.146759 0.0505208 0.105556 
0 0.235026 0.590046 0.0325521 0.133796 
0 0.701693 0.313657 0.0356771 0.104167 
0 0.344661 0.802083 0.0356771 0.0921296 
0 0.166016 0.261806 0.0481771 0.0986111 
0 0.721224 0.15162 0.0273438 0.106019 
0 0.564453 0.305787 0.0450521 0.0884259 
0 0.661719 0.345602 0.0671875 0.0699074 
0 0.348698 0.196296 0.0239583 0.0898148 
0 0.964844 0.0539352 0.0463542 0.0541667 
0 0.241667 0.249074 0.0296875 0.112037 
0 0.946875 0.235648 0.0416667 0.0861111 
0 0.480469 0.359028 0.028125 0.0467593 
0 0.936979 0.749537 0.0385417 0.0824074 
0 0.192188 0.932407 0.0546875 0.0611111 
0 0.947786 0.469444 0.0554687 0.10463 
0 0.915625 0.665741 0.0630208 0.0481481 
0 0.2625 0.94537 0.0421875 0.0675926 
0 0.417188 0.217361 0.0390625 0.0662037 
0 0.375651 0.55787 0.0653646 0.0648148 
0 0.347396 0.967824 0.0375 0.0439815 
0 0.729036 0.476852 0.0721354 0.0564815 
0 0.61276 0.403241 0.0552083 0.115741 
0 0.261458 0.712037 0.0427083 0.0694444 
0 0.821745 0.613657 0.0315104 0.0523148 
0 0.160026 0.349306 0.0268229 0.0578704 
0 0.355469 0.39537 0.0390625 0.0666667 
0 0.988672 0.134491 0.0190104 0.099537 
0 0.879948 0.582176 0.0526042 0.0893519 
0 0.98737 0.043287 0.0236979 0.0865741 
0 0.549349 0.567824 0.0658854 0.121759 
0 0.394792 0.828472 0.03125 0.0486111 
0 0.0393229 0.441204 0.0661458 0.0842593 
0 0.174609 0.536111 0.0627604 0.087037 
0 0.478255 0.667593 0.0580729 0.0712963 
0 0.44349 0.976852 0.0604167 0.0462963 
0 0.186198 0.415278 0.0369792 0.0648148 
0 0.96875 0.51875 0.0354167 0.0893519 
0 0.15013 0.434028 0.0518229 0.0486111 
0 0.131901 0.655324 0.0585938 0.111574 
0 0.0567708 0.302083 0.0354167 0.0467593 
0 0.20013 0.949537 0.0627604 0.0861111 
