0 0.78125 0.627546 0.0296875 0.118056 
0 0.78763 0.226157 0.0346354 0.0837963 
0 0.691276 0.368056 0.0585938 0.134259 
0 0.0716146 0.581019 0.0411458 0.0462963 
0 0.242578 0.912269 0.0299479 0.0532407 
0 0.35599 0.537037 0.0458333 0.0833333 
0 0.469922 0.787963 0.0585938 0.075 
0 0.0263021 0.476852 0.0385417 0.0490741 
0 0.567318 0.488194 0.0346354 0.0569444 
0 0.132031 0.203704 0.0395833 0.0435185 
0 0.357682 0.933333 0.0330729 0.0638889 
0 0.402344 0.709259 0.0541667 0.0462963 
0 0.392578 0.0645833 0.0528646 0.0560185 
0 0.686979 0.63125 0.0338542 0.0708333 
0 0.503906 0.421065 0.0260417 0.0550926 
0 0.659635 0.523843 0.0458333 0.0689815 
0 0.522917 0.0641204 0.0302083 0.0884259 
0 0.0785156 0.343519 0.0283854 0.0555556 
0 0.279818 0.818056 0.0315104 0.087037 
0 0.547266 0.973843 0.0486979 0.0467593 
0 0.645052 0.958333 0.0572917 0.0814815 
0 0.0856771 0.720139 0.0354167 0.0671296 
0 0.271745 0.620602 0.0273438 0.0736111 
0 0.746615 0.450694 0.0463542 0.0421296 
0 0.373307 0.466435 0.0518229 0.0578704 
0 0.198698 0.508565 0.03125 0.0782407 
0 0.370443 0.876852 0.0611979 0.0472222 
0 0.604036 0.782176 0.0403646 0.0819444 
0 0.130859 0.577315 0.0283854 0.0518519 
0 0.602474 0.958333 0.0539063 0.0814815 
0 0.102995 0.276157 0.0434896 0.0356481 
0 0.441016 0.934954 0.0669271 0.113426 
0 0.635286 0.0263889 0.0330729 0.0527778 
0 0.120573 0.50625 0.0432292 0.0597222 
0 0.641146 0.625 0.040625 0.0953704 
0 0.664062 0.0247685 0.0390625 0.049537 
0 0.661068 0.0918982 0.0565104 0.0550926 
0 0.475781 0.406944 0.0390625 0.0740741 
0 0.74362 0.859722 0.0351562 0.0925926 
0 0.053776 0.951389 0.0429688 0.0731481 
0 0.053125 0.242593 0.0276042 0.0462963 
0 0.0981771 0.526389 0.0338542 0.0416667 
0 0.539583 0.798148 0.0223958 0.0472222 
0 0.156641 0.0467593 0.0263021 0.0851852 
0 0.430859 0.616667 0.0408854 0.0731481 
0 0.397396 0.798611 0.0385417 0.0722222 
0 0.714453 0.464352 0.0440104 0.0583333 
0 0.225651 0.0733796 0.0335938 0.0560185 
0 0.410156 0.1875 0.0416667 0.0592593 
