0 0.94388 0.37662 0.0544271 0.136574 
0 0.231771 0.087963 0.0583333 0.136111 
0 0.473437 0.269676 0.0380208 0.0884259 
0 0.519531 0.0861111 0.0625 0.0740741 
0 0.401563 0.0861111 0.0671875 0.0712963 
0 0.262109 0.568056 0.0361979 0.128704 
0 0.933203 0.678704 0.0440104 0.125 
0 0.652344 0.0516204 0.0802083 0.101389 
0 0.784115 0.141435 0.040625 0.0921296 
0 0.656641 0.524306 0.0518229 0.0875 
0 0.792969 0.382639 0.096875 0.103241 
0 0.158854 0.0877315 0.0385417 0.0912037 
0 0.566927 0.422685 0.0734375 0.0675926 
0 0.554688 0.206019 0.08125 0.10463 
0 0.111068 0.54213 0.0440104 0.0777778 
0 0.352995 0.452315 0.0544271 0.0768519 
0 0.397396 0.733102 0.0473958 0.115278 
0 0.283854 0.847685 0.0453125 0.0916667 
0 0.969271 0.320602 0.0536458 0.100463 
0 0.568359 0.0726852 0.0388021 0.136111 
0 0.157161 0.405787 0.0393229 0.074537 
0 0.688021 0.448843 0.0395833 0.0763889 
0 0.0433594 0.753935 0.0507812 0.0606481 
0 0.291667 0.271065 0.0364583 0.0875 
0 0.846745 0.306481 0.0460938 0.143519 
0 0.323177 0.728241 0.0385417 0.108333 
0 0.0214844 0.538194 0.0429688 0.0773148 
0 0.858333 0.57338 0.0369792 0.101389 
0 0.377214 0.248148 0.0231771 0.0722222 
0 0.178646 0.25787 0.0875 0.0694444 
0 0.0554687 0.0826389 0.0354167 0.0726852 
0 0.120443 0.472222 0.0356771 0.0851852 
0 0.515625 0.540509 0.0296875 0.0550926 
0 0.0988281 0.677778 0.0377604 0.0574074 
0 0.922917 0.863194 0.04375 0.102315 
0 0.667969 0.263426 0.0958333 0.1 
0 0.13099 0.775231 0.0401042 0.0699074 
0 0.492708 0.954167 0.0390625 0.0907407 
0 0.0951823 0.179167 0.0606771 0.0814815 
0 0.127604 0.652778 0.0442708 0.0592593 
0 0.333464 0.557176 0.0466146 0.14213 
0 0.385677 0.54213 0.0390625 0.0472222 
0 0.0945313 0.339352 0.0333333 0.109259 
0 0.00963542 0.261343 0.0171875 0.126389 
0 0.19362 0.786343 0.0367187 0.11713 
0 0.233724 0.525231 0.0570313 0.0662037 
0 0.21276 0.75 0.0411458 0.133333 
0 0.0714844 0.0194444 0.0861979 0.037037 
0 0.593229 0.876389 0.04375 0.0981481 
0 0.0608073 0.680556 0.0283854 0.0935185 
0 0.126823 0.866898 0.034375 0.118056 
