0 0.667448 0.831944 0.0588542 0.0824074 
0 0.588932 0.283565 0.0643229 0.114352 
0 0.380859 0.716204 0.0544271 0.0722222 
0 0.349609 0.530787 0.0388021 0.0652778 
0 0.853516 0.747685 0.0471354 0.075 
0 0.833984 0.651852 0.0601562 0.0546296 
0 0.538151 0.658102 0.0361979 0.111574 
0 0.738802 0.254398 0.075 0.0884259 
0 0.601562 0.169907 0.0458333 0.0611111 
0 0.553646 0.912269 0.0317708 0.0810185 
0 0.694271 0.730093 0.0588542 0.0675926 
0 0.645964 0.952778 0.0445312 0.0944444 
0 0.738672 0.391898 0.0486979 0.074537 
0 0.488021 0.678472 0.0359375 0.0958333 
0 0.0152344 0.757407 0.0299479 0.0722222 
0 0.842839 0.317593 0.0559896 0.0416667 
0 0.778906 0.684491 0.03125 0.114352 
0 0.763672 0.536806 0.0455729 0.0921296 
0 0.480469 0.814352 0.0520833 0.0759259 
0 0.644531 0.278935 0.0234375 0.0699074 
0 0.579557 0.82338 0.0289063 0.120833 
0 0.730078 0.65463 0.0346354 0.114815 
0 0.943359 0.387731 0.0273438 0.0976852 
0 0.120833 0.604167 0.0369792 0.0694444 
0 0.483073 0.328472 0.040625 0.075463 
0 0.0983073 0.753472 0.0549479 0.0791667 
0 0.0902344 0.659028 0.0445312 0.0680556 
0 0.277344 0.427315 0.03125 0.0944444 
0 0.59375 0.963657 0.0416667 0.0532407 
0 0.633203 0.578935 0.0346354 0.105093 
0 0.913151 0.550926 0.0424479 0.062963 
0 0.219271 0.673148 0.028125 0.0740741 
0 0.40013 0.379398 0.0554687 0.0486111 
0 0.82526 0.461806 0.0395833 0.0865741 
0 0.0496094 0.863194 0.0664062 0.0587963 
0 0.058724 0.564583 0.0393229 0.0699074 
0 0.70013 0.326389 0.0513021 0.0796296 
0 0.817448 0.900231 0.0489583 0.0689815 
0 0.621615 0.401852 0.0552083 0.0712963 
0 0.210938 0.779861 0.040625 0.0615741 
