0 0.406901 0.0958333 0.0466146 0.0574074 
0 0.392578 0.0305556 0.0513021 0.0611111 
0 0.857422 0.0863426 0.0700521 0.0763889 
0 0.965365 0.384722 0.0526042 0.0814815 
0 0.0627604 0.421065 0.0447917 0.0699074 
0 0.96875 0.76088 0.0385417 0.0708333 
0 0.172786 0.614583 0.0393229 0.0782407 
0 0.23125 0.0571759 0.04375 0.0949074 
0 0.0777344 0.31088 0.0408854 0.0560185 
0 0.341797 0.099537 0.0565104 0.0574074 
0 0.226562 0.184491 0.0520833 0.104167 
0 0.583073 0.296991 0.034375 0.0782407 
0 0.315365 0.746991 0.0375 0.0615741 
0 0.639583 0.19838 0.0333333 0.0967593 
0 0.426823 0.376389 0.040625 0.0444444 
0 0.371745 0.159259 0.0242187 0.0944444 
0 0.27487 0.750694 0.0419271 0.0986111 
0 0.755859 0.0314815 0.0523437 0.0574074 
0 0.507422 0.571528 0.0367187 0.106944 
0 0.20026 0.347222 0.0442708 0.0712963 
0 0.100781 0.361111 0.0234375 0.0916667 
0 0.991276 0.599769 0.0153646 0.0810185 
0 0.28776 0.64838 0.0552083 0.0773148 
0 0.704687 0.566435 0.0390625 0.0680556 
0 0.757812 0.181944 0.046875 0.0592593 
