0 0.270182 0.315278 0.0445312 0.141667 
0 0.782292 0.255556 0.0692708 0.102778 
0 0.195833 0.452778 0.0692708 0.0981481 
0 0.382292 0.259028 0.0546875 0.111574 
0 0.278385 0.104861 0.0375 0.152315 
0 0.10599 0.32037 0.0505208 0.167593 
0 0.0790365 0.953241 0.0372396 0.0796296 
0 0.123828 0.623611 0.0367187 0.0777778 
0 0.598568 0.582407 0.0335938 0.0666667 
0 0.605078 0.169444 0.0554687 0.187037 
0 0.284896 0.843287 0.0421875 0.108796 
0 0.651432 0.575231 0.0367187 0.0726852 
0 0.89987 0.899306 0.0596354 0.130093 
0 0.475521 0.589583 0.0807292 0.0875 
0 0.477474 0.121296 0.0351562 0.062963 
0 0.435026 0.778241 0.0596354 0.127778 
0 0.0872396 0.507407 0.084375 0.0740741 
0 0.725521 0.72662 0.034375 0.127315 
0 0.89362 0.462269 0.149219 0.0902778 
0 0.192318 0.856019 0.0330729 0.116667 
0 0.293229 0.395602 0.0755208 0.0680556 
0 0.907682 0.609028 0.0372396 0.0837963 
0 0.833073 0.630787 0.0432292 0.0606481 
0 0.727474 0.280093 0.0299479 0.116667 
0 0.526823 0.372454 0.0463542 0.0884259 
0 0.679167 0.611574 0.0484375 0.0796296 
0 0.740234 0.62963 0.0476562 0.0972222 
0 0.248568 0.896759 0.0351562 0.0611111 
0 0.626562 0.0606481 0.0354167 0.101852 
0 0.81888 0.876157 0.0679687 0.0912037 
0 0.304688 0.482176 0.0916667 0.0893519 
0 0.0626302 0.74213 0.0471354 0.0731481 
0 0.416667 0.677083 0.0515625 0.0856481 
0 0.0294271 0.186111 0.040625 0.0694444 
0 0.352734 0.901852 0.0393229 0.0925926 
0 0.960026 0.895833 0.0523437 0.113889 
0 0.492969 0.413426 0.059375 0.0703704 
0 0.858333 0.454861 0.0932292 0.0708333 
