0 0.940365 0.171759 0.0359375 0.166667 
0 0.811979 0.542593 0.0380208 0.0703704 
0 0.791536 0.194213 0.0648438 0.0976852 
0 0.839323 0.18287 0.053125 0.062963 
0 0.895573 0.259954 0.0255208 0.0856481 
0 0.9 0.376389 0.0375 0.139815 
0 0.837891 0.846296 0.0450521 0.148148 
0 0.432161 0.716435 0.0658854 0.0634259 
0 0.26901 0.684028 0.0671875 0.127315 
0 0.746094 0.376389 0.0666667 0.0768519 
0 0.58151 0.488657 0.0645833 0.0717593 
0 0.70013 0.299306 0.0419271 0.120833 
0 0.501562 0.526157 0.0427083 0.0671296 
0 0.0627604 0.515741 0.0692708 0.139815 
0 0.766146 0.702315 0.0614583 0.0657407 
0 0.886719 0.659259 0.0276042 0.10463 
0 0.345443 0.401157 0.0736979 0.0634259 
0 0.797917 0.631019 0.071875 0.0648148 
0 0.586458 0.586343 0.0463542 0.0893519 
0 0.891146 0.780787 0.0526042 0.0736111 
0 0.483984 0.669676 0.0726563 0.0726852 
