0 0.55026 0.337269 0.0630208 0.155093 
0 0.819401 0.0895833 0.113281 0.0967593 
0 0.652865 0.246528 0.040625 0.126389 
0 0.683594 0.116898 0.0703125 0.143056 
0 0.722135 0.463194 0.0484375 0.0800926 
0 0.641536 0.528241 0.0466146 0.182407 
0 0.534635 0.264815 0.0708333 0.142593 
0 0.417578 0.263657 0.0502604 0.0921296 
0 0.691406 0.402778 0.0833333 0.0814815 
0 0.372786 0.628472 0.0611979 0.0662037 
0 0.219271 0.246065 0.0692708 0.0662037 
0 0.783203 0.3875 0.0403646 0.0944444 
0 0.22474 0.690046 0.0567708 0.0912037 
0 0.1375 0.181481 0.0348958 0.134259 
0 0.161849 0.7 0.0638021 0.0592593 
0 0.555599 0.103704 0.0513021 0.197222 
0 0.652865 0.860648 0.0458333 0.134259 
0 0.520964 0.57037 0.0882813 0.212037 
0 0.470313 0.0400463 0.06875 0.075463 
0 0.311979 0.269676 0.0770833 0.0597222 
0 0.0309896 0.241435 0.0619792 0.0643518 
0 0.119271 0.845602 0.0651042 0.169907 
0 0.66849 0.572222 0.0338542 0.110185 
0 0.0477865 0.953009 0.0575521 0.074537 
0 0.274479 0.558565 0.0380208 0.114352 
0 0.112109 0.285185 0.0648438 0.0666667 
0 0.435026 0.7 0.0559896 0.0453704 
0 0.0326823 0.299769 0.0549479 0.0606481 
0 0.0634115 0.19537 0.0549479 0.0601852 
0 0.426823 0.132639 0.0541667 0.0597222 
0 0.29388 0.70463 0.0617188 0.0490741 
0 0.520964 0.709028 0.0434896 0.0560185 
0 0.506771 0.143287 0.0421875 0.0708333 
0 0.118229 0.59537 0.0541667 0.112037 
0 0.307161 0.0243056 0.0393229 0.0486111 
0 0.679167 0.461806 0.0307292 0.0550926 
0 0.372135 0.522685 0.0421875 0.127778 
0 0.0839844 0.0851852 0.0408854 0.062037 
0 0.370313 0.158796 0.05 0.0564815 
0 0.51263 0.200926 0.0486979 0.151852 
0 0.866146 0.292593 0.0333333 0.0768519 
0 0.320312 0.783565 0.0432292 0.141204 
0 0.0485677 0.116435 0.0408854 0.0569444 
0 0.476302 0.978704 0.122917 0.0425926 
0 0.0851562 0.362731 0.0609375 0.0523148 
0 0.299349 0.878935 0.0408854 0.101389 
0 0.384375 0.965278 0.0598958 0.0648148 
0 0.40651 0.396759 0.0479167 0.12037 
0 0.35 0.34537 0.0697917 0.0722222 
0 0.210026 0.0231481 0.0580729 0.0462963 
0 0.352995 0.908102 0.0382813 0.105093 
0 0.441667 0.920139 0.0885417 0.0680556 
