0 0.596094 0.178009 0.0755208 0.1125 
0 0.233724 0.650926 0.0388021 0.0796296 
0 0.299479 0.182407 0.0635417 0.0805556 
0 0.870182 0.446065 0.0372396 0.10787 
0 0.120443 0.094213 0.0481771 0.0875 
0 0.517578 0.105787 0.0664062 0.0662037 
0 0.571745 0.11875 0.0429688 0.0560185 
0 0.367188 0.425926 0.0385417 0.110185 
0 0.645052 0.0423611 0.0401042 0.0800926 
0 0.405208 0.846296 0.0744792 0.075 
0 0.349089 0.712731 0.0549479 0.075463 
0 0.455078 0.0840278 0.0455729 0.143981 
0 0.92526 0.0502315 0.090625 0.0875 
0 0.182943 0.0925926 0.0419271 0.167593 
0 0.845703 0.371528 0.0658854 0.0578704 
0 0.0541667 0.928935 0.0546875 0.0634259 
0 0.760156 0.14838 0.0385417 0.099537 
0 0.261198 0.843287 0.0369792 0.146759 
0 0.153125 0.906944 0.034375 0.087963 
0 0.663151 0.564815 0.0403646 0.0611111 
0 0.205078 0.576389 0.0617188 0.0888889 
0 0.636719 0.914815 0.0807292 0.0907407 
0 0.553776 0.375 0.0523437 0.0592593 
0 0.874089 0.890741 0.0919271 0.0574074 
0 0.215365 0.796991 0.0411458 0.0773148 
0 0.717708 0.125 0.0614583 0.0574074 
0 0.0236979 0.62662 0.0473958 0.0643518 
0 0.0277344 0.342593 0.0513021 0.0842593 
0 0.301432 0.840278 0.0460938 0.107407 
0 0.851562 0.0243056 0.0447917 0.0486111 
0 0.971615 0.874306 0.0546875 0.0837963 
0 0.603516 0.310648 0.0690104 0.121296 
0 0.162109 0.391435 0.0372396 0.108796 
0 0.594661 0.530324 0.0403646 0.141204 
0 0.261979 0.392593 0.0515625 0.0703704 
0 0.444661 0.603009 0.0309896 0.0717593 
0 0.885286 0.976157 0.0476562 0.0476852 
0 0.176302 0.250694 0.0307292 0.129167 
