0 0.504427 0.394213 0.0708333 0.0643518 
0 0.533203 0.828009 0.0632813 0.10787 
0 0.76276 0.652315 0.115625 0.0777778 
0 0.540104 0.318519 0.0520833 0.0944444 
0 0.346615 0.474074 0.0375 0.0527778 
0 0.76224 0.79838 0.090625 0.0587963 
0 0.761719 0.497917 0.0572917 0.0856481 
0 0.501953 0.624074 0.0539063 0.0944444 
0 0.520573 0.212269 0.0239583 0.0736111 
0 0.259766 0.642824 0.0335938 0.0791667 
0 0.763672 0.14375 0.0372396 0.14213 
0 0.42474 0.160648 0.0390625 0.075 
0 0.380599 0.649537 0.0419271 0.0555556 
0 0.835026 0.127546 0.105469 0.0699074 
0 0.666536 0.540741 0.0544271 0.0675926 
0 0.208073 0.233565 0.0651042 0.0439815 
0 0.711328 0.451389 0.0679687 0.0583333 
0 0.802344 0.204167 0.071875 0.111111 
0 0.295573 0.849769 0.0380208 0.1125 
0 0.495313 0.0446759 0.0427083 0.0893519 
0 0.596745 0.827315 0.0263021 0.0898148 
0 0.55612 0.525231 0.0466146 0.0643518 
0 0.433073 0.262269 0.0708333 0.0615741 
0 0.460156 0.126157 0.0244792 0.104167 
0 0.115885 0.519907 0.0390625 0.0777778 
0 0.346875 0.19537 0.0609375 0.0564815 
0 0.582031 0.229398 0.0375 0.104167 
0 0.714323 0.372917 0.0859375 0.0662037 
0 0.801693 0.525926 0.0648438 0.0537037 
0 0.111719 0.186111 0.0203125 0.0685185 
0 0.622135 0.56875 0.0557292 0.0902778 
0 0.479557 0.731713 0.0367187 0.0449074 
0 0.836849 0.0261574 0.0783854 0.0523148 
0 0.034375 0.124306 0.0666667 0.0449074 
0 0.130729 0.206713 0.0458333 0.0412037 
0 0.0907552 0.244444 0.0460938 0.0416667 
0 0.412109 0.318287 0.0398437 0.0375 
0 0.360026 0.541667 0.0528646 0.0768519 
0 0.47487 0.770833 0.0450521 0.0712963 
0 0.435547 0.940046 0.0330729 0.0597222 
0 0.647396 0.873611 0.0317708 0.0953704 
0 0.147656 0.276852 0.04375 0.0453704 
0 0.714844 0.75162 0.05625 0.0439815 
0 0.61276 0.372917 0.0390625 0.0930556 
0 0.35625 0.0393519 0.046875 0.0657407 
0 0.794531 0.355093 0.0385417 0.0361111 
0 0.151693 0.074537 0.0533854 0.0490741 
0 0.139583 0.693287 0.0395833 0.0884259 
0 0.385807 0.486574 0.0393229 0.0722222 
0 0.308724 0.782639 0.0565104 0.0652778 
0 0.752865 0.851389 0.0401042 0.111111 
0 0.041276 0.508333 0.0471354 0.0453704 
0 0.264583 0.914815 0.053125 0.0564815 
0 0.185807 0.183565 0.0450521 0.0652778 
0 0.613281 0.921759 0.0338542 0.111111 
0 0.384245 0.367593 0.0471354 0.075 
0 0.286849 0.403241 0.0502604 0.087963 
0 0.309115 0.0430556 0.0598958 0.0740741 
0 0.278646 0.688889 0.0333333 0.0768519 
0 0.0417969 0.579861 0.0367187 0.0467593 
0 0.730078 0.543056 0.0617188 0.125 
0 0.0259115 0.803704 0.0398437 0.0592593 
0 0.315625 0.948611 0.0520833 0.0685185 
0 0.478776 0.330787 0.0632813 0.0412037 
0 0.388411 0.143056 0.0294271 0.0388889 
0 0.272656 0.559028 0.0270833 0.104167 
0 0.0592448 0.352546 0.0403646 0.0486111 
0 0.211719 0.434954 0.040625 0.0597222 
0 0.294922 0.631481 0.0460938 0.0546296 
0 0.096224 0.391435 0.0408854 0.0560185 
0 0.597656 0.973148 0.0635417 0.0537037 
0 0.5625 0.604167 0.0291667 0.113889 
0 0.71237 0.593287 0.0575521 0.0699074 
0 0.0242187 0.333796 0.025 0.0694444 
0 0.166406 0.552083 0.0427083 0.049537 
0 0.335677 0.316435 0.0322917 0.0699074 
0 0.617708 0.639583 0.0333333 0.0782407 
0 0.535156 0.109954 0.0880208 0.0967593 
0 0.135286 0.591204 0.0507812 0.0703704 
0 0.356901 0.980556 0.0481771 0.0388889 
0 0.502474 0.44838 0.0330729 0.0402778 
0 0.182161 0.454861 0.0351562 0.0958333 
0 0.207682 0.349074 0.0273438 0.075 
0 0.657292 0.340509 0.0489583 0.049537 
0 0.602083 0.53912 0.0421875 0.0430556 
0 0.401953 0.0351852 0.0351562 0.0703704 
0 0.176172 0.569444 0.0429688 0.0546296 
0 0.119922 0.06875 0.0320312 0.074537 
