0 0.501042 0.19375 0.0494792 0.11713 
0 0.738672 0.215278 0.0617188 0.135185 
0 0.445052 0.0918982 0.0390625 0.0569444 
0 0.654818 0.841204 0.0356771 0.107407 
0 0.726953 0.447917 0.0419271 0.184722 
0 0.41237 0.595139 0.0486979 0.0541667 
0 0.5625 0.265046 0.0765625 0.0615741 
0 0.676302 0.405093 0.0317708 0.0722222 
0 0.583594 0.149306 0.0526042 0.101389 
0 0.452865 0.17963 0.05 0.0685185 
0 0.799349 0.124769 0.0674479 0.0625 
0 0.578646 0.0652778 0.0942708 0.0638889 
0 0.70651 0.578935 0.0442708 0.049537 
0 0.344271 0.628935 0.0864583 0.0708333 
0 0.197135 0.674537 0.0484375 0.0925926 
0 0.281771 0.536111 0.0677083 0.0481481 
0 0.55026 0.355093 0.0911458 0.0648148 
0 0.16901 0.152778 0.0505208 0.062037 
0 0.336849 0.24375 0.0278646 0.0486111 
0 0.486589 0.848611 0.0617188 0.0898148 
0 0.525911 0.941898 0.0606771 0.0680556 
0 0.708984 0.932407 0.0367187 0.125 
0 0.422135 0.901852 0.0385417 0.137963 
0 0.167057 0.599074 0.0570313 0.0462963 
0 0.327865 0.0914352 0.03125 0.106019 
0 0.0351562 0.279398 0.0703125 0.0421296 
0 0.751042 0.826389 0.0328125 0.125 
0 0.635677 0.516435 0.0473958 0.0699074 
0 0.142578 0.0405093 0.0414063 0.0782407 
0 0.158854 0.896759 0.0588542 0.0722222 
0 0.486589 0.77037 0.0653646 0.0657407 
0 0.589844 0.590741 0.0369792 0.0740741 
0 0.691406 0.171759 0.0338542 0.211111 
0 0.26888 0.846296 0.0393229 0.0981481 
0 0.497786 0.548148 0.0664062 0.101852 
0 0.475391 0.305787 0.0554687 0.074537 
0 0.229427 0.12037 0.0635417 0.0564815 
0 0.610417 0.509954 0.0348958 0.104167 
0 0.352083 0.975 0.059375 0.05 
0 0.0520833 0.715972 0.0322917 0.0560185 
0 0.569792 0.59375 0.0380208 0.0828704 
0 0.0320312 0.795139 0.0463542 0.0560185 
0 0.0544271 0.655787 0.0463542 0.0699074 
0 0.364714 0.0335648 0.0320312 0.0652778 
0 0.442839 0.307407 0.0351562 0.127778 
0 0.52487 0.703472 0.0721354 0.0976852 
0 0.567448 0.690046 0.0427083 0.0634259 
0 0.272917 0.962731 0.0385417 0.0708333 
0 0.229557 0.300463 0.0408854 0.0851852 
0 0.578125 0.785417 0.0609375 0.0615741 
0 0.656771 0.963657 0.0385417 0.0662037 
0 0.588932 0.0194444 0.0450521 0.0388889 
0 0.0759115 0.897685 0.0653646 0.0518519 
0 0.130078 0.218056 0.0403646 0.0787037 
0 0.295443 0.664352 0.0559896 0.0666667 
0 0.227734 0.250231 0.0580729 0.0458333 
0 0.15638 0.411806 0.0429688 0.105093 
0 0.401953 0.492593 0.0585938 0.0601852 
0 0.413281 0.130556 0.0270833 0.118519 
0 0.276563 0.627778 0.0369792 0.0648148 
