0 0.714844 0.313426 0.0390625 0.0518519 
0 0.686458 0.256944 0.0588542 0.0490741 
0 0.673828 0.0388889 0.0440104 0.0768519 
0 0.733333 0.258102 0.0317708 0.0912037 
0 0.628906 0.64838 0.03125 0.0847222 
0 0.605469 0.300463 0.0302083 0.0768519 
0 0.656771 0.459259 0.04375 0.0527778 
0 0.542448 0.186806 0.040625 0.050463 
0 0.457031 0.446296 0.0385417 0.0407407 
0 0.396354 0.65787 0.040625 0.0490741 
0 0.580078 0.284259 0.0257812 0.0444444 
0 0.594271 0.118519 0.0390625 0.0444444 
0 0.500521 0.566898 0.0421875 0.0662037 
0 0.535547 0.494213 0.0252604 0.0763889 
0 0.657682 0.896528 0.0351562 0.0671296 
0 0.603516 0.472222 0.0263021 0.0972222 
0 0.498047 0.475 0.0341146 0.0444444 
0 0.215625 0.037037 0.0494792 0.0675926 
0 0.597656 0.839815 0.0421875 0.0518519 
0 0.276823 0.416204 0.0442708 0.0787037 
0 0.727474 0.56875 0.0466146 0.0587963 
0 0.358984 0.645833 0.0450521 0.0527778 
0 0.515234 0.713426 0.0325521 0.0768519 
0 0.823177 0.0740741 0.0729167 0.0546296 
0 0.170964 0.0923611 0.0455729 0.0578704 
0 0.476823 0.0303241 0.040625 0.0560185 
0 0.472656 0.823611 0.0432292 0.0518519 
0 0.201172 0.574769 0.0398437 0.0587963 
0 0.561979 0.787731 0.0494792 0.0523148 
0 0.924349 0.324537 0.0424479 0.0722222 
0 0.505469 0.954861 0.0411458 0.0884259 
0 0.311719 0.576852 0.0447917 0.037037 
0 0.671875 0.421759 0.0322917 0.0916667 
0 0.338411 0.0328704 0.0502604 0.0657407 
0 0.422917 0.199074 0.0541667 0.0416667 
0 0.467448 0.607176 0.0354167 0.0513889 
0 0.0872396 0.366204 0.0385417 0.0490741 
0 0.859896 0.147222 0.0369792 0.0731481 
0 0.602604 0.980093 0.0494792 0.0398148 
