0 0.108333 0.382639 0.0614583 0.0856481 
0 0.672266 0.265972 0.0486979 0.0865741 
0 0.625 0.263657 0.0703125 0.0875 
0 0.710938 0.278704 0.0401042 0.0694444 
0 0.722135 0.648843 0.0479167 0.099537 
0 0.569271 0.296296 0.0411458 0.062037 
0 0.923828 0.427778 0.0643229 0.0712963 
0 0.130208 0.506944 0.0859375 0.0638889 
0 0.538542 0.843287 0.0619792 0.074537 
0 0.829167 0.797685 0.0645833 0.103704 
0 0.824219 0.191898 0.04375 0.0643518 
0 0.137891 0.0423611 0.0580729 0.074537 
0 0.83151 0.421296 0.0921875 0.1 
0 0.666016 0.339352 0.0773437 0.0805556 
0 0.973177 0.628472 0.0489583 0.0763889 
0 0.841276 0.282407 0.0408854 0.101852 
0 0.097526 0.657176 0.0674479 0.0763889 
0 0.198958 0.462269 0.0536458 0.0763889 
