0 0.102865 0.6875 0.0671875 0.173148 
0 0.109766 0.492593 0.0669271 0.101852 
0 0.507422 0.616204 0.0341146 0.0759259 
0 0.18099 0.149306 0.0375 0.153241 
0 0.688411 0.293056 0.0638021 0.0953704 
0 0.174349 0.352546 0.0419271 0.136574 
0 0.49388 0.210417 0.0476562 0.193056 
0 0.296354 0.299074 0.0447917 0.0925926 
0 0.786589 0.503472 0.150781 0.0847222 
0 0.515104 0.103472 0.0447917 0.0958333 
0 0.664062 0.658333 0.0463542 0.0944444 
0 0.644922 0.761343 0.0335938 0.126389 
0 0.207943 0.883796 0.0440104 0.110185 
0 0.460677 0.0428241 0.0354167 0.0856481 
0 0.01875 0.365741 0.03125 0.166667 
0 0.0419271 0.663889 0.0375 0.0712963 
0 0.119792 0.89838 0.03125 0.119907 
0 0.635677 0.320139 0.025 0.122685 
0 0.75638 0.660648 0.0544271 0.0555556 
0 0.291276 0.934722 0.0382813 0.0990741 
0 0.938932 0.847222 0.0757812 0.0694444 
0 0.204948 0.433796 0.0786458 0.0694444 
0 0.4375 0.409259 0.0588542 0.0962963 
0 0.943359 0.725694 0.0486979 0.0847222 
0 0.20612 0.524306 0.103385 0.0902778 
0 0.417448 0.746528 0.0479167 0.0902778 
0 0.385286 0.617361 0.0486979 0.0689815 
0 0.579167 0.184722 0.0442708 0.0574074 
0 0.624479 0.661111 0.0557292 0.0981481 
0 0.450521 0.477315 0.0869792 0.105556 
0 0.486849 0.691435 0.0341146 0.0949074 
0 0.316406 0.7125 0.0619792 0.1 
0 0.861849 0.509259 0.0377604 0.0824074 
0 0.328125 0.506019 0.0489583 0.0703704 
0 0.771484 0.950463 0.0372396 0.0953704 
0 0.581641 0.65162 0.0528646 0.0773148 
0 0.180859 0.934028 0.0341146 0.0634259 
0 0.739714 0.89838 0.0513021 0.0773148 
0 0.377865 0.8125 0.0463542 0.0907407 
0 0.255859 0.83912 0.0596354 0.0875 
0 0.902734 0.178472 0.0346354 0.0421296 
0 0.883203 0.90625 0.0580729 0.122685 
0 0.42526 0.639815 0.0421875 0.0546296 
0 0.515104 0.521759 0.0458333 0.0898148 
0 0.825651 0.894213 0.0372396 0.102315 
