0 0.724089 0.308333 0.0960938 0.175926 
0 0.414062 0.290741 0.0692708 0.137037 
0 0.328385 0.840278 0.0671875 0.062037 
0 0.250781 0.152778 0.0557292 0.0898148 
0 0.332031 0.23588 0.0401042 0.154167 
0 0.413021 0.717824 0.0645833 0.118981 
0 0.707031 0.196065 0.0583333 0.113426 
0 0.646484 0.762963 0.0476562 0.0777778 
0 0.260026 0.669676 0.0361979 0.0893519 
0 0.540495 0.480556 0.0513021 0.108333 
0 0.455339 0.413889 0.0393229 0.0611111 
0 0.599609 0.66713 0.0539063 0.113889 
0 0.46237 0.171065 0.0476562 0.0569444 
0 0.730469 0.649769 0.0234375 0.0606481 
0 0.478646 0.506019 0.0317708 0.134259 
0 0.602083 0.91412 0.0338542 0.150463 
0 0.349349 0.712963 0.0893229 0.122222 
0 0.225911 0.884028 0.0252604 0.050463 
0 0.546354 0.714352 0.0260417 0.0462963 
0 0.57474 0.489352 0.034375 0.201852 
0 0.500911 0.910648 0.0382813 0.175926 
0 0.191276 0.142593 0.0648438 0.0601852 
0 0.240495 0.53912 0.0617188 0.0597222 
0 0.517969 0.242593 0.115104 0.0796296 
0 0.266406 0.456944 0.0390625 0.133333 
0 0.241927 0.594444 0.0630208 0.0574074 
0 0.354557 0.481713 0.0388021 0.1375 
0 0.557682 0.10787 0.0414063 0.0953704 
0 0.470182 0.794676 0.0575521 0.0513889 
0 0.279297 0.721759 0.0393229 0.0583333 
0 0.333984 0.623843 0.0476562 0.123611 
0 0.435156 0.583333 0.0354167 0.0648148 
0 0.102083 0.644213 0.06875 0.101389 
0 0.130078 0.377315 0.0419271 0.075 
0 0.301693 0.345139 0.0591146 0.0810185 
0 0.555078 0.829398 0.0356771 0.0578704 
0 0.516667 0.549074 0.0567708 0.0657407 
0 0.509766 0.612731 0.0403646 0.0421296 
0 0.501953 0.8125 0.0455729 0.0462963 
0 0.163281 0.688889 0.0453125 0.0555556 
0 0.11901 0.928935 0.0380208 0.110648 
0 0.14974 0.293056 0.0395833 0.105556 
0 0.458724 0.8875 0.0388021 0.0537037 
0 0.575651 0.975231 0.0393229 0.049537 
0 0.607422 0.736111 0.0377604 0.0453704 
0 0.464453 0.603472 0.0471354 0.0949074 
0 0.0385417 0.837269 0.0583333 0.0671296 
0 0.0927083 0.496991 0.0317708 0.0819444 
0 0.410417 0.409028 0.034375 0.0662037 
0 0.0654948 0.76412 0.0528646 0.0615741 
0 0.303776 0.41875 0.0320312 0.0430556 
0 0.0821615 0.617593 0.0309896 0.0462963 
0 0.670964 0.670602 0.0179687 0.0615741 
0 0.317839 0.0810185 0.0549479 0.0611111 
