0 0.942448 0.405556 0.0802083 0.298148 
0 0.586458 0.29838 0.0375 0.0773148 
0 0.18138 0.697454 0.0450521 0.194907 
0 0.318359 0.240972 0.0648438 0.0847222 
0 0.204167 0.322454 0.0901042 0.190278 
0 0.517057 0.0895833 0.0554687 0.0976852 
0 0.106641 0.675 0.0835937 0.150926 
0 0.201302 0.954398 0.108333 0.0912037 
0 0.0364583 0.673843 0.06875 0.145833 
0 0.5625 0.954167 0.04375 0.0888889 
0 0.397396 0.711343 0.0494792 0.116204 
0 0.863281 0.572917 0.0546875 0.114352 
0 0.854948 0.912269 0.0463542 0.145833 
0 0.0342448 0.780787 0.0627604 0.0699074 
0 0.912109 0.793287 0.0429688 0.0819444 
0 0.61276 0.865972 0.0744792 0.0912037 
0 0.720182 0.0277778 0.0622396 0.0555556 
0 0.458984 0.89838 0.0638021 0.166204 
0 0.554688 0.737037 0.0661458 0.114815 
