0 0.895052 0.489583 0.0359375 0.158796 
0 0.679688 0.30625 0.0390625 0.129167 
0 0.914583 0.184259 0.0348958 0.151852 
0 0.261198 0.631481 0.0505208 0.10463 
0 0.41888 0.865046 0.0533854 0.0560185 
0 0.576172 0.59213 0.0408854 0.0833333 
0 0.760677 0.220833 0.0317708 0.0638889 
0 0.827083 0.865741 0.04375 0.0777778 
0 0.0735677 0.794676 0.0575521 0.0875 
0 0.264714 0.521759 0.0617188 0.0648148 
0 0.38151 0.622454 0.0463542 0.148611 
0 0.865234 0.642361 0.0835937 0.0865741 
0 0.727995 0.123148 0.0419271 0.102778 
0 0.580469 0.432176 0.0479167 0.0763889 
0 0.24388 0.206481 0.0471354 0.0722222 
0 0.941797 0.248148 0.0445312 0.0722222 
0 0.835938 0.220602 0.04375 0.0606481 
0 0.687109 0.725694 0.0315104 0.0810185 
0 0.989714 0.453009 0.0184896 0.105093 
0 0.55625 0.731019 0.0567708 0.0740741 
0 0.770443 0.750463 0.0731771 0.0842593 
0 0.750911 0.302083 0.0377604 0.050463 
0 0.538932 0.317824 0.0507812 0.0791667 
0 0.558594 0.368519 0.0401042 0.0935185 
0 0.803646 0.518981 0.0401042 0.12963 
0 0.70013 0.515509 0.0565104 0.0708333 
0 0.313411 0.808565 0.0606771 0.0671296 
0 0.0201823 0.837269 0.0403646 0.0523148 
0 0.166927 0.631944 0.0515625 0.0731481 
0 0.375911 0.325231 0.0309896 0.0476852 
0 0.494661 0.374769 0.0481771 0.0412037 
0 0.744141 0.398148 0.0601562 0.0638889 
0 0.108203 0.702778 0.0507812 0.12963 
0 0.763672 0.565509 0.0591146 0.0662037 
0 0.969661 0.48912 0.0440104 0.0449074 
