0 0.525391 0.0935185 0.0726563 0.125926 
0 0.866146 0.299074 0.0546875 0.137037 
0 0.920833 0.429398 0.0463542 0.0671296 
0 0.0615885 0.374074 0.0351562 0.126852 
0 0.543359 0.952778 0.0408854 0.0944444 
0 0.339583 0.4 0.034375 0.0990741 
0 0.400651 0.353241 0.0460938 0.10463 
0 0.927734 0.642824 0.0622396 0.122685 
0 0.665625 0.304398 0.0609375 0.100463 
0 0.261719 0.694907 0.0666667 0.0703704 
0 0.86862 0.551157 0.0388021 0.0560185 
0 0.908203 0.143287 0.0419271 0.109722 
0 0.133594 0.534028 0.0802083 0.0671296 
0 0.144661 0.628935 0.0726563 0.0699074 
0 0.053125 0.235185 0.0744792 0.112963 
0 0.0876302 0.829861 0.0481771 0.0939815 
0 0.778385 0.863889 0.0739583 0.0824074 
0 0.33112 0.547917 0.0377604 0.143981 
0 0.194922 0.283333 0.0575521 0.114815 
0 0.668359 0.591898 0.0976562 0.135648 
0 0.836849 0.506019 0.0403646 0.121296 
0 0.963802 0.713194 0.0578125 0.0671296 
0 0.377474 0.743981 0.0434896 0.0962963 
0 0.223307 0.436806 0.0372396 0.0699074 
0 0.223307 0.513194 0.0460938 0.0773148 
0 0.792057 0.422222 0.0419271 0.0861111 
0 0.583073 0.0877315 0.053125 0.0763889 
0 0.563411 0.370833 0.0335938 0.0814815 
0 0.48099 0.824074 0.0442708 0.110185 
0 0.598047 0.363889 0.0429688 0.0574074 
0 0.483854 0.568519 0.0572917 0.0675926 
0 0.0190104 0.290741 0.0364583 0.0740741 
0 0.743099 0.12037 0.0726563 0.169444 
0 0.7125 0.833102 0.0546875 0.100463 
0 0.877995 0.628472 0.0507812 0.0532407 
0 0.0201823 0.384722 0.0393229 0.0861111 
0 0.728125 0.740509 0.0552083 0.120833 
0 0.24362 0.329167 0.0544271 0.0777778 
0 0.427995 0.59838 0.0398437 0.105093 
0 0.214974 0.81088 0.0554687 0.099537 
0 0.360938 0.211111 0.0682292 0.0694444 
0 0.273828 0.957407 0.0648438 0.0842593 
0 0.286849 0.261343 0.0611979 0.0587963 
0 0.15651 0.704861 0.0328125 0.049537 
0 0.717318 0.108102 0.0361979 0.0606481 
0 0.0429688 0.866435 0.0411458 0.0856481 
0 0.755469 0.0608796 0.0635417 0.121759 
0 0.376953 0.907176 0.0617188 0.0912037 
0 0.661198 0.794444 0.0489583 0.0907407 
