0 0.269792 0.379861 0.0515625 0.0949074 
0 0.636198 0.0789352 0.0505208 0.0810185 
0 0.816927 0.584954 0.0447917 0.0773148 
0 0.76263 0.675231 0.0382813 0.0689815 
0 0.158073 0.177546 0.0583333 0.0625 
0 0.724609 0.130787 0.0606771 0.0736111 
0 0.447266 0.0701389 0.0544271 0.0708333 
0 0.369661 0.197917 0.0398437 0.075463 
0 0.0335938 0.147685 0.0453125 0.0981481 
0 0.194271 0.243981 0.0416667 0.075 
0 0.604036 0.619213 0.0367187 0.0800926 
0 0.777865 0.200926 0.04375 0.0601852 
0 0.459505 0.147685 0.0299479 0.0787037 
0 0.976042 0.747454 0.0427083 0.0847222 
0 0.0705729 0.494907 0.0598958 0.0518519 
0 0.483464 0.351157 0.0289063 0.0949074 
0 0.425781 0.25787 0.0453125 0.0888889 
0 0.110286 0.621528 0.0445312 0.0921296 
0 0.872005 0.483102 0.0434896 0.0837963 
0 0.201953 0.0208333 0.0372396 0.0416667 
0 0.907161 0.240741 0.0429688 0.0481481 
0 0.585938 0.375 0.0411458 0.101852 
0 0.113542 0.178704 0.0421875 0.0546296 
0 0.670964 0.0884259 0.0330729 0.112037 
0 0.949609 0.46875 0.0434896 0.0597222 
0 0.536589 0.32037 0.0440104 0.062963 
0 0.561979 0.158565 0.028125 0.0449074 
0 0.410156 0.0472222 0.0614583 0.0537037 
0 0.611849 0.150694 0.0414063 0.0384259 
0 0.967318 0.5375 0.0309896 0.0490741 
0 0.560026 0.82338 0.0518229 0.0949074 
0 0.431901 0.647917 0.0247396 0.0856481 
0 0.58112 0.223611 0.0283854 0.0546296 
0 0.0893229 0.431481 0.0270833 0.0962963 
0 0.877344 0.260417 0.040625 0.075463 
0 0.25651 0.510417 0.0369792 0.0717593 
0 0.273958 0.200926 0.0640625 0.0601852 
0 0.198177 0.502546 0.05625 0.075463 
0 0.274089 0.0962963 0.0414063 0.062963 
0 0.883854 0.809491 0.0651042 0.104167 
0 0.752474 0.593287 0.0440104 0.0791667 
0 0.201172 0.384028 0.0460938 0.0976852 
