0 0.832031 0.0631944 0.0916667 0.10787 
0 0.704557 0.0729167 0.0596354 0.109722 
0 0.655729 0.178472 0.0635417 0.102315 
0 0.799349 0.756481 0.0367187 0.0805556 
0 0.600521 0.698843 0.0854167 0.0569444 
0 0.557552 0.83588 0.0859375 0.0523148 
0 0.18099 0.805556 0.0578125 0.062037 
0 0.457031 0.300463 0.0578125 0.102778 
0 0.222917 0.745139 0.0651042 0.050463 
0 0.25625 0.503704 0.05625 0.106481 
0 0.441667 0.91412 0.0692708 0.0541667 
0 0.452344 0.15162 0.0765625 0.151389 
0 0.53763 0.0736111 0.0388021 0.0740741 
0 0.580078 0.53125 0.100781 0.0828704 
0 0.75 0.288194 0.0625 0.0569444 
0 0.24362 0.962731 0.0606771 0.074537 
0 0.697266 0.292593 0.0559896 0.0564815 
0 0.0195312 0.978241 0.0333333 0.0425926 
0 0.626432 0.0467593 0.0580729 0.0638889 
0 0.0522135 0.926157 0.0419271 0.0439815 
0 0.121354 0.240509 0.0453125 0.0513889 
0 0.176823 0.345139 0.0354167 0.0986111 
0 0.0824219 0.974769 0.0398437 0.0449074 
0 0.323958 0.227315 0.040625 0.0555556 
0 0.104297 0.896528 0.0419271 0.0476852 
0 0.021224 0.0375 0.0299479 0.0731481 
0 0.470703 0.471065 0.0440104 0.0587963 
0 0.300521 0.962731 0.040625 0.0449074 
0 0.248177 0.105093 0.0359375 0.0675926 
0 0.117057 0.759491 0.0403646 0.0541667 
0 0.315495 0.391898 0.0669271 0.0643518 
0 0.639714 0.378472 0.0315104 0.0569444 
0 0.0713542 0.7375 0.0494792 0.062037 
0 0.311979 0.509028 0.0739583 0.0449074 
0 0.633333 0.340278 0.0421875 0.0490741 
0 0.25638 0.327315 0.0533854 0.0574074 
0 0.339323 0.533796 0.0463542 0.0435185 
0 0.596745 0.324306 0.0424479 0.0458333 
0 0.532161 0.172454 0.0565104 0.0726852 
0 0.116276 0.440278 0.0731771 0.0564815 
0 0.148307 0.895833 0.0367187 0.0537037 
0 0.0561198 0.334028 0.0388021 0.0421296 
0 0.448047 0.840278 0.0325521 0.105556 
0 0.566406 0.407407 0.0463542 0.0842593 
0 0.0753906 0.660185 0.0580729 0.0842593 
0 0.709505 0.465741 0.0408854 0.0592593 
0 0.0591146 0.587963 0.03125 0.062037 
0 0.132682 0.98287 0.0440104 0.0342593 
0 0.353516 0.569444 0.0429688 0.0490741 
0 0.26875 0.885417 0.0317708 0.0699074 
0 0.242188 0.289583 0.0359375 0.0930556 
