0 0.417057 0.470833 0.0382813 0.0944444 
0 0.760677 0.247454 0.0328125 0.139352 
0 0.478906 0.226157 0.0609375 0.0763889 
0 0.409896 0.373148 0.0291667 0.0388889 
0 0.726562 0.620602 0.0328125 0.116204 
0 0.678776 0.258565 0.0346354 0.0541667 
0 0.257552 0.603241 0.046875 0.0703704 
0 0.086849 0.217361 0.0299479 0.0421296 
0 0.603516 0.393287 0.0606771 0.113426 
0 0.676823 0.841204 0.0536458 0.0574074 
0 0.123047 0.214583 0.0252604 0.050463 
0 0.615755 0.203935 0.0523437 0.100463 
0 0.804167 0.0400463 0.0307292 0.0800926 
0 0.704036 0.729398 0.0320312 0.0680556 
0 0.534115 0.154861 0.0359375 0.0939815 
0 0.664062 0.649537 0.0765625 0.0972222 
0 0.367969 0.394213 0.05625 0.0597222 
0 0.38112 0.76088 0.0476562 0.0550926 
0 0.577214 0.159028 0.0372396 0.13287 
0 0.457682 0.377778 0.0549479 0.0796296 
0 0.353516 0.477546 0.0346354 0.0763889 
0 0.622526 0.525231 0.0513021 0.0625 
0 0.66263 0.0449074 0.0440104 0.0898148 
0 0.438151 0.087037 0.0445312 0.0842593 
0 0.408203 0.554861 0.0539063 0.0421296 
0 0.596615 0.660417 0.0369792 0.0689815 
0 0.296875 0.157639 0.0348958 0.0532407 
0 0.270312 0.20787 0.0385417 0.087963 
0 0.0592448 0.276157 0.0414063 0.0541667 
0 0.174609 0.506481 0.0403646 0.0787037 
0 0.041276 0.144907 0.0361979 0.0444444 
0 0.623568 0.720833 0.0346354 0.0685185 
0 0.300521 0.0291667 0.0369792 0.0583333 
0 0.371224 0.0939815 0.0528646 0.062037 
0 0.0875 0.958333 0.0411458 0.0712963 
0 0.380339 0.694444 0.0382813 0.0509259 
0 0.102214 0.40625 0.0460938 0.0625 
0 0.789062 0.630093 0.0755208 0.117593 
0 0.151172 0.865741 0.0596354 0.0462963 
0 0.402604 0.291898 0.0359375 0.0560185 
0 0.108984 0.477778 0.0257812 0.0925926 
0 0.486849 0.0287037 0.0528646 0.0574074 
0 0.534245 0.883796 0.0549479 0.0675926 
0 0.213151 0.881019 0.0190104 0.0648148 
0 0.038151 0.665509 0.0309896 0.0606481 
0 0.232943 0.497917 0.0247396 0.0375 
0 0.109245 0.316204 0.0330729 0.0407407 
0 0.333724 0.763426 0.0471354 0.0805556 
0 0.497135 0.477083 0.0364583 0.0578704 
0 0.621094 0.466204 0.0770833 0.0601852 
0 0.249479 0.0247685 0.03125 0.049537 
0 0.159635 0.228704 0.0333333 0.0814815 
0 0.126563 0.246759 0.0354167 0.0537037 
0 0.564453 0.630787 0.0309896 0.0643518 
0 0.470182 0.511343 0.0247396 0.10787 
0 0.653255 0.425926 0.0674479 0.062037 
0 0.616276 0.829861 0.0716146 0.116204 
0 0.599219 0.907176 0.0348958 0.0606481 
0 0.179036 0.317361 0.0299479 0.0430556 
0 0.164974 0.3625 0.0346354 0.0546296 
0 0.438151 0.886343 0.0507812 0.074537 
0 0.480729 0.303704 0.0229167 0.0962963 
0 0.180469 0.751389 0.0427083 0.0657407 
0 0.0334635 0.60463 0.0372396 0.0648148 
0 0.143229 0.64537 0.0489583 0.0833333 
0 0.2375 0.0476852 0.0447917 0.0425926 
0 0.0239583 0.0256944 0.0296875 0.050463 
0 0.554167 0.505787 0.0255208 0.0532407 
0 0.549349 0.402083 0.0445312 0.0421296 
0 0.298307 0.285648 0.0278646 0.0722222 
0 0.503385 0.883796 0.0333333 0.0768519 
0 0.459245 0.784722 0.0476562 0.05 
0 0.258854 0.766435 0.0317708 0.0680556 
0 0.495052 0.0659722 0.0463542 0.0680556 
0 0.578125 0.340972 0.0354167 0.0578704 
0 0.365495 0.0180556 0.0424479 0.0351852 
0 0.351562 0.627546 0.0411458 0.0402778 
0 0.302474 0.527083 0.0236979 0.0662037 
0 0.608464 0.124537 0.0356771 0.0490741 
0 0.240234 0.928009 0.0424479 0.0597222 
0 0.617708 0.587731 0.046875 0.0791667 
0 0.270573 0.392824 0.028125 0.075463 
0 0.238021 0.890509 0.0203125 0.050463 
