0 0.21237 0.0962963 0.0367187 0.115741 
0 0.682682 0.712269 0.0393229 0.0976852 
0 0.780729 0.840278 0.0510417 0.0722222 
0 0.569792 0.852778 0.0333333 0.0611111 
0 0.089974 0.412037 0.0434896 0.0805556 
0 0.385938 0.101389 0.053125 0.0574074 
0 0.902865 0.0780093 0.0760417 0.0810185 
0 0.43138 0.0298611 0.0554687 0.0597222 
0 0.347917 0.0777778 0.0291667 0.0685185 
0 0.683073 0.18588 0.0286458 0.1125 
0 0.759766 0.417593 0.0523437 0.0611111 
0 0.873568 0.240278 0.0382813 0.0416667 
0 0.0251302 0.381019 0.0351562 0.125 
0 0.47526 0.366667 0.0546875 0.0740741 
0 0.266146 0.0543981 0.0421875 0.0884259 
0 0.445703 0.0905093 0.0528646 0.0597222 
0 0.0910156 0.0851852 0.0466146 0.0675926 
0 0.659635 0.336343 0.0479167 0.0625 
0 0.928646 0.213426 0.0270833 0.062037 
0 0.890234 0.689352 0.0533854 0.0537037 
0 0.738281 0.55463 0.0375 0.0842593 
0 0.724089 0.11713 0.0330729 0.102778 
0 0.407292 0.147685 0.025 0.1 
0 0.383984 0.618519 0.0414063 0.0759259 
0 0.23099 0.341898 0.04375 0.0689815 
0 0.526953 0.351389 0.0611979 0.0712963 
0 0.260026 0.18125 0.0502604 0.110648 
0 0.452214 0.804398 0.0674479 0.0699074 
0 0.357422 0.15162 0.0356771 0.0976852 
0 0.800781 0.175463 0.0369792 0.0537037 
0 0.0410156 0.222685 0.0304688 0.0824074 
0 0.745573 0.90625 0.0416667 0.0523148 
0 0.20625 0.615509 0.0442708 0.0791667 
0 0.206771 0.384491 0.0390625 0.0726852 
0 0.64401 0.254167 0.0598958 0.0462963 
0 0.318359 0.205324 0.0445312 0.049537 
0 0.109375 0.312731 0.0421875 0.0560185 
