0 0.601562 0.117824 0.0359375 0.0597222 
0 0.666536 0.155556 0.0325521 0.153704 
0 0.760807 0.173843 0.0648438 0.136574 
0 0.331771 0.576389 0.0395833 0.0555556 
0 0.48724 0.849306 0.0651042 0.0708333 
0 0.508333 0.287731 0.0447917 0.100463 
0 0.457812 0.589583 0.0682292 0.0615741 
0 0.632292 0.794676 0.0682292 0.0782407 
0 0.457552 0.921065 0.0536458 0.0828704 
0 0.591406 0.922685 0.0703125 0.0888889 
0 0.273307 0.319213 0.0539063 0.0467593 
0 0.55612 0.274074 0.0372396 0.0472222 
0 0.697266 0.162963 0.0346354 0.125926 
0 0.841276 0.109028 0.0356771 0.0671296 
0 0.548828 0.224074 0.0611979 0.0555556 
0 0.779297 0.0333333 0.0382813 0.0648148 
0 0.349609 0.407176 0.0445312 0.050463 
0 0.242969 0.158565 0.0432292 0.0458333 
0 0.189714 0.522917 0.0429688 0.0523148 
0 0.265625 0.208565 0.034375 0.0541667 
0 0.590885 0.618519 0.0588542 0.136111 
0 0.471354 0.342361 0.0270833 0.0523148 
0 0.164844 0.785185 0.0442708 0.0675926 
0 0.534115 0.522917 0.0682292 0.0541667 
0 0.0755208 0.231713 0.0489583 0.0402778 
0 0.56888 0.171759 0.0565104 0.0953704 
0 0.414714 0.510417 0.0299479 0.0476852 
0 0.513672 0.0402778 0.0315104 0.0722222 
0 0.33737 0.197917 0.0278646 0.0773148 
0 0.520052 0.688889 0.0578125 0.0481481 
0 0.486068 0.403472 0.0664062 0.0486111 
0 0.388672 0.400694 0.0372396 0.0680556 
0 0.660156 0.4375 0.078125 0.0675926 
0 0.44388 0.339815 0.0315104 0.0462963 
0 0.600651 0.430556 0.0346354 0.0537037 
0 0.117578 0.66875 0.0236979 0.0800926 
0 0.620573 0.387963 0.0609375 0.0527778 
0 0.413932 0.783102 0.0533854 0.0587963 
0 0.801302 0.30787 0.0385417 0.0972222 
0 0.0984375 0.146296 0.0494792 0.0509259 
0 0.220052 0.0916667 0.05 0.0490741 
0 0.71875 0.338194 0.0302083 0.0476852 
0 0.252214 0.794213 0.0455729 0.0689815 
0 0.446354 0.128935 0.0333333 0.0476852 
0 0.141797 0.128704 0.0367187 0.0555556 
0 0.183594 0.374537 0.0276042 0.0342593 
0 0.465625 0.265278 0.0588542 0.0611111 
0 0.326172 0.371759 0.0408854 0.0583333 
0 0.0701823 0.903472 0.0481771 0.0597222 
0 0.25599 0.732639 0.0317708 0.0902778 
0 0.220313 0.549537 0.0447917 0.0638889 
0 0.0766927 0.0798611 0.0393229 0.0550926 
0 0.221875 0.91412 0.0427083 0.0625 
0 0.217187 0.744907 0.0427083 0.0527778 
0 0.0967448 0.350231 0.0768229 0.0671296 
