0 0.928776 0.666667 0.0554687 0.0935185 
0 0.638281 0.246528 0.0479167 0.115278 
0 0.0779948 0.277546 0.0471354 0.131944 
0 0.695703 0.538194 0.0388021 0.0643518 
0 0.311458 0.295139 0.0369792 0.099537 
0 0.75 0.419676 0.0364583 0.0782407 
0 0.782682 0.653704 0.0492188 0.107407 
0 0.560156 0.382639 0.0651042 0.0606481 
0 0.136589 0.305324 0.0460938 0.151389 
0 0.965885 0.514352 0.0552083 0.0833333 
0 0.162109 0.68912 0.0434896 0.0912037 
0 0.626562 0.422222 0.0598958 0.117593 
0 0.379297 0.687963 0.0388021 0.0592593 
0 0.498307 0.454861 0.0559896 0.0736111 
0 0.314844 0.506944 0.0645833 0.0851852 
0 0.82513 0.383796 0.0539063 0.0740741 
0 0.26263 0.753009 0.0507812 0.0893519 
0 0.554167 0.31713 0.0385417 0.0851852 
0 0.108073 0.519213 0.0572917 0.0615741 
0 0.175911 0.338426 0.0315104 0.0703704 
0 0.66263 0.666204 0.0372396 0.0574074 
0 0.0309896 0.573843 0.053125 0.0662037 
0 0.84375 0.955787 0.0442708 0.0689815 
0 0.695312 0.681019 0.0239583 0.075 
0 0.664583 0.595139 0.0260417 0.0976852 
0 0.138672 0.887037 0.0466146 0.0648148 
0 0.146094 0.466667 0.0619792 0.0944444 
0 0.830599 0.439815 0.0372396 0.075 
0 0.569401 0.258565 0.0320312 0.0939815 
0 0.271484 0.527778 0.0346354 0.106481 
0 0.774349 0.552315 0.0721354 0.0916667 
0 0.214062 0.440046 0.0354167 0.118056 
0 0.412109 0.755324 0.0330729 0.0958333 
