0 0.611849 0.26875 0.0263021 0.0875 
0 0.717708 0.272685 0.0359375 0.0509259 
0 0.583984 0.248148 0.0315104 0.0472222 
0 0.692839 0.218056 0.0643229 0.0453704 
0 0.280469 0.402083 0.0385417 0.0736111 
0 0.662109 0.424306 0.0486979 0.0523148 
0 0.681641 0.0215278 0.0403646 0.0430556 
0 0.50625 0.539352 0.0442708 0.0703704 
0 0.711458 0.138889 0.0244792 0.0768519 
0 0.738281 0.216204 0.03125 0.0935185 
0 0.82513 0.0349537 0.0736979 0.0625 
0 0.644922 0.735648 0.0476562 0.062037 
0 0.520573 0.686574 0.03125 0.075 
0 0.541536 0.463426 0.0268229 0.0805556 
0 0.666536 0.85463 0.0408854 0.0824074 
0 0.366146 0.621065 0.0510417 0.0560185 
0 0.332292 0.401852 0.0427083 0.037963 
0 0.027474 0.476157 0.0377604 0.0550926 
0 0.21888 0.030787 0.0445312 0.0578704 
0 0.147786 0.0196759 0.0408854 0.0393519 
0 0.231641 0.199537 0.0403646 0.0537037 
0 0.634375 0.61412 0.0322917 0.0800926 
0 0.614714 0.966204 0.0570313 0.0666667 
0 0.479557 0.791667 0.0450521 0.0564815 
0 0.608854 0.438889 0.0265625 0.106481 
0 0.548828 0.149537 0.0559896 0.0972222 
0 0.474089 0.583333 0.0325521 0.0527778 
0 0.731901 0.069213 0.0309896 0.050463 
0 0.70651 0.747454 0.0578125 0.0560185 
0 0.455859 0.719213 0.0289063 0.0782407 
0 0.321745 0.865046 0.0304688 0.0615741 
0 0.0916667 0.35162 0.0390625 0.0523148 
0 0.2875 0.532639 0.0520833 0.0523148 
0 0.505859 0.317361 0.0377604 0.0949074 
0 0.648438 0.5 0.0286458 0.0685185 
0 0.391016 0.869907 0.0434896 0.0527778 
