0 0.847266 0.61412 0.0585938 0.0680556 
0 0.642578 0.875 0.0617188 0.103704 
0 0.703646 0.412037 0.0776042 0.0842593 
0 0.389583 0.698843 0.0427083 0.110648 
0 0.899479 0.605556 0.0333333 0.134259 
0 0.65625 0.953241 0.0385417 0.0814815 
0 0.176042 0.61412 0.059375 0.124537 
0 0.886719 0.846296 0.0395833 0.108333 
0 0.94388 0.563657 0.0330729 0.0865741 
0 0.252604 0.753009 0.0473958 0.0726852 
0 0.22513 0.123611 0.0565104 0.103704 
0 0.801823 0.539583 0.0385417 0.1125 
0 0.382292 0.53588 0.0453125 0.154167 
0 0.747526 0.103704 0.0325521 0.0907407 
0 0.763151 0.840278 0.0789063 0.100926 
0 0.197526 0.909722 0.0502604 0.0907407 
0 0.576563 0.392593 0.0411458 0.0851852 
0 0.826172 0.968287 0.0627604 0.0634259 
0 0.48737 0.270602 0.0591146 0.0986111 
