0 0.714844 0.584722 0.0578125 0.109259 
0 0.659635 0.14838 0.0463542 0.109722 
0 0.70599 0.837963 0.0354167 0.075 
0 0.583984 0.927083 0.0356771 0.128241 
0 0.735807 0.654398 0.0580729 0.0578704 
0 0.586328 0.671296 0.0434896 0.0592593 
0 0.525391 0.181481 0.0377604 0.0638889 
0 0.695833 0.0902778 0.0411458 0.062037 
0 0.757812 0.602083 0.0859375 0.0643518 
0 0.491146 0.959954 0.0619792 0.0782407 
0 0.538021 0.259028 0.0317708 0.0976852 
0 0.729948 0.437037 0.0302083 0.062037 
0 0.771484 0.671528 0.0471354 0.049537 
0 0.0979167 0.430093 0.0307292 0.0527778 
0 0.314453 0.378472 0.0335938 0.118056 
0 0.148177 0.667824 0.0307292 0.0467593 
0 0.0973958 0.785648 0.0276042 0.062963 
0 0.01875 0.702778 0.034375 0.0685185 
0 0.381771 0.715741 0.040625 0.0648148 
0 0.81888 0.159259 0.0294271 0.100926 
0 0.518099 0.576852 0.0263021 0.0611111 
0 0.385807 0.940278 0.0533854 0.0981481 
0 0.660156 0.808565 0.0395833 0.0976852 
0 0.459896 0.538194 0.0385417 0.0912037 
0 0.682161 0.727778 0.0445312 0.0685185 
0 0.423828 0.21713 0.0658854 0.0759259 
0 0.0986979 0.179167 0.0302083 0.0481481 
0 0.523828 0.0638889 0.0330729 0.0722222 
0 0.470443 0.363194 0.0486979 0.0560185 
0 0.797786 0.833333 0.0268229 0.087963 
0 0.290234 0.284722 0.0476562 0.0444444 
0 0.0755208 0.316898 0.0458333 0.0486111 
0 0.558594 0.979167 0.0276042 0.037963 
0 0.190755 0.0319444 0.0502604 0.062963 
0 0.633724 0.0259259 0.0320312 0.0509259 
0 0.344792 0.954167 0.0364583 0.087037 
0 0.248307 0.837731 0.0278646 0.0708333 
0 0.809115 0.453241 0.0348958 0.0925926 
0 0.292448 0.942593 0.0317708 0.0935185 
0 0.1375 0.723611 0.0364583 0.0333333 
0 0.26237 0.921065 0.0252604 0.0736111 
0 0.812109 0.750926 0.0638021 0.0842593 
0 0.0893229 0.649306 0.0421875 0.0421296 
0 0.452604 0.746065 0.0546875 0.111574 
0 0.633724 0.601157 0.0356771 0.0791667 
0 0.440885 0.580556 0.0291667 0.0601852 
0 0.109115 0.842824 0.0421875 0.0625 
0 0.202474 0.800694 0.0460938 0.0634259 
0 0.0721354 0.980093 0.0359375 0.0398148 
0 0.21276 0.612963 0.0338542 0.0740741 
0 0.378125 0.621528 0.0421875 0.0736111 
0 0.501042 0.795602 0.0479167 0.0680556 
0 0.149349 0.29838 0.0315104 0.0430556 
0 0.604948 0.16088 0.0567708 0.0782407 
0 0.63138 0.975926 0.0492188 0.0481481 
