0 0.713802 0.2375 0.04375 0.114815 
0 0.654297 0.883796 0.0236979 0.0611111 
0 0.723698 0.753009 0.0479167 0.129167 
0 0.499219 0.877083 0.0619792 0.0652778 
0 0.597266 0.592593 0.0419271 0.0842593 
0 0.783724 0.634491 0.0721354 0.0671296 
0 0.583984 0.818981 0.0695312 0.0685185 
0 0.447266 0.0393519 0.0309896 0.0666667 
0 0.648958 0.0986111 0.04375 0.0805556 
0 0.365234 0.34537 0.0492188 0.0907407 
0 0.73099 0.609722 0.0447917 0.0657407 
0 0.181901 0.0972222 0.0273438 0.0472222 
0 0.640625 0.284028 0.0453125 0.0930556 
0 0.601562 0.0861111 0.0427083 0.0564815 
0 0.530208 0.261111 0.0411458 0.0712963 
0 0.490234 0.76088 0.0476562 0.0643518 
0 0.775911 0.157407 0.0289063 0.0416667 
0 0.502995 0.545602 0.0346354 0.0680556 
0 0.425521 0.597454 0.0552083 0.0736111 
0 0.556641 0.453935 0.0575521 0.0652778 
0 0.514583 0.196296 0.0197917 0.0712963 
0 0.586458 0.890509 0.0645833 0.118056 
0 0.479036 0.524769 0.0372396 0.0810185 
0 0.0165365 0.024537 0.0330729 0.0490741 
0 0.159245 0.133796 0.0315104 0.0490741 
0 0.348177 0.11713 0.0385417 0.0703704 
0 0.805078 0.51088 0.0815104 0.0921296 
0 0.521875 0.76088 0.05 0.0893519 
0 0.979557 0.308102 0.0356771 0.0550926 
0 0.271484 0.0965278 0.0533854 0.0634259 
