0 0.0595052 0.430324 0.0356771 0.104167 
0 0.0298177 0.513889 0.0278646 0.0666667 
0 0.789583 0.65787 0.0520833 0.0898148 
0 0.884766 0.0835648 0.0940104 0.0893519 
0 0.715365 0.148611 0.034375 0.178704 
0 0.520052 0.348843 0.0333333 0.0726852 
0 0.594661 0.237731 0.0591146 0.0708333 
0 0.432943 0.366898 0.0440104 0.0634259 
0 0.650391 0.505787 0.0388021 0.0476852 
0 0.145182 0.209028 0.0617188 0.102315 
0 0.949609 0.619907 0.0382813 0.0638889 
0 0.13151 0.542593 0.05 0.0648148 
0 0.760677 0.815278 0.0432292 0.0537037 
0 0.071875 0.0569444 0.0364583 0.0694444 
0 0.356901 0.24838 0.0283854 0.074537 
0 0.497005 0.258102 0.0372396 0.0597222 
0 0.378125 0.188657 0.0484375 0.0912037 
0 0.764193 0.432639 0.0403646 0.0902778 
0 0.0557292 0.245602 0.0276042 0.103241 
0 0.853125 0.358796 0.0572917 0.062037 
0 0.696224 0.259028 0.0304688 0.0875 
0 0.427995 0.229167 0.0388021 0.0648148 
0 0.247917 0.406944 0.0421875 0.062037 
0 0.483464 0.840741 0.0481771 0.0666667 
0 0.360677 0.883333 0.046875 0.0675926 
0 0.459245 0.687268 0.0388021 0.0597222 
0 0.33151 0.778935 0.0546875 0.0837963 
0 0.133594 0.399074 0.0677083 0.0731481 
0 0.277604 0.266667 0.040625 0.0564815 
0 0.360807 0.675926 0.0398437 0.102778 
0 0.370313 0.3625 0.0614583 0.075 
0 0.844661 0.567824 0.0601562 0.0606481 
0 0.581641 0.355324 0.0544271 0.0652778 
0 0.33125 0.576389 0.0286458 0.0666667 
0 0.083724 0.830324 0.0283854 0.0569444 
0 0.541536 0.850231 0.0419271 0.0837963 
0 0.342839 0.455324 0.0289063 0.0884259 
0 0.744141 0.888889 0.0351562 0.0814815 
0 0.710938 0.326852 0.0484375 0.0564815 
0 0.946224 0.848611 0.0497396 0.0712963 
0 0.0398437 0.1375 0.0614583 0.0638889 
0 0.244661 0.609028 0.0434896 0.0421296 
0 0.0955729 0.341204 0.05 0.0796296 
0 0.0949219 0.520602 0.0309896 0.0976852 
0 0.726562 0.611574 0.0385417 0.087037 
