0 0.569792 0.422454 0.0776042 0.0671296 
0 0.0233073 0.446991 0.0320312 0.075463 
0 0.115755 0.505093 0.0507812 0.0861111 
0 0.964844 0.384491 0.0390625 0.0606481 
0 0.542969 0.647685 0.0411458 0.0796296 
0 0.914583 0.883102 0.071875 0.0708333 
0 0.746094 0.718287 0.0567708 0.0800926 
0 0.602604 0.612269 0.0322917 0.0773148 
0 0.746484 0.639352 0.0434896 0.0685185 
0 0.966797 0.812732 0.0544271 0.0615741 
0 0.766667 0.536574 0.0458333 0.0916667 
0 0.0580729 0.616204 0.034375 0.113889 
0 0.210547 0.514815 0.0523437 0.127778 
0 0.451693 0.593287 0.0356771 0.0523148 
0 0.761719 0.598843 0.0567708 0.0578704 
0 0.333073 0.963426 0.0557292 0.0555556 
0 0.206901 0.621065 0.0481771 0.0486111 
0 0.441667 0.652083 0.0447917 0.0671296 
0 0.486979 0.46875 0.040625 0.0699074 
0 0.422266 0.703241 0.0289063 0.0518519 
0 0.244271 0.750926 0.04375 0.1 
0 0.0173177 0.534259 0.0325521 0.0731481 
0 0.632422 0.787037 0.0539063 0.0564815 
0 0.444531 0.482639 0.0421875 0.050463 
0 0.526432 0.541204 0.0158854 0.0583333 
0 0.827604 0.955787 0.0375 0.0865741 
0 0.574219 0.839815 0.0552083 0.0675926 
0 0.485807 0.792593 0.0320312 0.0592593 
0 0.191146 0.815509 0.0307292 0.0569444 
0 0.711458 0.48912 0.025 0.0810185 
0 0.92526 0.427315 0.0359375 0.112037 
0 0.436719 0.841898 0.040625 0.0634259 
0 0.110677 0.659722 0.0416667 0.0592593 
0 0.0339844 0.853704 0.0445312 0.0509259 
0 0.691927 0.75 0.0244792 0.0546296 
0 0.809635 0.793519 0.040625 0.103704 
0 0.973177 0.503472 0.0536458 0.0699074 
0 0.711979 0.887731 0.025 0.0652778 
0 0.70013 0.622454 0.0492188 0.0782407 
0 0.514714 0.947917 0.0580729 0.0939815 
0 0.33763 0.599306 0.0309896 0.0532407 
0 0.391406 0.797222 0.0458333 0.0731481 
0 0.941927 0.562037 0.0432292 0.0527778 
0 0.157422 0.793056 0.0367187 0.0546296 
0 0.694792 0.564583 0.0380208 0.0708333 
0 0.426302 0.296991 0.0260417 0.0541667 
0 0.267318 0.615972 0.0544271 0.0513889 
0 0.897917 0.534028 0.0744792 0.0875 
0 0.93112 0.979398 0.0585938 0.0412037 
0 0.443359 0.184491 0.0320312 0.0800926 
0 0.346615 0.706713 0.0609375 0.0717593 
0 0.77487 0.825694 0.0361979 0.0430556 
0 0.256771 0.390972 0.0473958 0.0967593 
0 0.729948 0.977778 0.0380208 0.0444444 
