0 0.565495 0.0770833 0.0841146 0.118981 
0 0.253906 0.949769 0.0723958 0.100463 
0 0.749609 0.490046 0.0341146 0.155093 
0 0.605469 0.429398 0.0395833 0.106944 
0 0.296094 0.476157 0.0901042 0.120833 
0 0.748958 0.766898 0.0489583 0.0800926 
0 0.826563 0.565509 0.0885417 0.166204 
0 0.40013 0.295602 0.0450521 0.177315 
0 0.622135 0.1 0.0588542 0.0888889 
0 0.782292 0.819444 0.0609375 0.131481 
0 0.669401 0.163889 0.0330729 0.075 
0 0.0641927 0.619676 0.107031 0.0828704 
0 0.94974 0.333333 0.06875 0.20463 
0 0.346484 0.807176 0.0710938 0.0699074 
0 0.926302 0.663657 0.0572917 0.0662037 
0 0.883333 0.913194 0.0895833 0.109722 
0 0.669922 0.295833 0.0278646 0.0657407 
0 0.627995 0.35162 0.0851562 0.0773148 
0 0.526302 0.546065 0.0489583 0.183796 
0 0.794922 0.297222 0.0554687 0.121296 
0 0.24401 0.633565 0.0447917 0.114352 
0 0.19362 0.639352 0.0820312 0.136111 
0 0.258464 0.707407 0.0523437 0.100926 
0 0.53763 0.691898 0.0908854 0.0708333 
0 0.0299479 0.375694 0.059375 0.131944 
0 0.189453 0.866204 0.0528646 0.0805556 
0 0.429167 0.697222 0.0651042 0.0972222 
0 0.983333 0.724074 0.03125 0.0990741 
0 0.0739583 0.230093 0.0661458 0.0814815 
0 0.336198 0.28125 0.0369792 0.0578704 
0 0.68112 0.390741 0.0382813 0.0944444 
0 0.757292 0.0240741 0.09375 0.0481481 
0 0.0386719 0.940046 0.0643229 0.0791667 
0 0.496875 0.897454 0.0588542 0.0717593 
0 0.478516 0.161111 0.0414063 0.0703704 
0 0.753906 0.283333 0.0458333 0.05 
0 0.0688802 0.809028 0.101302 0.0791667 
0 0.76849 0.209954 0.0557292 0.113426 
0 0.139323 0.761574 0.0427083 0.149074 
0 0.579167 0.204398 0.0359375 0.0689815 
0 0.872135 0.210648 0.059375 0.0611111 
0 0.647917 0.631019 0.0786458 0.0805556 
0 0.21875 0.730093 0.0588542 0.0666667 
0 0.208333 0.958333 0.0484375 0.0796296 
