0 0.691406 0.875694 0.0390625 0.109722 
0 0.254297 0.348843 0.0440104 0.0606481 
0 0.460938 0.577315 0.0682292 0.105556 
0 0.386328 0.646759 0.0382813 0.087037 
0 0.567318 0.225463 0.0466146 0.0768519 
0 0.584505 0.498611 0.0481771 0.0611111 
0 0.595703 0.123148 0.0257812 0.0518519 
0 0.705078 0.269213 0.0330729 0.0708333 
0 0.54388 0.0895833 0.0346354 0.113426 
0 0.553255 0.57037 0.0476562 0.0962963 
0 0.63763 0.56713 0.0450521 0.0490741 
0 0.623047 0.385185 0.0684896 0.062037 
0 0.529688 0.733796 0.0375 0.124074 
0 0.537109 0.814815 0.0471354 0.0759259 
0 0.235156 0.485648 0.0322917 0.0398148 
0 0.35625 0.84537 0.0479167 0.0657407 
0 0.871094 0.652315 0.0651042 0.0435185 
0 0.58737 0.0766204 0.0695312 0.0699074 
0 0.577734 0.940046 0.0523437 0.115278 
0 0.572786 0.74838 0.0403646 0.164352 
0 0.498047 0.37338 0.0809896 0.0560185 
0 0.166276 0.466667 0.0481771 0.0712963 
0 0.479557 0.65787 0.0554687 0.0814815 
0 0.442057 0.665741 0.0361979 0.062037 
0 0.226172 0.586806 0.0268229 0.0550926 
0 0.404036 0.705787 0.0419271 0.0412037 
0 0.194792 0.561343 0.0276042 0.0560185 
0 0.321354 0.459722 0.0197917 0.0740741 
0 0.432161 0.380324 0.0440104 0.0717593 
0 0.471224 0.766435 0.0419271 0.0726852 
0 0.349609 0.955787 0.0424479 0.0578704 
0 0.317839 0.150231 0.0518229 0.0486111 
0 0.103516 0.386111 0.0528646 0.0712963 
0 0.66888 0.829398 0.0554687 0.0560185 
0 0.779818 0.0252315 0.0763021 0.050463 
0 0.365755 0.390278 0.0221354 0.087037 
0 0.519141 0.484954 0.0716146 0.0541667 
0 0.0265625 0.318519 0.0526042 0.0712963 
0 0.397005 0.184028 0.0674479 0.0699074 
0 0.170052 0.927083 0.0307292 0.0884259 
0 0.448438 0.205324 0.0317708 0.101389 
0 0.603516 0.940046 0.0434896 0.108796 
0 0.696354 0.677546 0.03125 0.0773148 
