0 0.356901 0.236111 0.0304688 0.118519 
0 0.563542 0.0611111 0.059375 0.0574074 
0 0.41849 0.197454 0.0229167 0.0930556 
0 0.664583 0.106944 0.05 0.0953704 
0 0.927734 0.264352 0.0513021 0.0555556 
0 0.647005 0.336111 0.0361979 0.0648148 
0 0.989323 0.237269 0.0208333 0.0476852 
0 0.777344 0.624537 0.0307292 0.130556 
0 0.977865 0.128009 0.0442708 0.0726852 
0 0.808594 0.253704 0.0276042 0.102778 
0 0.111979 0.38287 0.0734375 0.0546296 
0 0.51901 0.393981 0.0557292 0.0768519 
0 0.974609 0.697917 0.0346354 0.102315 
0 0.354297 0.396528 0.0289063 0.0837963 
0 0.491797 0.450926 0.0263021 0.0814815 
0 0.83151 0.579398 0.0432292 0.0782407 
0 0.727474 0.125 0.0486979 0.0564815 
0 0.692318 0.738657 0.0382813 0.0662037 
0 0.765234 0.200926 0.0513021 0.109259 
0 0.666536 0.489583 0.0523437 0.0717593 
0 0.954557 0.0488426 0.0330729 0.0865741 
0 0.263932 0.466435 0.0315104 0.0587963 
0 0.0941406 0.480093 0.0330729 0.0842593 
0 0.562109 0.761111 0.0372396 0.0472222 
0 0.715365 0.0444444 0.040625 0.037963 
0 0.191146 0.456019 0.0401042 0.0722222 
0 0.363542 0.876389 0.0369792 0.0694444 
0 0.305078 0.904398 0.0377604 0.0856481 
0 0.286198 0.53125 0.028125 0.075463 
0 0.23737 0.864352 0.0299479 0.0907407 
0 0.461328 0.653935 0.0346354 0.0606481 
0 0.835417 0.28912 0.0385417 0.0476852 
0 0.870182 0.252315 0.0377604 0.0564815 
0 0.773438 0.222917 0.0380208 0.0736111 
0 0.767057 0.410185 0.0325521 0.0796296 
0 0.572266 0.684491 0.0565104 0.0810185 
0 0.838802 0.727546 0.0416667 0.0643518 
0 0.815365 0.488889 0.0375 0.0527778 
0 0.270182 0.869676 0.0273438 0.0819444 
0 0.58112 0.5125 0.0481771 0.0472222 
