0 0.0492188 0.774769 0.0583333 0.0967593 
0 0.730078 0.284259 0.0742188 0.108333 
0 0.851562 0.965278 0.084375 0.0675926 
0 0.0829427 0.51088 0.0388021 0.133796 
0 0.307813 0.706019 0.0630208 0.0601852 
0 0.147266 0.507407 0.0533854 0.0990741 
0 0.934505 0.941898 0.0471354 0.075463 
0 0.0342448 0.880556 0.0335938 0.102778 
0 0.240234 0.733102 0.0294271 0.120833 
0 0.165234 0.885417 0.0455729 0.0736111 
0 0.413802 0.693056 0.0479167 0.0768519 
0 0.980469 0.966435 0.0359375 0.0671296 
0 0.492969 0.634491 0.0369792 0.0467593 
0 0.279818 0.893981 0.0518229 0.0953704 
0 0.345703 0.55 0.0476562 0.0425926 
0 0.127734 0.254167 0.0434896 0.0564815 
0 0.911719 0.324537 0.0411458 0.0518519 
0 0.697656 0.974769 0.0588542 0.050463 
0 0.619141 0.921065 0.0565104 0.0587963 
0 0.188802 0.709259 0.0536458 0.0574074 
0 0.260807 0.50162 0.0559896 0.0634259 
0 0.182552 0.434028 0.0390625 0.104167 
