0 0.628385 0.573843 0.0453125 0.0689815 
0 0.133594 0.359722 0.0427083 0.0814815 
0 0.125651 0.507407 0.0309896 0.0675926 
0 0.0471354 0.513889 0.0322917 0.0638889 
0 0.85013 0.263889 0.0518229 0.087963 
0 0.847135 0.513889 0.0369792 0.0583333 
0 0.33151 0.481713 0.040625 0.0615741 
0 0.813021 0.148843 0.0380208 0.0708333 
0 0.632812 0.290741 0.0421875 0.0611111 
0 0.141406 0.0256944 0.059375 0.0513889 
0 0.479557 0.0564815 0.0325521 0.0824074 
0 0.179427 0.602315 0.0442708 0.0768519 
0 0.738802 0.214815 0.0505208 0.0648148 
0 0.808073 0.444907 0.0348958 0.0685185 
0 0.258203 0.0280093 0.0674479 0.0550926 
0 0.849609 0.569444 0.0554687 0.0518519 
0 0.303255 0.0465278 0.0617188 0.0791667 
0 0.69388 0.28588 0.0346354 0.0736111 
0 0.57474 0.111574 0.053125 0.0675926 
0 0.364453 0.333333 0.0325521 0.0990741 
0 0.41237 0.263657 0.0236979 0.0578704 
0 0.272135 0.237037 0.05625 0.0898148 
0 0.968359 0.575926 0.0544271 0.087037 
0 0.796484 0.34213 0.0424479 0.0787037 
0 0.639714 0.192824 0.0408854 0.0606481 
0 0.697266 0.568981 0.0393229 0.0740741 
0 0.966797 0.159491 0.0414063 0.0402778 
0 0.085026 0.484259 0.0518229 0.0666667 
0 0.951172 0.400694 0.0726563 0.103241 
0 0.650911 0.661111 0.0408854 0.062037 
0 0.680208 0.556481 0.0380208 0.0564815 
0 0.215495 0.190509 0.0502604 0.10787 
0 0.261589 0.711343 0.0273438 0.0560185 
0 0.430599 0.140509 0.0315104 0.0532407 
0 0.494401 0.604167 0.0367187 0.0842593 
0 0.587891 0.23912 0.0320312 0.0717593 
0 0.122526 0.249537 0.0471354 0.0564815 
0 0.0859375 0.86412 0.0385417 0.074537 
0 0.789583 0.934954 0.0416667 0.075463 
0 0.505339 0.0715278 0.0382813 0.101389 
