0 0.619661 0.464815 0.0471354 0.0953704 
0 0.711849 0.496065 0.0549479 0.149537 
0 0.423307 0.708796 0.0507812 0.106481 
0 0.400391 0.966898 0.0361979 0.0625 
0 0.977474 0.960185 0.0450521 0.0638889 
0 0.569922 0.307407 0.0596354 0.062963 
0 0.689453 0.214815 0.0497396 0.0694444 
0 0.753906 0.771759 0.0473958 0.0833333 
0 0.647526 0.753935 0.0606771 0.0486111 
0 0.094401 0.951389 0.0309896 0.0564815 
0 0.488542 0.25 0.0296875 0.0842593 
0 0.253646 0.686111 0.0458333 0.037963 
0 0.555729 0.05625 0.04375 0.1125 
0 0.51224 0.92963 0.0322917 0.0490741 
0 0.220964 0.398843 0.0377604 0.0615741 
0 0.544401 0.204398 0.0257812 0.0606481 
0 0.441927 0.951389 0.0348958 0.0398148 
0 0.725651 0.716204 0.0559896 0.05 
0 0.338672 0.0326389 0.0231771 0.0652778 
0 0.375 0.459491 0.0359375 0.0393519 
0 0.376432 0.196759 0.0289063 0.0657407 
0 0.386068 0.0736111 0.0570313 0.0898148 
0 0.589844 0.851157 0.0510417 0.0560185 
0 0.407943 0.643287 0.0377604 0.050463 
0 0.76224 0.265972 0.0333333 0.124537 
0 0.0195312 0.894907 0.0338542 0.0574074 
0 0.854427 0.343981 0.0265625 0.0555556 
0 0.587891 0.211111 0.0382813 0.0583333 
0 0.949219 0.826389 0.0375 0.062037 
0 0.0354167 0.213426 0.040625 0.0638889 
0 0.747005 0.92963 0.0408854 0.0611111 
0 0.659245 0.263426 0.0539063 0.0462963 
0 0.492839 0.899306 0.0367187 0.0865741 
0 0.866146 0.615046 0.0322917 0.0625 
0 0.632292 0.947917 0.0390625 0.0949074 
0 0.500521 0.765972 0.0380208 0.0671296 
0 0.0125 0.740278 0.0223958 0.0694444 
0 0.192057 0.169907 0.0377604 0.0453704 
0 0.122396 0.977315 0.03125 0.0435185 
0 0.37513 0.831713 0.0367187 0.0365741 
0 0.0946615 0.193287 0.0450521 0.0652778 
0 0.651432 0.325926 0.0304688 0.0731481 
0 0.430208 0.557639 0.0458333 0.0597222 
0 0.149349 0.0240741 0.0351562 0.0481481 
0 0.437109 0.799537 0.0460938 0.075 
0 0.398698 0.275694 0.04375 0.0939815 
