0 0.444792 0.0372685 0.0328125 0.0736111 
0 0.664974 0.959259 0.0476562 0.0787037 
0 0.526432 0.525926 0.0497396 0.106481 
0 0.904297 0.836806 0.0481771 0.120833 
0 0.116276 0.578935 0.0976562 0.0782407 
0 0.570312 0.965278 0.0583333 0.0601852 
0 0.447786 0.525463 0.0414063 0.113889 
0 0.558073 0.0402778 0.0348958 0.0481481 
0 0.570312 0.727546 0.0234375 0.0791667 
0 0.347917 0.393519 0.0463542 0.113889 
0 0.604036 0.381019 0.0408854 0.0888889 
0 0.790625 0.97037 0.0338542 0.0518519 
0 0.66849 0.0905093 0.0354167 0.0986111 
0 0.960938 0.454861 0.065625 0.105093 
0 0.338411 0.0233796 0.0356771 0.0467593 
