0 0.824219 0.037037 0.0411458 0.0657407 
0 0.927734 0.0777778 0.0377604 0.132407 
0 0.877474 0.204167 0.0403646 0.0703704 
0 0.67474 0.23287 0.0447917 0.10463 
0 0.76224 0.142361 0.0614583 0.0763889 
0 0.431901 0.482639 0.0549479 0.10787 
0 0.667057 0.0965278 0.0992187 0.0625 
0 0.251563 0.264815 0.0322917 0.112963 
0 0.966276 0.597222 0.0424479 0.126852 
0 0.429427 0.688426 0.0473958 0.0731481 
0 0.819401 0.263194 0.0377604 0.0976852 
0 0.73151 0.0645833 0.0713542 0.0597222 
0 0.782682 0.271065 0.0309896 0.10787 
0 0.890104 0.343056 0.0380208 0.0777778 
0 0.552734 0.0972222 0.0809896 0.0648148 
0 0.201432 0.255556 0.0309896 0.109259 
0 0.734896 0.626157 0.0588542 0.0736111 
0 0.0817708 0.790741 0.0526042 0.0694444 
0 0.878385 0.546528 0.0390625 0.074537 
0 0.244792 0.0928241 0.0359375 0.103241 
0 0.82474 0.5625 0.0338542 0.0916667 
0 0.967318 0.315278 0.0559896 0.0657407 
0 0.273698 0.325694 0.0401042 0.074537 
0 0.224479 0.336806 0.0395833 0.049537 
0 0.387109 0.405787 0.0361979 0.120833 
0 0.954167 0.165972 0.0682292 0.075463 
0 0.30026 0.461806 0.053125 0.0587963 
0 0.351823 0.521296 0.0536458 0.0731481 
0 0.338802 0.42963 0.0390625 0.100926 
0 0.759766 0.366898 0.0424479 0.0569444 
0 0.440755 0.0372685 0.0632813 0.074537 
0 0.35651 0.856944 0.0432292 0.0768519 
0 0.905729 0.158102 0.034375 0.0717593 
0 0.46237 0.37963 0.0429688 0.0712963 
0 0.298568 0.900926 0.0424479 0.0759259 
0 0.548828 0.655324 0.0382813 0.0902778 
0 0.406901 0.875 0.0476562 0.0768519 
0 0.144271 0.353472 0.0614583 0.0587963 
0 0.205729 0.632639 0.0385417 0.074537 
0 0.177734 0.478704 0.0367187 0.0861111 
0 0.478125 0.67662 0.0348958 0.133796 
0 0.834505 0.873148 0.0450521 0.0722222 
0 0.736328 0.488657 0.0247396 0.113426 
0 0.708073 0.466898 0.0458333 0.0513889 
0 0.66849 0.387731 0.0432292 0.0615741 
0 0.0296875 0.346759 0.0515625 0.0601852 
0 0.807682 0.3875 0.0528646 0.0611111 
0 0.876432 0.709028 0.0346354 0.119907 
0 0.554688 0.394676 0.0317708 0.0662037 
0 0.038151 0.493981 0.0377604 0.132407 
0 0.970182 0.956481 0.0408854 0.0833333 
0 0.723047 0.815278 0.0513021 0.0666667 
0 0.641667 0.437963 0.0692708 0.0842593 
0 0.0303385 0.61875 0.0585938 0.0699074 
