0 0.830078 0.126852 0.129427 0.112037 
0 0.686068 0.65162 0.0736979 0.103241 
0 0.31888 0.403935 0.0377604 0.0578704 
0 0.557552 0.741435 0.096875 0.106019 
0 0.63724 0.50787 0.102604 0.0898148 
0 0.505859 0.63588 0.0492188 0.0550926 
0 0.284766 0.472222 0.0559896 0.0574074 
0 0.590885 0.299074 0.0739583 0.0592593 
0 0.675781 0.961806 0.0885417 0.0699074 
0 0.4875 0.409259 0.0354167 0.172222 
0 0.473177 0.0837963 0.0921875 0.0601852 
0 0.604557 0.545139 0.0335938 0.113426 
0 0.0386719 0.422685 0.0507812 0.0555556 
0 0.455859 0.741667 0.0695312 0.0694444 
0 0.171354 0.388657 0.0447917 0.102315 
0 0.282682 0.704861 0.0466146 0.0486111 
0 0.190234 0.483102 0.0544271 0.0773148 
0 0.553255 0.377083 0.0388021 0.122685 
0 0.64362 0.824769 0.0658854 0.0763889 
0 0.485807 0.231019 0.0476562 0.0814815 
0 0.347005 0.453472 0.0341146 0.0532407 
0 0.259766 0.0261574 0.0315104 0.0523148 
0 0.635286 0.659259 0.0460938 0.0722222 
0 0.230469 0.140278 0.0682292 0.0592593 
0 0.439974 0.283565 0.0783854 0.0541667 
0 0.752474 0.819444 0.111719 0.0935185 
0 0.710026 0.0430556 0.0403646 0.0675926 
0 0.721224 0.501389 0.0419271 0.05 
0 0.143229 0.212269 0.0515625 0.0828704 
0 0.242448 0.688889 0.034375 0.0574074 
0 0.509245 0.778472 0.0346354 0.108796 
0 0.457292 0.513426 0.0348958 0.0481481 
0 0.221094 0.375926 0.0755208 0.0574074 
0 0.0494792 0.272222 0.0369792 0.0537037 
0 0.498437 0.190278 0.0828125 0.12963 
0 0.586458 0.0993056 0.0380208 0.0939815 
0 0.104297 0.959954 0.0570313 0.0708333 
0 0.647917 0.119907 0.0338542 0.0518519 
0 0.602604 0.940972 0.0661458 0.0893519 
0 0.586458 0.694907 0.0307292 0.0666667 
0 0.278125 0.867593 0.0526042 0.0425926 
0 0.129688 0.696528 0.0661458 0.0587963 
0 0.0608073 0.731713 0.0361979 0.0680556 
0 0.132552 0.602083 0.0463542 0.113426 
0 0.382292 0.448148 0.0276042 0.0814815 
0 0.464063 0.963426 0.078125 0.0694444 
0 0.184115 0.82037 0.0333333 0.0935185 
0 0.226953 0.61713 0.0664062 0.0601852 
0 0.261458 0.225 0.0302083 0.108333 
0 0.238672 0.490972 0.0309896 0.0856481 
0 0.104557 0.172685 0.0231771 0.0740741 
0 0.148307 0.0398148 0.0356771 0.0796296 
0 0.696745 0.8 0.0585938 0.062037 
0 0.336458 0.540509 0.0380208 0.0986111 
