0 0.252214 0.625694 0.0419271 0.0875 
0 0.744141 0.228009 0.0768229 0.0763889 
0 0.681641 0.580324 0.0283854 0.0976852 
0 0.408984 0.494907 0.0445312 0.0592593 
0 0.230208 0.791667 0.0515625 0.0861111 
0 0.715234 0.127546 0.0544271 0.124537 
0 0.526432 0.0337963 0.0356771 0.0675926 
0 0.687109 0.451389 0.0351562 0.134259 
0 0.604948 0.146065 0.0401042 0.0828704 
0 0.814453 0.465741 0.0622396 0.0712963 
0 0.16237 0.945139 0.0278646 0.0523148 
0 0.385026 0.595139 0.0372396 0.049537 
0 0.325651 0.550694 0.0330729 0.0486111 
0 0.486849 0.325463 0.0398437 0.0787037 
0 0.159375 0.870602 0.0614583 0.0578704 
0 0.246875 0.519907 0.0223958 0.0657407 
0 0.741667 0.325463 0.08125 0.122222 
0 0.735807 0.601157 0.0486979 0.0578704 
0 0.436458 0.591204 0.040625 0.0453704 
0 0.420312 0.384722 0.03125 0.105556 
0 0.645964 0.116204 0.0648438 0.113889 
0 0.358594 0.590972 0.0401042 0.0902778 
0 0.732422 0.903704 0.0471354 0.0990741 
0 0.191146 0.782176 0.0395833 0.0476852 
0 0.623958 0.508333 0.04375 0.125926 
0 0.147917 0.521759 0.053125 0.0675926 
0 0.478516 0.949537 0.0372396 0.0935185 
0 0.565495 0.419907 0.0351562 0.107407 
0 0.0179687 0.572917 0.034375 0.0587963 
0 0.296615 0.680093 0.0375 0.075 
0 0.100781 0.453704 0.04375 0.0657407 
0 0.373568 0.941898 0.0705729 0.0587963 
0 0.772396 0.859028 0.0932292 0.127315 
0 0.23099 0.4375 0.0322917 0.0518519 
0 0.527865 0.904398 0.0375 0.0884259 
0 0.757812 0.0664352 0.0322917 0.0569444 
0 0.380469 0.698611 0.0348958 0.0611111 
0 0.660156 0.733565 0.0375 0.0550926 
0 0.596224 0.247222 0.0242187 0.0851852 
0 0.445964 0.498148 0.0299479 0.0722222 
0 0.260417 0.303009 0.0484375 0.0560185 
0 0.216016 0.749537 0.0273438 0.0351852 
0 0.607813 0.0215278 0.034375 0.0430556 
0 0.460938 0.279167 0.0369792 0.0537037 
0 0.597266 0.683102 0.0528646 0.0800926 
0 0.360417 0.274074 0.0296875 0.0518519 
0 0.133203 0.131019 0.0570313 0.0435185 
0 0.157682 0.196065 0.0455729 0.0328704 
0 0.436198 0.233796 0.0291667 0.0574074 
0 0.633724 0.406944 0.0242187 0.05 
0 0.138021 0.778935 0.0609375 0.0486111 
0 0.0507812 0.493981 0.0442708 0.0722222 
0 0.0604167 0.822917 0.0333333 0.0439815 
0 0.226042 0.903704 0.0359375 0.0324074 
0 0.0824219 0.0791667 0.0419271 0.0583333 
0 0.258984 0.225463 0.0513021 0.0444444 
0 0.182812 0.428009 0.0197917 0.0671296 
0 0.309115 0.511343 0.0229167 0.074537 
0 0.0488281 0.959954 0.0658854 0.0467593 
0 0.619141 0.767361 0.0924479 0.0717593 
0 0.386719 0.213889 0.0546875 0.0462963 
0 0.0958333 0.684954 0.0364583 0.0486111 
0 0.536589 0.958333 0.0539063 0.0601852 
0 0.0414063 0.379861 0.0479167 0.074537 
0 0.690365 0.933102 0.0265625 0.127315 
0 0.633203 0.962731 0.0325521 0.0476852 
0 0.130599 0.370833 0.0393229 0.0657407 
0 0.449479 0.423843 0.0427083 0.0773148 
0 0.423177 0.311574 0.0369792 0.062037 
0 0.11888 0.0335648 0.0299479 0.0671296 
0 0.409635 0.105324 0.0536458 0.0578704 
0 0.482031 0.704398 0.0479167 0.0976852 
0 0.0727865 0.764583 0.0471354 0.0412037 
0 0.558594 0.0481481 0.0270833 0.0490741 
0 0.561068 0.737731 0.0330729 0.121759 
0 0.453646 0.764815 0.0296875 0.0666667 
0 0.148698 0.29213 0.0260417 0.0324074 
0 0.730859 0.75 0.0403646 0.136111 
0 0.354297 0.483102 0.0341146 0.0902778 
0 0.305859 0.440972 0.0252604 0.0763889 
0 0.0167969 0.453704 0.0325521 0.0638889 
0 0.158203 0.0481481 0.0414063 0.0351852 
0 0.548828 0.259722 0.0299479 0.0490741 
0 0.277604 0.0486111 0.053125 0.0777778 
0 0.396615 0.686111 0.0453125 0.0425926 
0 0.238021 0.110648 0.0598958 0.0861111 
