0 0.965234 0.297454 0.0643229 0.159722 
0 0.947786 0.557639 0.0361979 0.0671296 
0 0.563542 0.520833 0.0411458 0.0962963 
0 0.916016 0.610185 0.0330729 0.0518519 
0 0.158854 0.50787 0.0526042 0.0851852 
0 0.422396 0.454167 0.0416667 0.152778 
0 0.871615 0.562963 0.0333333 0.0564815 
0 0.897917 0.528241 0.0364583 0.0666667 
0 0.123958 0.517824 0.04375 0.138426 
0 0.892578 0.454398 0.0596354 0.075463 
0 0.832943 0.490046 0.0268229 0.0986111 
0 0.48099 0.0810185 0.0526042 0.0657407 
0 0.422266 0.14537 0.0533854 0.0851852 
0 0.791016 0.43588 0.0460938 0.0643518 
0 0.506771 0.412963 0.0515625 0.0916667 
0 0.948698 0.486111 0.0348958 0.0611111 
0 0.471745 0.290509 0.0518229 0.10787 
0 0.507422 0.682407 0.0351562 0.112037 
0 0.662109 0.540046 0.0601562 0.0708333 
0 0.845182 0.653241 0.0664062 0.0675926 
0 0.0315104 0.487731 0.059375 0.0893519 
0 0.745573 0.371065 0.0359375 0.1125 
0 0.382812 0.400926 0.0541667 0.112037 
0 0.485026 0.585648 0.0533854 0.0861111 
0 0.929688 0.861574 0.0270833 0.087037 
0 0.164323 0.611111 0.0494792 0.0833333 
0 0.886328 0.742361 0.0299479 0.0773148 
0 0.760286 0.47963 0.0549479 0.115741 
0 0.757292 0.654861 0.0307292 0.099537 
0 0.541016 0.360185 0.0268229 0.108333 
0 0.20612 0.578472 0.0294271 0.118056 
0 0.64401 0.425694 0.0666667 0.0606481 
0 0.855078 0.307639 0.0700521 0.0819444 
0 0.98776 0.459491 0.021875 0.0810185 
0 0.826172 0.379167 0.0273438 0.0990741 
0 0.597135 0.359491 0.05 0.115278 
0 0.497266 0.874537 0.0377604 0.0777778 
0 0.775911 0.862963 0.0408854 0.0675926 
0 0.604427 0.798611 0.0671875 0.0935185 
0 0.467187 0.45625 0.0432292 0.0837963 
0 0.325911 0.59213 0.0507812 0.0805556 
0 0.35612 0.516898 0.0507812 0.0708333 
0 0.398438 0.306713 0.0286458 0.0856481 
0 0.121615 0.85463 0.0453125 0.0814815 
