0 0.51901 0.71875 0.0604167 0.143981 
0 0.640625 0.515972 0.0739583 0.139352 
0 0.610286 0.62963 0.0466146 0.0907407 
0 0.773438 0.532407 0.114583 0.0814815 
0 0.746094 0.751157 0.0385417 0.118056 
0 0.592708 0.71088 0.0536458 0.0708333 
0 0.714844 0.299074 0.0598958 0.0666667 
0 0.596094 0.93588 0.0411458 0.128241 
0 0.34987 0.938426 0.0643229 0.0638889 
0 0.0903646 0.387731 0.0411458 0.0726852 
0 0.700781 0.204398 0.0859375 0.0726852 
0 0.661068 0.0868056 0.0460938 0.158796 
0 0.0397135 0.655093 0.0658854 0.0712963 
0 0.13151 0.181019 0.0526042 0.0777778 
0 0.515625 0.539815 0.046875 0.2 
0 0.661589 0.419444 0.0434896 0.0555556 
0 0.201302 0.0356481 0.0395833 0.0509259 
0 0.670833 0.936574 0.0510417 0.0666667 
0 0.220052 0.949769 0.0520833 0.0837963 
0 0.48112 0.258333 0.0299479 0.115741 
0 0.263411 0.839583 0.0367187 0.118056 
0 0.289583 0.164352 0.0390625 0.0694444 
0 0.633333 0.214352 0.0583333 0.0564815 
0 0.472396 0.880324 0.0447917 0.116204 
0 0.214193 0.56088 0.0757812 0.0615741 
0 0.164062 0.964583 0.0703125 0.0615741 
0 0.557031 0.11875 0.0546875 0.0476852 
0 0.422656 0.966204 0.0609375 0.0435185 
0 0.636328 0.863194 0.0565104 0.0828704 
0 0.379687 0.743981 0.0411458 0.135185 
0 0.257292 0.226157 0.0447917 0.0560185 
0 0.0385417 0.540278 0.0473958 0.0564815 
0 0.441406 0.226389 0.0385417 0.14537 
0 0.382812 0.081713 0.0510417 0.0828704 
0 0.636198 0.949769 0.0390625 0.0986111 
0 0.51276 0.108333 0.0328125 0.101852 
0 0.111849 0.589352 0.0622396 0.0592593 
0 0.542969 0.339815 0.0619792 0.0712963 
0 0.495313 0.94375 0.0364583 0.106019 
0 0.069401 0.445833 0.0596354 0.0518519 
0 0.267057 0.0377315 0.0789063 0.0726852 
0 0.819271 0.369444 0.0411458 0.0675926 
0 0.134375 0.819907 0.0572917 0.1 
0 0.538542 0.892361 0.0447917 0.0976852 
0 0.132031 0.370139 0.0276042 0.1125 
0 0.494141 0.457176 0.0679687 0.0671296 
0 0.294401 0.586806 0.0700521 0.0560185 
0 0.547266 0.980093 0.0518229 0.037963 
0 0.140625 0.458796 0.0541667 0.162037 
0 0.314193 0.641435 0.0721354 0.0449074 
0 0.349609 0.844213 0.0325521 0.099537 
0 0.398958 0.596296 0.0442708 0.0972222 
0 0.6 0.417593 0.0619792 0.0490741 
