0 0.292318 0.0611111 0.0539063 0.116667 
0 0.0986979 0.136343 0.0348958 0.0828704 
0 0.208464 0.0733796 0.0408854 0.131019 
0 0.860807 0.162731 0.0476562 0.0652778 
0 0.923828 0.131019 0.0528646 0.110185 
0 0.885286 0.602778 0.0523437 0.087037 
0 0.499479 0.475231 0.0411458 0.0708333 
0 0.86862 0.0821759 0.0403646 0.130093 
0 0.661589 0.342593 0.0492188 0.116667 
0 0.422917 0.241204 0.0359375 0.112037 
0 0.802734 0.573843 0.0570313 0.0662037 
0 0.449219 0.0287037 0.059375 0.0564815 
0 0.586328 0.0233796 0.0445312 0.0467593 
0 0.482161 0.121528 0.0705729 0.0513889 
0 0.645964 0.740046 0.0544271 0.0726852 
0 0.576693 0.236343 0.0861979 0.075463 
0 0.546484 0.055787 0.0388021 0.0921296 
0 0.292318 0.665046 0.0445312 0.0708333 
0 0.395052 0.545602 0.0536458 0.0560185 
0 0.722656 0.316204 0.0453125 0.110185 
0 0.260026 0.524769 0.0429688 0.101389 
0 0.561979 0.409722 0.05625 0.112963 
0 0.107813 0.397222 0.040625 0.105556 
0 0.571745 0.132176 0.0513021 0.10787 
0 0.295443 0.313194 0.0351562 0.0652778 
0 0.166536 0.330556 0.0726563 0.0611111 
0 0.17487 0.682407 0.0346354 0.0685185 
0 0.777344 0.438657 0.0494792 0.0912037 
0 0.755859 0.0282407 0.0304688 0.0546296 
0 0.961979 0.797222 0.0286458 0.0833333 
0 0.698698 0.7 0.0416667 0.152778 
0 0.332422 0.568287 0.0367187 0.0893519 
0 0.898958 0.834722 0.0432292 0.0787037 
0 0.292578 0.459722 0.0638021 0.0675926 
0 0.370182 0.868519 0.0580729 0.0925926 
0 0.302734 0.264583 0.0554687 0.0773148 
0 0.881901 0.978009 0.0539063 0.0439815 
0 0.339844 0.265046 0.0552083 0.0680556 
0 0.0505208 0.288426 0.0567708 0.116667 
