0 0.233594 0.167361 0.0536458 0.0800926 
0 0.886719 0.520833 0.0401042 0.0953704 
0 0.754948 0.383796 0.0661458 0.087963 
0 0.51862 0.419907 0.0315104 0.0555556 
0 0.199479 0.331481 0.065625 0.127778 
0 0.206901 0.525231 0.0414063 0.0680556 
0 0.934505 0.436343 0.0544271 0.0847222 
0 0.417448 0.403704 0.0588542 0.0564815 
0 0.850651 0.460417 0.0533854 0.0782407 
0 0.413672 0.324769 0.0398437 0.0967593 
0 0.457031 0.681944 0.0427083 0.0759259 
0 0.542057 0.217361 0.0513021 0.0662037 
0 0.917969 0.64537 0.0453125 0.0990741 
0 0.360156 0.618519 0.0296875 0.062963 
0 0.545833 0.664583 0.0416667 0.0958333 
0 0.756901 0.57963 0.0320312 0.111111 
0 0.76862 0.772454 0.0440104 0.074537 
0 0.858854 0.887731 0.0442708 0.0625 
0 0.795443 0.476157 0.0278646 0.0819444 
0 0.658724 0.287269 0.0315104 0.0893519 
0 0.984245 0.399769 0.0315104 0.0550926 
0 0.855469 0.633333 0.0265625 0.0814815 
0 0.289714 0.194907 0.0466146 0.0648148 
0 0.895443 0.231713 0.0361979 0.0578704 
0 0.10651 0.322917 0.0359375 0.106944 
0 0.651302 0.699306 0.04375 0.0532407 
0 0.455078 0.298611 0.0294271 0.147222 
0 0.251042 0.689352 0.0463542 0.0740741 
0 0.389714 0.620602 0.0361979 0.0875 
