0 0.741276 0.835417 0.0419271 0.197685 
0 0.713802 0.426852 0.0583333 0.0722222 
0 0.788542 0.152315 0.104687 0.0583333 
0 0.713932 0.296991 0.0367187 0.128241 
0 0.333984 0.507407 0.0617188 0.0805556 
0 0.730078 0.0381944 0.0315104 0.050463 
0 0.413021 0.368056 0.0604167 0.0509259 
0 0.678646 0.876852 0.0473958 0.0648148 
0 0.790495 0.353935 0.0320312 0.0708333 
0 0.826693 0.829398 0.0492188 0.0578704 
0 0.493099 0.246759 0.0648438 0.0814815 
0 0.547917 0.577083 0.0557292 0.0615741 
0 0.523438 0.972917 0.0552083 0.0541667 
0 0.291016 0.185648 0.0346354 0.128704 
0 0.270964 0.565972 0.0513021 0.0875 
0 0.413021 0.869676 0.0536458 0.0476852 
0 0.828646 0.0293981 0.08125 0.0569444 
0 0.232292 0.880787 0.0385417 0.0847222 
0 0.167839 0.902778 0.0304688 0.0712963 
0 0.865755 0.446065 0.0513021 0.0569444 
0 0.666016 0.31875 0.0471354 0.169907 
0 0.255208 0.336806 0.0260417 0.103241 
0 0.0813802 0.428472 0.0424479 0.075463 
0 0.469531 0.58588 0.0286458 0.0736111 
0 0.320964 0.337963 0.0299479 0.0574074 
0 0.0502604 0.547222 0.0411458 0.0611111 
0 0.666536 0.134722 0.0372396 0.138889 
0 0.471745 0.727315 0.0268229 0.0453704 
0 0.0955729 0.0356481 0.0296875 0.0592593 
0 0.170703 0.823843 0.0434896 0.0847222 
0 0.459766 0.0238426 0.0992187 0.0476852 
0 0.440495 0.475694 0.0528646 0.075463 
0 0.560026 0.862731 0.0403646 0.0532407 
0 0.421354 0.100231 0.0364583 0.0643518 
0 0.134115 0.57338 0.0328125 0.0578704 
0 0.022526 0.75787 0.0382813 0.087037 
0 0.657161 0.969907 0.0528646 0.0601852 
0 0.217448 0.0275463 0.05625 0.0532407 
0 0.226172 0.102083 0.0518229 0.0550926 
0 0.363021 0.866667 0.0489583 0.0944444 
