0 0.758854 0.124769 0.0640625 0.139352 
0 0.664974 0.103935 0.0330729 0.146759 
0 0.600521 0.0782407 0.0364583 0.0555556 
0 0.585026 0.877546 0.0606771 0.0800926 
0 0.555599 0.228704 0.0419271 0.0611111 
0 0.48776 0.806713 0.0635417 0.0652778 
0 0.695312 0.117593 0.0333333 0.125926 
0 0.567318 0.123843 0.0591146 0.103241 
0 0.599609 0.383333 0.0393229 0.0694444 
0 0.454818 0.544213 0.0653646 0.0680556 
0 0.54349 0.177315 0.0703125 0.0518519 
0 0.349349 0.369676 0.0460938 0.0532407 
0 0.588411 0.583565 0.0502604 0.120833 
0 0.459766 0.875 0.0570313 0.0759259 
0 0.55026 0.437269 0.0671875 0.0393519 
0 0.324609 0.854398 0.0653646 0.0773148 
0 0.502995 0.238657 0.0507812 0.10787 
0 0.334245 0.54213 0.0408854 0.0592593 
0 0.192318 0.496528 0.0533854 0.0625 
0 0.220182 0.876852 0.0393229 0.0648148 
0 0.164583 0.755556 0.0458333 0.0731481 
0 0.21875 0.71412 0.0385417 0.0569444 
0 0.713802 0.287269 0.0364583 0.0402778 
0 0.469661 0.296296 0.0289063 0.0546296 
0 0.0759115 0.20625 0.0471354 0.0430556 
0 0.401302 0.853704 0.0536458 0.0907407 
0 0.270964 0.2875 0.0554687 0.0481481 
0 0.339323 0.751389 0.028125 0.0388889 
0 0.266667 0.932176 0.0401042 0.114352 
0 0.241406 0.127778 0.0463542 0.0490741 
0 0.659115 0.399306 0.0734375 0.0652778 
0 0.096875 0.11875 0.0484375 0.050463 
0 0.488281 0.35787 0.0619792 0.0490741 
0 0.534245 0.902778 0.0497396 0.125 
0 0.411589 0.0967593 0.0486979 0.0703704 
0 0.199349 0.590278 0.0356771 0.05 
0 0.351953 0.0347222 0.0356771 0.0675926 
0 0.413542 0.741435 0.0578125 0.0560185 
0 0.117708 0.639815 0.0197917 0.0898148 
0 0.0674479 0.876852 0.0354167 0.0555556 
0 0.0726563 0.0583333 0.0390625 0.0592593 
0 0.0933594 0.319213 0.0789063 0.0550926 
0 0.797396 0.256944 0.0328125 0.0953704 
0 0.102734 0.455324 0.0424479 0.0393519 
0 0.139583 0.404861 0.03125 0.0967593 
0 0.148828 0.0210648 0.0513021 0.0421296 
0 0.113411 0.575463 0.0549479 0.0453704 
0 0.319141 0.340972 0.0466146 0.0550926 
0 0.629818 0.752083 0.0783854 0.0837963 
0 0.264974 0.185417 0.0361979 0.049537 
0 0.538542 0.483333 0.0598958 0.0527778 
0 0.443099 0.307407 0.0330729 0.05 
0 0.0384115 0.652315 0.0445312 0.0564815 
0 0.210026 0.0564815 0.0481771 0.0425926 
0 0.442187 0.100694 0.0359375 0.0606481 
0 0.523438 0.65625 0.0583333 0.0532407 
