0 0.740625 0.0636574 0.0416667 0.0467593 
0 0.605469 0.0641204 0.0307292 0.0412037 
0 0.503385 0.633565 0.040625 0.0513889 
0 0.682161 0.227778 0.0429688 0.0481481 
0 0.52487 0.275 0.0320312 0.0564815 
0 0.412891 0.719213 0.0507812 0.0560185 
0 0.642578 0.766898 0.0705729 0.0421296 
0 0.757422 0.0210648 0.0252604 0.0421296 
0 0.526302 0.372222 0.0416667 0.0675926 
0 0.310026 0.0453704 0.0414063 0.0611111 
0 0.630859 0.251852 0.0236979 0.107407 
0 0.355859 0.271759 0.0429688 0.0425926 
0 0.303385 0.526852 0.0317708 0.0462963 
0 0.697786 0.180787 0.0315104 0.0791667 
0 0.47474 0.563194 0.0260417 0.0884259 
0 0.878906 0.147454 0.025 0.0523148 
0 0.361849 0.875926 0.0341146 0.0564815 
0 0.502474 0.0375 0.0356771 0.0703704 
0 0.30026 0.281713 0.0380208 0.0523148 
0 0.653255 0.423611 0.0236979 0.0944444 
0 0.338542 0.411574 0.0442708 0.037037 
0 0.565885 0.621528 0.0385417 0.0652778 
0 0.191146 0.806019 0.0442708 0.0398148 
0 0.485286 0.259491 0.0325521 0.0393519 
0 0.136328 0.0944444 0.0325521 0.0462963 
0 0.76224 0.330324 0.0546875 0.0541667 
0 0.713932 0.0199074 0.0606771 0.0351852 
0 0.173307 0.263426 0.0356771 0.062963 
0 0.634245 0.056713 0.0268229 0.0986111 
0 0.201953 0.881019 0.0361979 0.0638889 
0 0.52487 0.148611 0.0367187 0.087963 
0 0.575781 0.786343 0.0291667 0.0365741 
0 0.75 0.829861 0.0244792 0.0773148 
0 0.661068 0.718287 0.0273438 0.0541667 
0 0.452214 0.927083 0.0346354 0.0708333 
0 0.302214 0.228472 0.0299479 0.0587963 
0 0.380599 0.232407 0.0403646 0.0509259 
0 0.252474 0.0761574 0.0393229 0.0523148 
0 0.410937 0.362269 0.0328125 0.0467593 
0 0.696224 0.860648 0.0268229 0.0759259 
0 0.38763 0.483565 0.0502604 0.0458333 
0 0.278776 0.154167 0.0372396 0.05 
0 0.321094 0.234028 0.0286458 0.0560185 
0 0.304167 0.406944 0.0432292 0.0453704 
0 0.546875 0.259491 0.03125 0.0680556 
0 0.670313 0.546759 0.0395833 0.0388889 
0 0.454167 0.159028 0.0369792 0.049537 
0 0.678646 0.316204 0.0442708 0.0935185 
0 0.694792 0.598611 0.0276042 0.0675926 
0 0.105078 0.406481 0.0294271 0.0435185 
0 0.0196615 0.108333 0.0361979 0.0574074 
0 0.195703 0.357176 0.0528646 0.0541667 
0 0.223438 0.43125 0.0291667 0.0578704 
0 0.115885 0.287731 0.025 0.0550926 
0 0.241536 0.140046 0.0377604 0.0634259 
0 0.260677 0.984259 0.0572917 0.0314815 
0 0.191797 0.135648 0.0372396 0.037037 
0 0.825651 0.965509 0.0695312 0.0689815 
0 0.235026 0.567593 0.0325521 0.0444444 
0 0.0372396 0.495602 0.0401042 0.0365741 
0 0.0404948 0.398843 0.0481771 0.0680556 
