0 0.286198 0.201852 0.0921875 0.135185 
0 0.694792 0.301157 0.0770833 0.171759 
0 0.0941406 0.378241 0.0497396 0.122222 
0 0.239583 0.564583 0.0505208 0.170833 
0 0.632292 0.692593 0.0489583 0.0925926 
0 0.542969 0.296296 0.102083 0.0740741 
0 0.650391 0.0240741 0.0341146 0.0481481 
0 0.158594 0.297222 0.0859375 0.0703704 
0 0.56888 0.572917 0.0710938 0.143056 
0 0.666536 0.130324 0.0565104 0.0958333 
0 0.394531 0.584491 0.0307292 0.1375 
0 0.96875 0.268287 0.0609375 0.0736111 
0 0.874479 0.81088 0.0416667 0.147685 
0 0.827214 0.356019 0.0351562 0.0648148 
0 0.282292 0.879861 0.0364583 0.122685 
0 0.91849 0.899306 0.0958333 0.0773148 
0 0.462891 0.392593 0.0393229 0.152778 
0 0.422656 0.79213 0.03125 0.143519 
0 0.474089 0.107176 0.0382813 0.0847222 
0 0.0253906 0.696528 0.0335938 0.148611 
0 0.646094 0.396991 0.0619792 0.139352 
0 0.31875 0.425231 0.0348958 0.0837963 
0 0.212891 0.801389 0.0585938 0.0981481 
0 0.0329427 0.956481 0.0466146 0.087037 
0 0.827604 0.0826389 0.0833333 0.0736111 
0 0.099349 0.511343 0.0528646 0.0643518 
0 0.490885 0.475926 0.0385417 0.0898148 
0 0.338411 0.696296 0.0429688 0.112037 
0 0.123828 0.575463 0.0632813 0.0666667 
0 0.379557 0.959259 0.0502604 0.0787037 
0 0.555208 0.818056 0.0484375 0.116667 
0 0.565495 0.747685 0.0627604 0.0787037 
0 0.881901 0.200231 0.0664062 0.1625 
0 0.380599 0.335648 0.103906 0.0851852 
0 0.165755 0.47963 0.0481771 0.159259 
0 0.257422 0.625926 0.0320312 0.115741 
0 0.894531 0.019213 0.0630208 0.0384259 
0 0.95013 0.170602 0.0674479 0.075463 
0 0.936458 0.480093 0.0447917 0.0694444 
0 0.746094 0.908796 0.0421875 0.122222 
0 0.460807 0.623843 0.0361979 0.0708333 
0 0.155469 0.750463 0.04375 0.0583333 
0 0.655729 0.4875 0.0755208 0.0768519 
0 0.611328 0.852546 0.0356771 0.0875 
0 0.397526 0.759954 0.0398437 0.111574 
0 0.525391 0.428241 0.0471354 0.112037 
0 0.558203 0.962731 0.0533854 0.0699074 
0 0.0217448 0.369907 0.0414063 0.0916667 
0 0.944792 0.610648 0.0505208 0.0490741 
0 0.024349 0.563426 0.0471354 0.0777778 
0 0.382161 0.899306 0.0325521 0.113426 
0 0.644531 0.953009 0.0354167 0.0930556 
0 0.489453 0.376157 0.0424479 0.099537 
0 0.557682 0.415046 0.0450521 0.0643518 
0 0.66849 0.959954 0.0328125 0.074537 
0 0.317839 0.864583 0.0335938 0.0856481 
0 0.0972656 0.780324 0.0763021 0.0550926 
0 0.431901 0.638889 0.0382813 0.0787037 
0 0.685547 0.211806 0.0434896 0.0606481 
