0 0.622526 0.772685 0.0460938 0.166667 
0 0.846615 0.115741 0.0630208 0.0555556 
0 0.816406 0.302778 0.0505208 0.0851852 
0 0.704557 0.661806 0.0533854 0.128241 
0 0.409896 0.324769 0.0364583 0.0662037 
0 0.536068 0.306019 0.0565104 0.102778 
0 0.109635 0.0451389 0.05 0.0513889 
0 0.316146 0.0990741 0.0458333 0.0731481 
0 0.576693 0.447454 0.0585938 0.074537 
0 0.647526 0.656713 0.0565104 0.075463 
0 0.817448 0.0780093 0.0625 0.0884259 
0 0.514193 0.430787 0.0643229 0.074537 
0 0.6 0.155324 0.0677083 0.0689815 
0 0.804688 0.418056 0.0380208 0.0712963 
0 0.619531 0.942593 0.0328125 0.0712963 
0 0.758854 0.902778 0.0333333 0.126852 
0 0.775391 0.118056 0.0632813 0.126852 
0 0.58737 0.8125 0.0403646 0.062037 
0 0.422917 0.840741 0.0416667 0.0472222 
0 0.703516 0.146528 0.0606771 0.0912037 
0 0.380339 0.728241 0.0424479 0.0694444 
0 0.653776 0.400694 0.0315104 0.122685 
0 0.166927 0.0333333 0.0416667 0.0583333 
0 0.447135 0.764583 0.0609375 0.049537 
0 0.442839 0.0178241 0.0388021 0.0347222 
0 0.369141 0.204398 0.0325521 0.0430556 
0 0.546875 0.0300926 0.0973958 0.0601852 
0 0.337891 0.506019 0.0445312 0.0694444 
0 0.347656 0.340046 0.0302083 0.049537 
0 0.174349 0.618056 0.0356771 0.0388889 
0 0.713281 0.880324 0.0395833 0.190278 
0 0.496745 0.659722 0.0606771 0.0601852 
0 0.957552 0.0201389 0.0369792 0.0402778 
0 0.416797 0.0752315 0.0648438 0.0680556 
0 0.786589 0.20787 0.125781 0.101852 
0 0.673828 0.239815 0.0424479 0.113889 
0 0.162109 0.47662 0.0455729 0.0893519 
0 0.357552 0.0208333 0.0348958 0.0416667 
0 0.594792 0.290046 0.0322917 0.127315 
0 0.0786458 0.543056 0.0567708 0.0657407 
0 0.1875 0.153704 0.0307292 0.0657407 
0 0.31224 0.805787 0.0338542 0.0717593 
0 0.338411 0.698843 0.0419271 0.0606481 
0 0.844792 0.187963 0.0536458 0.0861111 
0 0.0523437 0.341667 0.0291667 0.062963 
0 0.457552 0.837963 0.0291667 0.0953704 
0 0.648958 0.572454 0.0385417 0.105093 
0 0.415625 0.172917 0.0390625 0.0634259 
0 0.511719 0.768056 0.028125 0.0916667 
0 0.043099 0.596296 0.0429688 0.0601852 
0 0.204688 0.839352 0.0666667 0.0555556 
0 0.291016 0.665741 0.0601562 0.0555556 
0 0.330339 0.56875 0.0361979 0.105093 
0 0.408333 0.93588 0.0557292 0.0884259 
0 0.301432 0.199537 0.0424479 0.0555556 
0 0.140625 0.28912 0.0416667 0.0819444 
0 0.301172 0.292361 0.0325521 0.106944 
0 0.28125 0.143287 0.0369792 0.0430556 
0 0.145703 0.378009 0.0346354 0.0689815 
0 0.769531 0.385648 0.0828125 0.0685185 
0 0.194531 0.3125 0.0442708 0.075 
0 0.0541667 0.26412 0.0354167 0.0615741 
0 0.301302 0.427315 0.0255208 0.062963 
0 0.835026 0.372917 0.0502604 0.074537 
