0 0.871615 0.646991 0.0473958 0.11713 
0 0.717318 0.0391204 0.103385 0.0726852 
0 0.900911 0.72662 0.0450521 0.0662037 
0 0.755859 0.426852 0.0382813 0.0703704 
0 0.638672 0.197917 0.0888021 0.103241 
0 0.96237 0.496528 0.0466146 0.118981 
0 0.710938 0.732407 0.0552083 0.0907407 
0 0.324219 0.0509259 0.0411458 0.0777778 
0 0.590365 0.475694 0.0453125 0.123611 
0 0.301953 0.300463 0.0611979 0.109259 
0 0.603125 0.122685 0.0416667 0.112037 
0 0.818359 0.0275463 0.0476562 0.0550926 
0 0.600651 0.620833 0.0445312 0.131481 
0 0.764063 0.188194 0.053125 0.0856481 
0 0.30638 0.676157 0.0497396 0.0726852 
0 0.855469 0.784722 0.0411458 0.156481 
0 0.145052 0.783796 0.0677083 0.0601852 
0 0.173828 0.667593 0.0455729 0.131481 
0 0.960417 0.692593 0.0520833 0.0722222 
0 0.0486979 0.792593 0.0432292 0.0703704 
0 0.261719 0.700463 0.040625 0.121296 
0 0.732943 0.23588 0.0617188 0.0532407 
0 0.261328 0.964352 0.0627604 0.0657407 
0 0.0842448 0.485185 0.0455729 0.0703704 
0 0.358333 0.300231 0.0572917 0.0736111 
0 0.464453 0.871759 0.0533854 0.0944444 
0 0.729948 0.306481 0.0671875 0.0731481 
0 0.546875 0.623148 0.0536458 0.0851852 
0 0.798307 0.381713 0.0643229 0.1375 
0 0.478776 0.241435 0.0356771 0.0856481 
0 0.0313802 0.73125 0.0611979 0.0523148 
