0 0.644141 0.309259 0.0559896 0.112963 
0 0.736849 0.297454 0.0434896 0.127315 
0 0.756901 0.069213 0.0393229 0.0736111 
0 0.532161 0.71088 0.0450521 0.0930556 
0 0.455599 0.0414352 0.0695312 0.0791667 
0 0.639063 0.827315 0.0630208 0.0898148 
0 0.519531 0.346065 0.040625 0.0541667 
0 0.830599 0.163426 0.0315104 0.0490741 
0 0.688932 0.40787 0.0471354 0.0583333 
0 0.680599 0.190741 0.0658854 0.0564815 
0 0.798828 0.281944 0.0648438 0.12963 
0 0.328906 0.0615741 0.0395833 0.0675926 
0 0.502474 0.396991 0.0335938 0.0597222 
0 0.292318 0.108565 0.0367187 0.0810185 
0 0.736849 0.140509 0.0356771 0.130093 
0 0.368359 0.143519 0.0335938 0.0685185 
0 0.620052 0.240972 0.0291667 0.0634259 
0 0.266667 0.681481 0.05625 0.0601852 
0 0.563932 0.827315 0.0414063 0.0814815 
0 0.83112 0.024537 0.0257812 0.0490741 
0 0.109896 0.395602 0.0307292 0.0615741 
0 0.179036 0.441898 0.0346354 0.0569444 
0 0.0466146 0.65162 0.0390625 0.0412037 
0 0.521094 0.961806 0.0473958 0.0726852 
0 0.23138 0.553009 0.0377604 0.0523148 
0 0.361849 0.688426 0.0518229 0.0416667 
0 0.460938 0.441898 0.0338542 0.075463 
0 0.208073 0.21412 0.0401042 0.109722 
0 0.697786 0.0796296 0.0601562 0.0777778 
0 0.0355469 0.157639 0.0445312 0.0699074 
0 0.585938 0.491667 0.0505208 0.0768519 
0 0.460938 0.910648 0.0364583 0.126852 
0 0.627474 0.968982 0.0278646 0.062037 
0 0.358464 0.614583 0.0533854 0.0708333 
0 0.468099 0.596296 0.0382813 0.0666667 
0 0.589453 0.700694 0.0351562 0.0967593 
0 0.457682 0.138194 0.0231771 0.0810185 
0 0.398438 0.128241 0.0385417 0.0657407 
0 0.0417969 0.0168981 0.0549479 0.0337963 
0 0.565365 0.401852 0.0432292 0.0453704 
0 0.582552 0.321759 0.0270833 0.0611111 
0 0.0967448 0.108102 0.0445312 0.0578704 
0 0.861849 0.56875 0.0617188 0.0708333 
0 0.31224 0.532176 0.03125 0.101389 
0 0.260807 0.226852 0.0263021 0.0888889 
0 0.0988281 0.913194 0.0283854 0.0615741 
