0 0.476042 0.479167 0.0916667 0.0759259 
0 0.222005 0.766898 0.0481771 0.116204 
0 0.659635 0.661343 0.0541667 0.0782407 
0 0.845703 0.406713 0.0481771 0.120833 
0 0.931641 0.881944 0.0851562 0.0592593 
0 0.197396 0.44213 0.046875 0.0888889 
0 0.729036 0.647222 0.0315104 0.137963 
0 0.110547 0.820139 0.0486979 0.0736111 
0 0.474349 0.925231 0.0617188 0.100463 
0 0.922917 0.762037 0.06875 0.160185 
0 0.844661 0.730556 0.0268229 0.0833333 
0 0.414974 0.265046 0.0294271 0.0513889 
0 0.179688 0.626389 0.0552083 0.168519 
0 0.940495 0.954861 0.0367187 0.0726852 
0 0.0410156 0.700926 0.0591146 0.102778 
0 0.870182 0.928704 0.0492188 0.114815 
0 0.553776 0.483102 0.0320312 0.0615741 
0 0.24401 0.52963 0.0375 0.0759259 
