0 0.648438 0.193287 0.0520833 0.0708333 
0 0.798828 0.100463 0.0783854 0.0851852 
0 0.35013 0.357639 0.0528646 0.0625 
0 0.709505 0.0997685 0.0716146 0.0763889 
0 0.460677 0.42037 0.0484375 0.0666667 
0 0.399479 0.0375 0.0494792 0.075 
0 0.361328 0.160417 0.0377604 0.049537 
0 0.571354 0.342824 0.0619792 0.0652778 
0 0.65625 0.511806 0.0494792 0.0967593 
0 0.27513 0.749074 0.0377604 0.0453704 
0 0.622135 0.433565 0.03125 0.0773148 
0 0.760807 0.772685 0.0497396 0.0666667 
0 0.605469 0.784722 0.0385417 0.0509259 
0 0.499609 0.38287 0.0424479 0.0537037 
0 0.470313 0.093287 0.0270833 0.0560185 
0 0.705599 0.367361 0.0455729 0.0560185 
0 0.398047 0.921065 0.0643229 0.106019 
0 0.132292 0.730787 0.040625 0.050463 
0 0.631771 0.293981 0.0552083 0.0675926 
0 0.667448 0.441204 0.0265625 0.0648148 
0 0.15651 0.504398 0.0442708 0.0736111 
0 0.410937 0.535185 0.0390625 0.0675926 
0 0.232031 0.109028 0.0401042 0.0375 
0 0.371484 0.871065 0.0570313 0.0587963 
0 0.264583 0.927083 0.0588542 0.0486111 
0 0.311328 0.630093 0.0351562 0.0824074 
0 0.292188 0.396296 0.0421875 0.0481481 
0 0.260807 0.662731 0.0382813 0.0689815 
0 0.025651 0.417361 0.0372396 0.0449074 
0 0.288542 0.313194 0.05 0.0467593 
0 0.884766 0.313657 0.0502604 0.0847222 
0 0.564844 0.0608796 0.0604167 0.0875 
0 0.221354 0.175694 0.0286458 0.0486111 
0 0.259505 0.169444 0.0361979 0.0592593 
0 0.383073 0.209259 0.0333333 0.10463 
0 0.322396 0.10162 0.0333333 0.0773148 
0 0.283724 0.432176 0.0283854 0.0421296 
0 0.231901 0.392824 0.0377604 0.0652778 
0 0.645052 0.588889 0.0703125 0.0990741 
0 0.0841146 0.849074 0.04375 0.0518519 
0 0.501432 0.117824 0.0367187 0.0708333 
0 0.398047 0.984028 0.0544271 0.0319444 
0 0.432422 0.158796 0.0434896 0.075 
