0 0.22474 0.708333 0.0645833 0.15463 
0 0.873438 0.525231 0.0578125 0.121759 
0 0.873568 0.314583 0.0476562 0.0865741 
0 0.138411 0.418056 0.0867188 0.0648148 
0 0.775391 0.67662 0.0361979 0.113426 
0 0.31862 0.873843 0.0533854 0.111574 
0 0.0386719 0.690509 0.0242187 0.0578704 
0 0.574219 0.689352 0.0614583 0.100926 
0 0.640625 0.723843 0.05 0.108796 
0 0.48151 0.875 0.0333333 0.0814815 
0 0.507812 0.285185 0.0317708 0.0648148 
0 0.249609 0.398611 0.0382813 0.0796296 
0 0.511198 0.561574 0.0447917 0.0990741 
0 0.848568 0.641435 0.0367187 0.0939815 
0 0.984896 0.941898 0.0302083 0.114352 
0 0.877865 0.922685 0.025 0.116667 
0 0.843229 0.103009 0.0265625 0.0680556 
0 0.279818 0.795602 0.0325521 0.0949074 
0 0.160156 0.545139 0.0755208 0.050463 
0 0.311979 0.524769 0.0421875 0.125463 
0 0.621615 0.976389 0.0515625 0.0472222 
