0 0.80026 0.874074 0.101042 0.116667 
0 0.739714 0.106944 0.0846354 0.0768519 
0 0.703646 0.890741 0.0791667 0.0925926 
0 0.76901 0.398148 0.0828125 0.0712963 
0 0.870573 0.0703704 0.05625 0.0731481 
0 0.766146 0.300463 0.0557292 0.075 
0 0.388932 0.891435 0.0544271 0.0884259 
0 0.722656 0.769907 0.0328125 0.160185 
0 0.722135 0.366898 0.0682292 0.0671296 
0 0.755339 0.777315 0.0309896 0.125 
0 0.228125 0.855556 0.0515625 0.0453704 
0 0.657682 0.503935 0.0622396 0.106944 
0 0.782161 0.481713 0.0341146 0.0847222 
0 0.0885417 0.826389 0.0447917 0.0518519 
0 0.409896 0.159491 0.05 0.0550926 
0 0.176432 0.0875 0.0388021 0.0648148 
0 0.591276 0.563657 0.0580729 0.172685 
0 0.0548177 0.526389 0.0257812 0.0611111 
0 0.110807 0.253472 0.0466146 0.0439815 
0 0.628906 0.333796 0.0572917 0.0824074 
0 0.289583 0.69838 0.053125 0.0578704 
0 0.532812 0.289583 0.0369792 0.0763889 
0 0.372266 0.477315 0.0403646 0.0611111 
0 0.541927 0.411343 0.0635417 0.049537 
0 0.965365 0.535417 0.0484375 0.0652778 
0 0.385026 0.560648 0.0257812 0.075 
0 0.188021 0.682639 0.059375 0.0421296 
0 0.798437 0.709028 0.0375 0.0625 
0 0.576693 0.243519 0.0325521 0.0777778 
0 0.176432 0.57037 0.0440104 0.0509259 
0 0.469531 0.329398 0.0375 0.0439815 
0 0.490104 0.816898 0.0244792 0.0597222 
0 0.303385 0.298611 0.0510417 0.05 
0 0.257292 0.381019 0.053125 0.0564815 
0 0.132422 0.415046 0.0460938 0.0347222 
0 0.0329427 0.113657 0.0393229 0.0467593 
0 0.502865 0.700694 0.0364583 0.0523148 
0 0.438281 0.0650463 0.05625 0.0486111 
0 0.243099 0.253472 0.0393229 0.0763889 
0 0.477083 0.949769 0.06875 0.0875 
0 0.759766 0.670139 0.0330729 0.0930556 
0 0.357943 0.680093 0.0361979 0.05 
0 0.233464 0.190972 0.0393229 0.0662037 
0 0.234115 0.8125 0.0619792 0.05 
0 0.676302 0.0953704 0.0354167 0.0462963 
0 0.588802 0.459722 0.0328125 0.0472222 
0 0.00872396 0.648843 0.0143229 0.0976852 
0 0.658203 0.198843 0.0341146 0.0736111 
0 0.392839 0.0509259 0.0325521 0.101852 
0 0.0266927 0.291435 0.0341146 0.0662037 
0 0.394401 0.828472 0.0361979 0.0587963 
0 0.408203 0.741435 0.0502604 0.050463 
0 0.0347656 0.251852 0.0481771 0.0703704 
0 0.211328 0.475926 0.0445312 0.0425926 
0 0.449609 0.501852 0.0471354 0.0444444 
0 0.92526 0.0893519 0.0421875 0.0648148 
0 0.505339 0.63912 0.0351562 0.0449074 
