0 0.307552 0.834028 0.0359375 0.0569444 
0 0.194141 0.0736111 0.0757812 0.0777778 
0 0.652865 0.619444 0.0765625 0.0657407 
0 0.435547 0.482176 0.0653646 0.0763889 
0 0.489323 0.497454 0.0354167 0.0986111 
0 0.520443 0.312269 0.0388021 0.0560185 
0 0.582943 0.226157 0.0304688 0.158796 
0 0.658724 0.372685 0.0674479 0.101852 
0 0.475 0.935648 0.0442708 0.12037 
0 0.701172 0.171528 0.0377604 0.0393519 
0 0.299479 0.137269 0.0364583 0.0578704 
0 0.523438 0.408102 0.113542 0.114352 
0 0.166536 0.361806 0.0460938 0.106944 
0 0.726953 0.0946759 0.0341146 0.050463 
0 0.395573 0.0909722 0.0463542 0.0513889 
0 0.546354 0.722454 0.053125 0.0587963 
0 0.331901 0.20162 0.0377604 0.0560185 
0 0.282031 0.372454 0.0630208 0.0569444 
0 0.0833333 0.743981 0.0552083 0.0555556 
0 0.503906 0.813889 0.0276042 0.100926 
0 0.471484 0.0960648 0.0335938 0.178241 
0 0.527344 0.861343 0.0416667 0.122685 
0 0.920964 0.0520833 0.0315104 0.0467593 
0 0.610417 0.372454 0.0494792 0.0726852 
0 0.268229 0.187037 0.0609375 0.05 
0 0.260156 0.458333 0.0552083 0.0481481 
0 0.229297 0.922685 0.0695312 0.0546296 
0 0.450391 0.859722 0.0580729 0.0638889 
0 0.25612 0.656713 0.0539063 0.0375 
0 0.321615 0.302083 0.0364583 0.109722 
0 0.130859 0.874768 0.0601562 0.0587963 
0 0.148698 0.121759 0.0494792 0.103704 
0 0.206641 0.383333 0.0445312 0.0518519 
0 0.171615 0.222222 0.05625 0.0722222 
0 0.0191406 0.221528 0.0356771 0.050463 
0 0.0390625 0.55625 0.0333333 0.0513889 
0 0.114193 0.97338 0.0393229 0.0532407 
0 0.71237 0.452546 0.13776 0.0819444 
0 0.0273438 0.0759259 0.03125 0.0546296 
0 0.653385 0.703472 0.0369792 0.0717593 
0 0.575651 0.632407 0.0617188 0.0611111 
0 0.628906 0.187731 0.0822917 0.0662037 
0 0.11263 0.43125 0.0778646 0.050463 
0 0.974609 0.293056 0.0403646 0.0685185 
0 0.442839 0.683102 0.0851562 0.0625 
0 0.365885 0.188194 0.0276042 0.0837963 
0 0.228906 0.437731 0.0473958 0.0523148 
0 0.0498698 0.153241 0.0299479 0.0731481 
0 0.109245 0.0430556 0.0700521 0.0518519 
0 0.215495 0.208565 0.0419271 0.104167 
0 0.430078 0.0335648 0.0752604 0.0615741 
0 0.471875 0.710417 0.0614583 0.0726852 
0 0.11237 0.330787 0.0445312 0.113426 
0 0.373307 0.73588 0.0440104 0.0671296 
0 0.167969 0.581019 0.0364583 0.107407 
0 0.539583 0.108333 0.0390625 0.125926 
0 0.669922 0.954861 0.0867188 0.075463 
0 0.175 0.760417 0.0416667 0.0652778 
0 0.147526 0.030787 0.0268229 0.0606481 
0 0.117448 0.821296 0.025 0.0759259 
0 0.365495 0.686574 0.0309896 0.0712963 
0 0.440104 0.551852 0.0354167 0.037037 
0 0.163542 0.963426 0.05625 0.0722222 
0 0.192708 0.905324 0.0453125 0.0726852 
0 0.567318 0.401157 0.0236979 0.0532407 
0 0.392578 0.180324 0.0231771 0.099537 
0 0.333984 0.741667 0.0356771 0.0759259 
0 0.0872396 0.207407 0.0447917 0.0388889 
0 0.136328 0.514352 0.0731771 0.0666667 
