0 0.871615 0.062037 0.0395833 0.110185 
0 0.597135 0.0377315 0.06875 0.075463 
0 0.165755 0.561111 0.0445312 0.10463 
0 0.588932 0.290741 0.0460938 0.1 
0 0.44974 0.192593 0.0630208 0.0842593 
0 0.98151 0.783102 0.0364583 0.0643518 
0 0.577214 0.565509 0.0377604 0.115278 
0 0.241797 0.526852 0.0361979 0.0787037 
0 0.578646 0.123843 0.0390625 0.0699074 
0 0.164844 0.336111 0.0375 0.0694444 
0 0.73099 0.408796 0.0375 0.132407 
0 0.31276 0.0895833 0.0416667 0.0662037 
0 0.834505 0.568519 0.0388021 0.0805556 
0 0.255599 0.432639 0.0356771 0.0699074 
0 0.670313 0.431713 0.0395833 0.099537 
0 0.977995 0.684954 0.0424479 0.0587963 
0 0.21237 0.251852 0.0481771 0.0574074 
0 0.638672 0.519676 0.0356771 0.10787 
0 0.892057 0.160417 0.0466146 0.0828704 
0 0.509766 0.76088 0.0507812 0.0763889 
0 0.380078 0.738426 0.0408854 0.0518519 
0 0.689974 0.138194 0.0346354 0.0689815 
0 0.838932 0.37037 0.0341146 0.0675926 
0 0.0589844 0.394907 0.0377604 0.0814815 
0 0.847656 0.268287 0.0432292 0.0828704 
0 0.475 0.334491 0.0317708 0.111574 
0 0.835417 0.745139 0.0427083 0.0587963 
0 0.977995 0.406019 0.0393229 0.0824074 
0 0.164714 0.13287 0.0648438 0.0731481 
0 0.536198 0.0252315 0.0322917 0.050463 
0 0.763672 0.0516204 0.0398437 0.0449074 
0 0.541536 0.454398 0.0596354 0.0828704 
0 0.290104 0.758102 0.0427083 0.0652778 
0 0.411589 0.388889 0.0356771 0.0453704 
0 0.782682 0.427546 0.0518229 0.0865741 
0 0.151042 0.0199074 0.0427083 0.0398148 
0 0.0996094 0.0203704 0.0544271 0.0388889 
0 0.357422 0.176389 0.0398437 0.0583333 
0 0.119141 0.67338 0.0398437 0.0671296 
0 0.0285156 0.411574 0.0450521 0.0731481 
0 0.683073 0.350694 0.0484375 0.0680556 
0 0.905208 0.375 0.0328125 0.0601852 
0 0.611849 0.559028 0.0252604 0.130093 
0 0.983073 0.541204 0.0338542 0.0731481 
0 0.741146 0.637269 0.0427083 0.0689815 
0 0.351823 0.232639 0.0546875 0.0773148 
0 0.264193 0.0467593 0.0440104 0.0555556 
