0 0.639193 0.455324 0.0825521 0.0893519 
0 0.597135 0.0944444 0.040625 0.0861111 
0 0.58099 0.6 0.0583333 0.0694444 
0 0.260417 0.0599537 0.0588542 0.0560185 
0 0.323307 0.289352 0.0388021 0.05 
0 0.209635 0.307176 0.0484375 0.0550926 
0 0.593359 0.25787 0.0617188 0.153704 
0 0.413802 0.711343 0.0317708 0.074537 
0 0.548307 0.568981 0.0408854 0.0518519 
0 0.320833 0.625463 0.0604167 0.0685185 
0 0.54388 0.135648 0.0726563 0.05 
0 0.553776 0.752546 0.0278646 0.0912037 
0 0.45013 0.603241 0.0518229 0.0666667 
0 0.484375 0.535185 0.0635417 0.062037 
0 0.470052 0.7625 0.0447917 0.146296 
0 0.340755 0.111343 0.0424479 0.0532407 
0 0.595182 0.296065 0.0544271 0.103241 
0 0.259505 0.717824 0.0408854 0.0819444 
0 0.530339 0.171759 0.0632813 0.0574074 
0 0.126302 0.325 0.04375 0.05 
0 0.0311198 0.463426 0.0424479 0.0592593 
0 0.669922 0.116667 0.0710938 0.0685185 
0 0.117969 0.733102 0.0364583 0.0791667 
0 0.551302 0.855787 0.0546875 0.0569444 
0 0.45013 0.263194 0.0773437 0.0615741 
0 0.340365 0.363194 0.0546875 0.0597222 
0 0.172656 0.267824 0.034375 0.0393519 
0 0.0490885 0.40162 0.0440104 0.0541667 
0 0.388672 0.585185 0.0570313 0.0861111 
0 0.530208 0.936574 0.0708333 0.087963 
0 0.410677 0.490278 0.0526042 0.0592593 
0 0.219141 0.100926 0.0346354 0.0490741 
0 0.44375 0.0543981 0.0421875 0.0523148 
0 0.515104 0.406944 0.059375 0.0546296 
0 0.0688802 0.519444 0.0580729 0.062037 
0 0.487109 0.0666667 0.0611979 0.0546296 
0 0.310807 0.0738426 0.0341146 0.0532407 
0 0.207292 0.670139 0.0447917 0.0708333 
0 0.249349 0.47963 0.0346354 0.087963 
0 0.256771 0.928009 0.0864583 0.109722 
0 0.0891927 0.825231 0.0377604 0.0606481 
0 0.399479 0.879861 0.0416667 0.0856481 
0 0.417448 0.821296 0.0432292 0.0768519 
0 0.115104 0.646296 0.0453125 0.0601852 
0 0.177344 0.883333 0.0354167 0.075 
0 0.105859 0.4375 0.0216146 0.0888889 
0 0.270833 0.847222 0.0578125 0.0407407 
0 0.059375 0.133102 0.0390625 0.0523148 
0 0.160547 0.562963 0.0393229 0.0675926 
