0 0.919922 0.811111 0.120052 0.112037 
0 0.703646 0.86875 0.0671875 0.0828704 
0 0.70013 0.409028 0.0679687 0.152315 
0 0.892578 0.618056 0.11224 0.0953704 
0 0.811068 0.568981 0.0846354 0.162037 
0 0.694792 0.687963 0.053125 0.150926 
0 0.876432 0.188194 0.0513021 0.0708333 
0 0.843229 0.911343 0.0645833 0.0717593 
0 0.609375 0.869213 0.0432292 0.0819444 
0 0.873958 0.462963 0.0515625 0.062963 
0 0.132552 0.725694 0.0432292 0.0634259 
0 0.420182 0.147685 0.0653646 0.0685185 
0 0.733854 0.600694 0.0375 0.0847222 
0 0.638281 0.298843 0.0744792 0.0708333 
0 0.548828 0.756944 0.0638021 0.0564815 
0 0.489844 0.767824 0.04375 0.110648 
0 0.642057 0.662269 0.0398437 0.178241 
0 0.813932 0.728935 0.0726563 0.074537 
0 0.104557 0.620602 0.0523437 0.0476852 
0 0.427734 0.430556 0.0408854 0.0796296 
0 0.0799479 0.265278 0.028125 0.087037 
0 0.039974 0.669213 0.0351562 0.0523148 
0 0.295312 0.790278 0.0223958 0.0787037 
0 0.189583 0.106713 0.0677083 0.0476852 
0 0.373047 0.605093 0.0471354 0.0666667 
0 0.136589 0.85162 0.0611979 0.0773148 
0 0.44401 0.260417 0.0265625 0.105093 
0 0.0175781 0.395602 0.0309896 0.0587963 
0 0.0652344 0.808102 0.0716146 0.0634259 
0 0.485026 0.833333 0.0445312 0.0611111 
0 0.227083 0.206944 0.0333333 0.0601852 
0 0.0182292 0.521296 0.0338542 0.0731481 
0 0.140365 0.221296 0.0572917 0.0842593 
0 0.536589 0.263194 0.0372396 0.0717593 
0 0.183984 0.249769 0.0440104 0.0652778 
0 0.654297 0.496991 0.0382813 0.0699074 
0 0.271745 0.310648 0.0408854 0.0555556 
0 0.747135 0.134491 0.05 0.099537 
0 0.692839 0.981944 0.0450521 0.0361111 
0 0.433594 0.590741 0.0416667 0.0490741 
0 0.448958 0.180556 0.0265625 0.0527778 
0 0.208333 0.934722 0.0604167 0.062963 
0 0.194141 0.481713 0.0236979 0.0587963 
0 0.0988281 0.199769 0.0335938 0.0513889 
0 0.341276 0.478472 0.0382813 0.0634259 
