0 0.26901 0.770833 0.0713542 0.0768519 
0 0.216536 0.369676 0.0429688 0.118981 
0 0.331641 0.498148 0.0414063 0.17037 
0 0.220833 0.573611 0.0614583 0.0592593 
0 0.302995 0.312731 0.0455729 0.0550926 
0 0.709505 0.543981 0.0502604 0.123148 
0 0.767057 0.684028 0.0424479 0.0865741 
0 0.0355469 0.36713 0.0617188 0.0787037 
0 0.43138 0.909722 0.0341146 0.160185 
0 0.609896 0.525694 0.0380208 0.0930556 
0 0.697266 0.849537 0.0559896 0.142593 
0 0.0824219 0.929861 0.0648438 0.120833 
0 0.836849 0.915741 0.0622396 0.106481 
0 0.653255 0.928009 0.0471354 0.136574 
0 0.315234 0.0747685 0.0460938 0.0717593 
0 0.754427 0.6125 0.0604167 0.0555556 
0 0.16263 0.601852 0.0450521 0.0694444 
0 0.567448 0.577778 0.0416667 0.0777778 
0 0.542057 0.384491 0.0575521 0.0476852 
0 0.481771 0.190509 0.0395833 0.0680556 
0 0.23112 0.232176 0.0518229 0.0680556 
0 0.372526 0.308796 0.0377604 0.0546296 
