0 0.682031 0.0706019 0.0494792 0.1375 
0 0.517578 0.483796 0.0611979 0.0824074 
0 0.226432 0.490046 0.0481771 0.0532407 
0 0.35625 0.957639 0.0546875 0.0847222 
0 0.759245 0.0761574 0.0330729 0.129167 
0 0.608464 0.108565 0.0700521 0.109722 
0 0.57513 0.383333 0.0367187 0.0481481 
0 0.290234 0.847222 0.0450521 0.0703704 
0 0.664974 0.431944 0.0414063 0.0462963 
0 0.753385 0.336806 0.028125 0.0541667 
0 0.741667 0.675463 0.08125 0.0685185 
0 0.525391 0.19838 0.0747396 0.0532407 
0 0.689453 0.773148 0.0513021 0.128704 
0 0.467969 0.316204 0.0411458 0.0444444 
0 0.615625 0.596759 0.0317708 0.113889 
0 0.398438 0.43287 0.0671875 0.075 
0 0.651302 0.647222 0.04375 0.0592593 
0 0.667969 0.246065 0.0447917 0.0763889 
0 0.524479 0.256019 0.0703125 0.0703704 
0 0.590365 0.330787 0.0541667 0.0532407 
0 0.415755 0.709491 0.0471354 0.0689815 
0 0.257031 0.577778 0.0583333 0.0638889 
0 0.627474 0.474306 0.0330729 0.0569444 
0 0.746094 0.603704 0.0489583 0.0796296 
0 0.728516 0.135185 0.0294271 0.0907407 
0 0.181901 0.40625 0.0356771 0.0587963 
0 0.544401 0.382407 0.0372396 0.075 
0 0.295182 0.318056 0.0440104 0.0675926 
0 0.324219 0.519907 0.0598958 0.0675926 
0 0.636719 0.794676 0.04375 0.0643518 
0 0.456641 0.64213 0.0283854 0.0935185 
0 0.371094 0.597222 0.0567708 0.0694444 
0 0.476693 0.585185 0.0356771 0.0398148 
0 0.14401 0.286574 0.0385417 0.0435185 
0 0.352995 0.818287 0.0523437 0.0837963 
0 0.794531 0.658102 0.0494792 0.0523148 
0 0.0755208 0.490972 0.0515625 0.0532407 
0 0.559505 0.865741 0.0388021 0.0953704 
0 0.590365 0.643981 0.0473958 0.0583333 
0 0.161979 0.457407 0.0401042 0.05 
0 0.602604 0.0349537 0.0484375 0.0689815 
0 0.527734 0.0185185 0.0460938 0.037037 
0 0.0334635 0.42037 0.0408854 0.0648148 
0 0.352474 0.259491 0.0460938 0.050463 
0 0.0576823 0.215972 0.0507812 0.0717593 
0 0.327474 0.736111 0.0731771 0.123148 
0 0.675781 0.643981 0.0302083 0.0509259 
0 0.1875 0.260648 0.034375 0.0472222 
0 0.476823 0.437963 0.0416667 0.137037 
