0 0.0532552 0.441898 0.0617188 0.108796 
0 0.249349 0.259722 0.0372396 0.144444 
0 0.836849 0.144444 0.0851562 0.0898148 
0 0.290104 0.254398 0.0453125 0.0625 
0 0.667448 0.476389 0.0322917 0.0694444 
0 0.0710938 0.69213 0.0479167 0.0833333 
0 0.344922 0.453935 0.0445312 0.100463 
0 0.458203 0.41875 0.0419271 0.0532407 
0 0.926823 0.153704 0.0598958 0.0842593 
0 0.771875 0.336111 0.0526042 0.0833333 
0 0.189063 0.29375 0.0338542 0.0726852 
0 0.297656 0.452546 0.0505208 0.0541667 
0 0.385807 0.342593 0.0424479 0.0953704 
0 0.832031 0.534722 0.0473958 0.0842593 
0 0.104948 0.740741 0.0682292 0.0981481 
0 0.795443 0.390278 0.0309896 0.0787037 
0 0.37526 0.811574 0.0588542 0.0796296 
0 0.157292 0.438657 0.0302083 0.0958333 
0 0.51224 0.520833 0.0505208 0.0657407 
0 0.240365 0.715278 0.0427083 0.0694444 
0 0.832943 0.397917 0.0419271 0.074537 
0 0.791536 0.72662 0.0304688 0.0541667 
0 0.475391 0.702546 0.0367187 0.0847222 
0 0.436068 0.591898 0.0367187 0.0606481 
0 0.563411 0.474769 0.0393229 0.0828704 
0 0.539453 0.349537 0.0466146 0.0574074 
0 0.18151 0.480093 0.0515625 0.0657407 
0 0.900391 0.296528 0.0700521 0.0717593 
0 0.330859 0.75787 0.0658854 0.062037 
0 0.63125 0.913194 0.0265625 0.0541667 
0 0.640625 0.769444 0.0307292 0.0907407 
0 0.445833 0.486111 0.0671875 0.0472222 
0 0.341146 0.686574 0.0364583 0.062037 
0 0.488802 0.627546 0.0291667 0.106944 
0 0.791536 0.657176 0.0304688 0.0921296 
0 0.903906 0.569444 0.034375 0.0666667 
0 0.773438 0.871528 0.05625 0.0486111 
0 0.101042 0.481713 0.0260417 0.0763889 
0 0.723177 0.305093 0.0458333 0.0731481 
