0 0.358203 0.462269 0.0414063 0.10787 
0 0.214974 0.271759 0.0445312 0.117593 
0 0.720182 0.486343 0.0356771 0.0689815 
0 0.603516 0.568981 0.0554687 0.0824074 
0 0.148438 0.247917 0.0369792 0.0837963 
0 0.604557 0.378472 0.0710938 0.0717593 
0 0.265625 0.368287 0.0442708 0.0976852 
0 0.563021 0.188194 0.0791667 0.149537 
0 0.676302 0.46412 0.0333333 0.0652778 
0 0.697786 0.541667 0.0341146 0.0592593 
0 0.752865 0.39375 0.0453125 0.0578704 
0 0.156901 0.100926 0.0419271 0.0509259 
0 0.830078 0.681019 0.0695312 0.155556 
0 0.183333 0.209491 0.0598958 0.105093 
0 0.146094 0.018287 0.0369792 0.0365741 
0 0.580599 0.421528 0.0330729 0.0856481 
0 0.119922 0.540046 0.0601562 0.0847222 
0 0.59375 0.0280093 0.0536458 0.0560185 
0 0.406901 0.362037 0.0632813 0.0555556 
0 0.745573 0.796991 0.0411458 0.0967593 
0 0.519141 0.362731 0.0596354 0.0671296 
0 0.467318 0.479167 0.0559896 0.0787037 
0 0.157813 0.470602 0.0666667 0.0865741 
0 0.531771 0.235648 0.040625 0.0944444 
0 0.45651 0.653704 0.0572917 0.075 
0 0.708464 0.303009 0.0544271 0.0726852 
0 0.79388 0.609491 0.0263021 0.0810185 
0 0.235286 0.896759 0.0575521 0.10463 
0 0.18138 0.298843 0.0393229 0.0819444 
0 0.26875 0.104861 0.0395833 0.0800926 
0 0.98099 0.589583 0.0328125 0.0634259 
0 0.304427 0.538194 0.0536458 0.0773148 
0 0.228125 0.338657 0.0744792 0.0949074 
0 0.1875 0.40463 0.0333333 0.0925926 
0 0.912109 0.950694 0.0585938 0.0958333 
0 0.510807 0.424074 0.0304688 0.0777778 
0 0.35599 0.301852 0.0463542 0.0916667 
