0 0.733464 0.881481 0.11224 0.0722222 
0 0.633854 0.218519 0.0703125 0.118519 
0 0.117708 0.403472 0.0510417 0.0893519 
0 0.754427 0.242824 0.0463542 0.0837963 
0 0.283333 0.815509 0.0833333 0.0615741 
0 0.194401 0.787731 0.0736979 0.0597222 
0 0.609375 0.0560185 0.05 0.100926 
0 0.567318 0.686574 0.0653646 0.0509259 
0 0.101953 0.80787 0.0747396 0.0666667 
0 0.541016 0.27662 0.0440104 0.172685 
0 0.603516 0.845602 0.0664062 0.120833 
0 0.11901 0.6875 0.0416667 0.119444 
0 0.13125 0.0675926 0.0541667 0.0703704 
0 0.625 0.409259 0.0479167 0.193519 
0 0.51862 0.5875 0.0679687 0.0666667 
0 0.649479 0.547685 0.0708333 0.0731481 
0 0.421094 0.254861 0.141146 0.103241 
0 0.479297 0.875 0.0466146 0.205556 
0 0.25625 0.122222 0.0645833 0.0740741 
0 0.0377604 0.711806 0.0552083 0.0763889 
0 0.418359 0.503472 0.0460938 0.133796 
0 0.563932 0.97963 0.0450521 0.0407407 
0 0.0929687 0.485185 0.040625 0.0740741 
0 0.41888 0.635417 0.0580729 0.0625 
0 0.531771 0.386574 0.0536458 0.0453704 
0 0.323698 0.491667 0.04375 0.0638889 
0 0.363802 0.348843 0.0473958 0.0634259 
0 0.0764323 0.590972 0.0382813 0.0837963 
0 0.454557 0.536574 0.0257812 0.135185 
0 0.371875 0.851157 0.0421875 0.113426 
0 0.39401 0.39838 0.059375 0.0652778 
0 0.489974 0.963657 0.0591146 0.0708333 
0 0.653255 0.0435185 0.0429688 0.0787037 
0 0.413542 0.468519 0.0505208 0.125 
0 0.0533854 0.498611 0.053125 0.0564815 
0 0.403125 0.0280093 0.071875 0.0560185 
0 0.49388 0.140046 0.0372396 0.0856481 
0 0.120182 0.584954 0.0320312 0.11713 
0 0.682552 0.581481 0.053125 0.0601852 
0 0.479688 0.347917 0.0390625 0.114352 
0 0.319401 0.134259 0.0502604 0.126852 
0 0.235677 0.293287 0.053125 0.0856481 
0 0.469661 0.700926 0.0596354 0.0675926 
0 0.308073 0.868981 0.084375 0.0555556 
0 0.311979 0.973843 0.059375 0.0523148 
0 0.0157552 0.405093 0.0309896 0.0675926 
0 0.272266 0.38912 0.0424479 0.0708333 
0 0.0247396 0.2375 0.0369792 0.0842593 
