0 0.636198 0.0358796 0.0546875 0.0717593 
0 0.455208 0.791667 0.0536458 0.0805556 
0 0.321354 0.561574 0.0479167 0.0787037 
0 0.576172 0.152546 0.0440104 0.0523148 
0 0.777344 0.0601852 0.0739583 0.0657407 
0 0.620052 0.706944 0.0416667 0.0444444 
0 0.427214 0.208102 0.0481771 0.0578704 
0 0.683594 0.609259 0.0442708 0.0787037 
0 0.418229 0.619444 0.0421875 0.0833333 
0 0.566406 0.479167 0.0375 0.112963 
0 0.385417 0.837731 0.0411458 0.0486111 
0 0.582552 0.953009 0.0416667 0.0930556 
0 0.479036 0.694907 0.0289063 0.0388889 
0 0.199219 0.556713 0.0348958 0.0541667 
0 0.666016 0.420833 0.0268229 0.0481481 
0 0.59375 0.376157 0.0494792 0.0412037 
0 0.510286 0.416667 0.0408854 0.0583333 
0 0.61224 0.461806 0.0640625 0.0634259 
0 0.0295573 0.0796296 0.0486979 0.0481481 
0 0.0550781 0.539352 0.0497396 0.0537037 
0 0.584896 0.213657 0.0526042 0.0560185 
0 0.563021 0.371991 0.03125 0.10787 
0 0.54987 0.747222 0.0377604 0.137037 
0 0.493099 0.895833 0.0351562 0.114815 
0 0.377214 0.293287 0.0476562 0.0393519 
0 0.413542 0.377315 0.0479167 0.0944444 
0 0.695833 0.0229167 0.0348958 0.0458333 
0 0.383854 0.190509 0.0489583 0.0467593 
0 0.650391 0.136111 0.0372396 0.0648148 
0 0.479948 0.025 0.0421875 0.05 
0 0.129818 0.953009 0.0533854 0.0699074 
0 0.160026 0.150694 0.0596354 0.0402778 
0 0.496354 0.808565 0.0270833 0.0606481 
0 0.183854 0.463889 0.0734375 0.0546296 
0 0.431771 0.535648 0.046875 0.087037 
0 0.0235677 0.39213 0.0325521 0.0638889 
0 0.233073 0.296991 0.0552083 0.0652778 
0 0.244271 0.818519 0.0583333 0.0453704 
0 0.457292 0.313194 0.05 0.0587963 
0 0.417708 0.472917 0.059375 0.0856481 
0 0.519531 0.569444 0.0520833 0.126852 
0 0.34987 0.88287 0.0481771 0.0898148 
0 0.147005 0.643981 0.0648438 0.062037 
0 0.052474 0.976852 0.0617188 0.0462963 
0 0.0550781 0.322917 0.0351562 0.0680556 
0 0.580469 0.534259 0.0385417 0.0518519 
0 0.481771 0.10162 0.0359375 0.0921296 
0 0.532292 0.0358796 0.0598958 0.0625 
