0 0.939453 0.776389 0.0554687 0.075 
0 0.78763 0.301852 0.0273438 0.0638889 
0 0.872005 0.121991 0.0601562 0.14213 
0 0.851953 0.0277778 0.0627604 0.0555556 
0 0.683073 0.203241 0.0296875 0.111111 
0 0.785547 0.877546 0.0830729 0.0680556 
0 0.584896 0.159491 0.0338542 0.127315 
0 0.660677 0.880324 0.0505208 0.0652778 
0 0.69388 0.351157 0.0486979 0.118981 
0 0.585417 0.399074 0.084375 0.0694444 
0 0.634766 0.264815 0.0440104 0.0731481 
0 0.477734 0.178009 0.0632813 0.0467593 
0 0.742188 0.0361111 0.0265625 0.0722222 
0 0.484896 0.503935 0.0359375 0.0569444 
0 0.717318 0.375 0.0570313 0.0851852 
0 0.599609 0.318287 0.0393229 0.0800926 
0 0.480078 0.236343 0.0497396 0.0625 
0 0.873568 0.206481 0.0320312 0.0555556 
0 0.702083 0.831713 0.0453125 0.0800926 
0 0.314193 0.625 0.0356771 0.0787037 
0 0.479688 0.119444 0.0416667 0.0648148 
0 0.541536 0.283333 0.0445312 0.0666667 
0 0.364974 0.199537 0.0247396 0.0861111 
0 0.547917 0.765972 0.0296875 0.075463 
0 0.463281 0.344444 0.0333333 0.0527778 
0 0.678776 0.306019 0.0794271 0.0953704 
0 0.416927 0.303935 0.0317708 0.0578704 
0 0.670443 0.128009 0.0658854 0.0689815 
0 0.208724 0.346065 0.0299479 0.0587963 
0 0.444531 0.456944 0.0302083 0.0805556 
0 0.144531 0.788194 0.0494792 0.050463 
0 0.113672 0.367824 0.0382813 0.0541667 
0 0.0121094 0.603472 0.0242187 0.0412037 
0 0.564974 0.0472222 0.0403646 0.0944444 
0 0.266536 0.522685 0.0466146 0.0546296 
0 0.775911 0.0740741 0.0393229 0.115741 
0 0.142708 0.247917 0.0317708 0.050463 
0 0.792578 0.64838 0.0742188 0.0671296 
0 0.209375 0.466204 0.0328125 0.0537037 
0 0.0154948 0.179861 0.0216146 0.0671296 
0 0.64987 0.824306 0.0486979 0.0476852 
0 0.460417 0.872454 0.03125 0.0606481 
0 0.697786 0.0384259 0.0335938 0.0444444 
0 0.401172 0.354398 0.0627604 0.0615741 
0 0.300781 0.0224537 0.034375 0.0449074 
0 0.332031 0.762963 0.0458333 0.0611111 
0 0.0970052 0.206713 0.0257812 0.0560185 
0 0.963411 0.231019 0.0304688 0.0509259 
0 0.334896 0.35162 0.0354167 0.0643518 
0 0.551302 0.52037 0.0625 0.0592593 
0 0.342578 0.234259 0.0351562 0.0814815 
0 0.748568 0.791204 0.0388021 0.0972222 
0 0.246094 0.648843 0.0213542 0.0569444 
0 0.667057 0.727778 0.0247396 0.0759259 
0 0.379167 0.980556 0.0473958 0.0388889 
0 0.666927 0.580324 0.040625 0.0365741 
0 0.0420573 0.561111 0.0278646 0.0518519 
0 0.575651 0.795139 0.0315104 0.049537 
0 0.477734 0.574537 0.0388021 0.0527778 
0 0.475651 0.77963 0.0278646 0.05 
0 0.236719 0.796065 0.0333333 0.0976852 
0 0.0307292 0.85463 0.0364583 0.0462963 
0 0.371094 0.612037 0.0322917 0.062963 
0 0.182031 0.63912 0.0348958 0.0597222 
0 0.141536 0.825231 0.0393229 0.0421296 
0 0.316406 0.493519 0.0255208 0.0787037 
0 0.253385 0.59375 0.0375 0.0486111 
0 0.721224 0.161574 0.0434896 0.0555556 
0 0.672786 0.441898 0.0575521 0.0875 
0 0.345443 0.514583 0.0236979 0.0856481 
0 0.623958 0.588889 0.0359375 0.0398148 
0 0.537109 0.0263889 0.0335938 0.0527778 
0 0.455339 0.0916667 0.0466146 0.0555556 
