0 0.914062 0.955787 0.0645833 0.0865741 
0 0.40013 0.820833 0.0414063 0.0722222 
0 0.708073 0.787037 0.0526042 0.0861111 
0 0.940365 0.47662 0.0677083 0.0939815 
0 0.555729 0.344444 0.0546875 0.0944444 
0 0.463542 0.580556 0.0453125 0.0787037 
0 0.809115 0.697222 0.0703125 0.114815 
0 0.0988281 0.625926 0.0273438 0.0805556 
0 0.726042 0.649306 0.034375 0.0708333 
0 0.572786 0.896759 0.0330729 0.101852 
0 0.532292 0.791667 0.0463542 0.0944444 
0 0.617708 0.888426 0.0557292 0.105556 
0 0.145703 0.646759 0.0575521 0.0648148 
0 0.526432 0.890509 0.0429688 0.074537 
0 0.692839 0.376157 0.0648438 0.0967593 
0 0.180859 0.793519 0.0539063 0.0861111 
0 0.602474 0.655324 0.0632813 0.109722 
0 0.232552 0.615278 0.0541667 0.087037 
