0 0.216146 0.742593 0.0375 0.0851852 
0 0.896484 0.671528 0.0466146 0.0782407 
0 0.964323 0.704398 0.0395833 0.0634259 
0 0.393229 0.506944 0.0286458 0.105556 
0 0.776823 0.59537 0.0380208 0.105556 
0 0.43138 0.286111 0.0471354 0.0574074 
0 0.120312 0.368519 0.0520833 0.0564815 
0 0.33763 0.515509 0.0393229 0.0930556 
0 0.31862 0.874074 0.0518229 0.0861111 
0 0.693359 0.589352 0.0611979 0.0805556 
0 0.089974 0.694907 0.0455729 0.0703704 
0 0.573698 0.604398 0.0494792 0.101389 
0 0.182812 0.585648 0.0479167 0.0685185 
0 0.165625 0.49838 0.0510417 0.0671296 
0 0.252083 0.570139 0.0682292 0.0736111 
0 0.697266 0.921065 0.0309896 0.0634259 
0 0.565885 0.247222 0.0479167 0.136111 
0 0.726562 0.978241 0.0369792 0.0435185 
0 0.582943 0.928935 0.0497396 0.0865741 
0 0.579167 0.708796 0.03125 0.0648148 
0 0.139193 0.665741 0.0398437 0.0675926 
0 0.424089 0.640046 0.0304688 0.0625 
0 0.979557 0.569444 0.0408854 0.0666667 
0 0.215755 0.471759 0.0440104 0.0527778 
0 0.561068 0.35787 0.0424479 0.0638889 
0 0.707943 0.254398 0.0471354 0.0560185 
