0 0.414583 0.237037 0.0473958 0.136111 
0 0.259766 0.244676 0.0460938 0.168056 
0 0.323177 0.39213 0.059375 0.0944444 
0 0.788021 0.0881944 0.0572917 0.156019 
0 0.510286 0.19375 0.0507812 0.105093 
0 0.745052 0.425231 0.0401042 0.0958333 
0 0.85638 0.660648 0.0335938 0.139815 
0 0.251953 0.563657 0.0356771 0.0717593 
0 0.12513 0.546991 0.0315104 0.109722 
0 0.744531 0.512037 0.0369792 0.0703704 
0 0.454297 0.734028 0.0627604 0.0884259 
0 0.93112 0.178704 0.0705729 0.0972222 
0 0.428125 0.0594907 0.0421875 0.114352 
0 0.669401 0.296759 0.0361979 0.0805556 
0 0.642578 0.0328704 0.0330729 0.0537037 
0 0.355469 0.828935 0.0390625 0.0726852 
0 0.40599 0.787269 0.03125 0.0930556 
0 0.873047 0.200463 0.0330729 0.105556 
0 0.235156 0.432407 0.0760417 0.0638889 
0 0.407422 0.641898 0.0408854 0.0782407 
0 0.0764323 0.410417 0.0315104 0.099537 
0 0.18138 0.888889 0.0434896 0.0768519 
0 0.349349 0.542824 0.0440104 0.130093 
0 0.930729 0.81412 0.08125 0.0837963 
0 0.428125 0.325926 0.0833333 0.0648148 
0 0.662109 0.607639 0.0377604 0.0847222 
0 0.570833 0.328704 0.0421875 0.0787037 
0 0.554297 0.608102 0.0690104 0.0773148 
0 0.309375 0.781713 0.0390625 0.122685 
0 0.621615 0.352546 0.0541667 0.0708333 
0 0.0570313 0.482639 0.090625 0.0625 
0 0.587891 0.532176 0.0773437 0.0800926 
0 0.481771 0.644907 0.0520833 0.100926 
0 0.839844 0.538657 0.0552083 0.0847222 
0 0.535677 0.736574 0.0505208 0.0833333 
0 0.186719 0.462731 0.0395833 0.0875 
0 0.335417 0.955787 0.059375 0.0652778 
0 0.962891 0.946065 0.0361979 0.0513889 
0 0.0192708 0.909722 0.0369792 0.0796296 
0 0.98737 0.369907 0.0216146 0.0833333 
