0 0.644531 0.79375 0.0536458 0.0865741 
0 0.317839 0.290278 0.0341146 0.0648148 
0 0.458333 0.0337963 0.0276042 0.0648148 
0 0.636719 0.926157 0.0328125 0.0791667 
0 0.79401 0.0386574 0.0265625 0.0736111 
0 0.595703 0.312269 0.0377604 0.0560185 
0 0.615234 0.255093 0.0481771 0.0953704 
0 0.70599 0.872454 0.0463542 0.0578704 
0 0.809635 0.289583 0.0869792 0.0615741 
0 0.721224 0.963426 0.0601562 0.0564815 
0 0.827214 0.0685185 0.0695312 0.062963 
0 0.726562 0.266898 0.03125 0.101389 
0 0.40599 0.0462963 0.0401042 0.0453704 
0 0.435026 0.940972 0.0315104 0.0662037 
0 0.189583 0.515741 0.040625 0.0657407 
0 0.685026 0.062963 0.0372396 0.0481481 
0 0.380208 0.24375 0.0296875 0.0569444 
0 0.388021 0.96875 0.0401042 0.0550926 
0 0.502865 0.109491 0.0411458 0.0569444 
0 0.132552 0.546759 0.0359375 0.0509259 
0 0.667969 0.294676 0.0473958 0.0449074 
0 0.697786 0.709722 0.0674479 0.0712963 
0 0.301432 0.562963 0.0408854 0.0740741 
0 0.601042 0.137963 0.0385417 0.0444444 
0 0.461979 0.754398 0.0442708 0.0791667 
0 0.33737 0.394907 0.0460938 0.0583333 
0 0.189193 0.768981 0.0299479 0.0611111 
0 0.58737 0.907176 0.0330729 0.099537 
0 0.388151 0.572917 0.0460938 0.0578704 
0 0.227083 0.0481481 0.046875 0.0666667 
0 0.331771 0.0939815 0.0307292 0.107407 
0 0.478385 0.492593 0.0390625 0.0861111 
0 0.644531 0.0921296 0.0369792 0.0509259 
0 0.39401 0.786111 0.0354167 0.0444444 
0 0.773438 0.0849537 0.0302083 0.0541667 
0 0.299479 0.948843 0.0510417 0.0652778 
0 0.272656 0.554398 0.0385417 0.0467593 
0 0.0440104 0.719676 0.0473958 0.0578704 
0 0.440885 0.840278 0.0473958 0.0592593 
0 0.667057 0.350231 0.0820312 0.0587963 
0 0.553125 0.0428241 0.0369792 0.0736111 
0 0.746094 0.134491 0.0260417 0.0587963 
0 0.486849 0.625 0.0440104 0.0583333 
0 0.0410156 0.880324 0.0382813 0.0412037 
0 0.958073 0.238194 0.0536458 0.0828704 
0 0.0584635 0.767824 0.0221354 0.0782407 
0 0.439714 0.221065 0.0565104 0.0365741 
0 0.767578 0.235648 0.0341146 0.0796296 
0 0.138672 0.67963 0.0419271 0.0425926 
0 0.563021 0.281019 0.0265625 0.0712963 
0 0.356771 0.103704 0.025 0.12037 
0 0.557031 0.419676 0.0364583 0.0986111 
0 0.240234 0.924306 0.0429688 0.0689815 
0 0.497396 0.0467593 0.0401042 0.075 
0 0.0740885 0.860648 0.0309896 0.0398148 
0 0.629818 0.977315 0.0351562 0.0453704 
0 0.530339 0.84213 0.0335938 0.0398148 
0 0.458984 0.980093 0.0273438 0.0388889 
0 0.34987 0.978935 0.0481771 0.0421296 
0 0.226172 0.78125 0.0315104 0.0486111 
0 0.0867188 0.581944 0.046875 0.0555556 
0 0.645052 0.484028 0.05 0.0587963 
0 0.167578 0.894907 0.0351562 0.0462963 
0 0.12526 0.420833 0.0333333 0.0509259 
0 0.105599 0.502083 0.0388021 0.0449074 
0 0.625 0.597454 0.0395833 0.0449074 
0 0.115625 0.956713 0.034375 0.0578704 
0 0.211849 0.842824 0.0445312 0.0430556 
0 0.759766 0.0708333 0.0330729 0.0731481 
0 0.230078 0.243287 0.0341146 0.0467593 
0 0.663542 0.253935 0.0447917 0.0421296 
0 0.390625 0.874537 0.0484375 0.0416667 
0 0.686068 0.228704 0.0299479 0.0685185 
0 0.636719 0.731713 0.028125 0.0634259 
0 0.183854 0.287963 0.040625 0.05 
0 0.597656 0.616204 0.0322917 0.0740741 
0 0.498958 0.786111 0.0416667 0.0833333 
0 0.21875 0.376389 0.021875 0.0564815 
0 0.415234 0.655787 0.0257812 0.0699074 
0 0.257552 0.146759 0.0401042 0.062963 
0 0.304427 0.0826389 0.0333333 0.0662037 
