0 0.317448 0.0939815 0.0348958 0.0611111 
0 0.476823 0.23125 0.0572917 0.0791667 
0 0.626432 0.288657 0.0414063 0.0402778 
0 0.392057 0.913194 0.0486979 0.0523148 
0 0.643099 0.653241 0.0403646 0.0564815 
0 0.709505 0.558102 0.0445312 0.0541667 
0 0.462891 0.928935 0.0289063 0.0847222 
0 0.600651 0.697685 0.0382813 0.0731481 
0 0.564453 0.121296 0.0424479 0.0888889 
0 0.692839 0.893056 0.0320312 0.0592593 
0 0.653385 0.826389 0.0640625 0.0453704 
0 0.67526 0.0282407 0.0671875 0.0518519 
0 0.640104 0.148148 0.0385417 0.0490741 
0 0.314844 0.25 0.0375 0.0546296 
0 0.644531 0.44838 0.0505208 0.0912037 
0 0.491146 0.563889 0.0270833 0.0546296 
0 0.111068 0.290509 0.0393229 0.050463 
0 0.78125 0.693981 0.0635417 0.0546296 
0 0.379818 0.025 0.0294271 0.0490741 
0 0.636328 0.592824 0.0372396 0.0847222 
0 0.108203 0.826852 0.0341146 0.0416667 
0 0.473307 0.814815 0.0247396 0.0842593 
0 0.164453 0.044213 0.0278646 0.0337963 
0 0.598047 0.330556 0.0330729 0.0768519 
0 0.696745 0.693056 0.0299479 0.0407407 
0 0.497786 0.949537 0.0226563 0.0990741 
0 0.705078 0.343287 0.0533854 0.0791667 
0 0.576172 0.811111 0.0346354 0.100926 
0 0.597135 0.562963 0.0322917 0.0675926 
0 0.392839 0.756944 0.0445312 0.0722222 
0 0.567839 0.956713 0.0325521 0.0837963 
0 0.33138 0.177083 0.0351562 0.0606481 
0 0.671875 0.880556 0.0234375 0.0675926 
0 0.269141 0.950463 0.0497396 0.0453704 
0 0.0432292 0.207639 0.0494792 0.0402778 
0 0.942839 0.870833 0.0523437 0.0712963 
0 0.192318 0.621528 0.0486979 0.0884259 
0 0.391406 0.633796 0.0510417 0.0435185 
0 0.35612 0.177315 0.0356771 0.0601852 
0 0.563021 0.0388889 0.0302083 0.0731481 
0 0.148958 0.765741 0.0333333 0.05 
0 0.440885 0.615509 0.0338542 0.049537 
0 0.482943 0.347685 0.0393229 0.0425926 
0 0.21862 0.932407 0.0533854 0.0546296 
0 0.486979 0.909722 0.03125 0.037037 
0 0.337109 0.859722 0.0403646 0.0527778 
0 0.671875 0.742593 0.0234375 0.101852 
0 0.38763 0.329861 0.0424479 0.0458333 
0 0.627995 0.180324 0.0195312 0.0773148 
0 0.367969 0.0944444 0.0317708 0.0888889 
0 0.488411 0.390278 0.0257812 0.0601852 
0 0.0979167 0.371759 0.0385417 0.0518519 
0 0.242578 0.761343 0.0481771 0.0763889 
0 0.0815104 0.452546 0.0421875 0.0587963 
0 0.552344 0.697454 0.03125 0.0671296 
0 0.585938 0.0886574 0.0286458 0.0782407 
0 0.464844 0.504167 0.0302083 0.0675926 
0 0.0269531 0.103472 0.0226563 0.0643518 
0 0.546875 0.775 0.0291667 0.05 
0 0.0885417 0.025 0.04375 0.05 
0 0.418229 0.4125 0.0223958 0.087037 
