0 0.567448 0.934954 0.0520833 0.111574 
0 0.581641 0.292361 0.0361979 0.0763889 
0 0.540495 0.309259 0.0414063 0.0888889 
0 0.460938 0.0583333 0.0671875 0.116667 
0 0.414062 0.303704 0.0416667 0.0444444 
0 0.698307 0.647454 0.0940104 0.0560185 
0 0.482161 0.155093 0.0554687 0.062037 
0 0.688932 0.224306 0.0325521 0.136574 
0 0.358464 0.405324 0.0346354 0.0652778 
0 0.664062 0.55 0.0661458 0.105556 
0 0.644531 0.960185 0.0458333 0.0787037 
0 0.605078 0.347222 0.0403646 0.133333 
0 0.562891 0.480093 0.0242187 0.0546296 
0 0.177083 0.125926 0.0432292 0.0611111 
0 0.571745 0.650463 0.0408854 0.0851852 
0 0.738802 0.833333 0.0354167 0.0601852 
0 0.181901 0.608565 0.0309896 0.0930556 
0 0.392839 0.177546 0.0367187 0.113426 
0 0.571745 0.159722 0.0393229 0.152778 
0 0.529297 0.181019 0.0351562 0.110185 
0 0.566406 0.36713 0.0234375 0.0740741 
0 0.0311198 0.327315 0.0351562 0.0546296 
0 0.607943 0.830093 0.0606771 0.0537037 
0 0.400911 0.615972 0.0544271 0.0643518 
0 0.728516 0.784722 0.0263021 0.0509259 
0 0.361198 0.583796 0.0364583 0.0601852 
0 0.324219 0.315046 0.0260417 0.050463 
0 0.294401 0.316435 0.0523437 0.0634259 
0 0.546484 0.0534722 0.0669271 0.103241 
0 0.214583 0.249769 0.0442708 0.0606481 
0 0.914974 0.167361 0.0440104 0.0652778 
0 0.660156 0.224537 0.0307292 0.0546296 
0 0.478516 0.287731 0.0429688 0.0810185 
0 0.242708 0.146296 0.0364583 0.0481481 
0 0.15013 0.249306 0.0351562 0.0337963 
0 0.600521 0.595139 0.0609375 0.102315 
0 0.376693 0.468981 0.0346354 0.0564815 
0 0.15651 0.412731 0.0567708 0.0736111 
0 0.142318 0.684722 0.0382813 0.0527778 
0 0.110547 0.0972222 0.0445312 0.0425926 
0 0.271484 0.952315 0.0289063 0.0916667 
0 0.32513 0.588194 0.0330729 0.0837963 
0 0.273698 0.353704 0.025 0.0527778 
0 0.522005 0.535185 0.0273438 0.0953704 
0 0.0565104 0.239352 0.0432292 0.0666667 
0 0.407813 0.956713 0.0255208 0.0615741 
0 0.0651042 0.560648 0.028125 0.0694444 
0 0.522396 0.882407 0.0328125 0.0546296 
0 0.304688 0.454861 0.0390625 0.0486111 
0 0.170052 0.191667 0.0453125 0.0398148 
0 0.46875 0.231019 0.0401042 0.0462963 
0 0.116016 0.978009 0.0528646 0.0439815 
0 0.615234 0.550926 0.0726563 0.0768519 
0 0.0382813 0.0944444 0.0505208 0.0444444 
0 0.338542 0.112731 0.0427083 0.0828704 
0 0.608984 0.703241 0.0382813 0.0388889 
0 0.152344 0.783102 0.028125 0.0726852 
