0 0.771484 0.12037 0.0580729 0.128704 
0 0.504818 0.774306 0.0356771 0.0578704 
0 0.608854 0.630556 0.104687 0.0796296 
0 0.63724 0.321065 0.0364583 0.0717593 
0 0.615755 0.380324 0.0377604 0.049537 
0 0.746094 0.0416667 0.0911458 0.0657407 
0 0.79974 0.0412037 0.0302083 0.0666667 
0 0.672396 0.125926 0.046875 0.0814815 
0 0.751953 0.657176 0.0643229 0.115278 
0 0.649349 0.795139 0.0419271 0.14213 
0 0.0490885 0.325231 0.0388021 0.0652778 
0 0.865234 0.0571759 0.0638021 0.099537 
0 0.58112 0.330556 0.0419271 0.0574074 
0 0.609375 0.135648 0.0515625 0.0925926 
0 0.629818 0.0252315 0.0346354 0.049537 
0 0.385547 0.0395833 0.0721354 0.0717593 
0 0.64401 0.0694444 0.06875 0.0527778 
0 0.464323 0.212963 0.04375 0.114815 
0 0.515104 0.659259 0.0578125 0.0916667 
0 0.0829427 0.553704 0.0309896 0.0592593 
0 0.736328 0.492593 0.0835937 0.0925926 
0 0.115885 0.093287 0.0359375 0.0726852 
0 0.16849 0.651852 0.0364583 0.0768519 
0 0.324479 0.703009 0.06875 0.0476852 
0 0.353385 0.231481 0.0385417 0.0805556 
0 0.479297 0.697454 0.0341146 0.0912037 
0 0.703646 0.680093 0.0614583 0.0805556 
0 0.0358073 0.176852 0.0372396 0.062037 
0 0.466016 0.0453704 0.0585938 0.0861111 
0 0.550781 0.384722 0.0354167 0.0768519 
0 0.223047 0.965278 0.0414063 0.062963 
0 0.702214 0.748843 0.0481771 0.0643518 
0 0.0832031 0.709954 0.0450521 0.0763889 
0 0.354297 0.507407 0.0679687 0.0703704 
0 0.577083 0.96713 0.034375 0.0555556 
0 0.248047 0.796065 0.0325521 0.0699074 
0 0.80625 0.503009 0.0401042 0.0439815 
0 0.232943 0.484259 0.0341146 0.0861111 
0 0.221615 0.674769 0.03125 0.0523148 
0 0.167839 0.819676 0.0304688 0.049537 
0 0.688932 0.300463 0.0309896 0.150926 
0 0.239583 0.625926 0.0286458 0.0453704 
0 0.179818 0.138194 0.0382813 0.0773148 
0 0.566406 0.268981 0.0432292 0.0731481 
0 0.727995 0.352546 0.0382813 0.0523148 
0 0.164062 0.338657 0.0494792 0.0541667 
0 0.424089 0.520602 0.0388021 0.0587963 
0 0.519531 0.981713 0.0619792 0.0365741 
0 0.197917 0.537731 0.0458333 0.0810185 
0 0.0419271 0.661111 0.0677083 0.0425926 
0 0.684115 0.538657 0.0364583 0.158796 
0 0.272266 0.0752315 0.0304688 0.0671296 
