0 0.687109 0.211574 0.0419271 0.123148 
0 0.95612 0.709954 0.0414063 0.074537 
0 0.0359375 0.19213 0.0442708 0.0824074 
0 0.338542 0.275231 0.0286458 0.074537 
0 0.328125 0.507407 0.0385417 0.0731481 
0 0.15625 0.365278 0.0395833 0.109259 
0 0.684505 0.691204 0.0356771 0.0685185 
0 0.222656 0.825463 0.05625 0.0814815 
0 0.580599 0.496991 0.0440104 0.0763889 
0 0.472656 0.684491 0.053125 0.0671296 
0 0.272656 0.65787 0.0427083 0.110185 
0 0.864714 0.331713 0.0481771 0.074537 
0 0.797786 0.53125 0.0403646 0.0939815 
0 0.484115 0.556944 0.0578125 0.0796296 
0 0.754427 0.184028 0.0338542 0.099537 
0 0.583984 0.287963 0.0335938 0.1 
0 0.571875 0.63125 0.034375 0.1125 
0 0.509766 0.219444 0.0429688 0.0805556 
0 0.104297 0.189583 0.0471354 0.0782407 
0 0.722656 0.35162 0.0494792 0.0708333 
0 0.975651 0.259028 0.0481771 0.0532407 
0 0.730859 0.527083 0.0606771 0.103241 
0 0.89987 0.349769 0.0372396 0.0865741 
0 0.934635 0.35787 0.0479167 0.0574074 
0 0.597656 0.787731 0.0442708 0.0791667 
0 0.386458 0.431944 0.0296875 0.107407 
0 0.386979 0.74375 0.0484375 0.100463 
0 0.840885 0.796759 0.0385417 0.0805556 
0 0.757292 0.681019 0.0364583 0.0777778 
0 0.375911 0.531713 0.0294271 0.0967593 
0 0.419922 0.537731 0.0419271 0.0625 
0 0.558203 0.763889 0.0315104 0.0944444 
0 0.783724 0.203704 0.0419271 0.0509259 
0 0.632292 0.689583 0.0421875 0.119907 
0 0.209115 0.730787 0.0395833 0.0884259 
0 0.647005 0.245602 0.0398437 0.0810185 
0 0.0221354 0.511574 0.040625 0.0833333 
0 0.972135 0.506944 0.0536458 0.0601852 
0 0.0839844 0.730556 0.0502604 0.0787037 
0 0.129948 0.90625 0.0432292 0.0689815 
0 0.155078 0.515972 0.0398437 0.0708333 
0 0.455599 0.396065 0.0377604 0.0726852 
0 0.453906 0.831713 0.0447917 0.120833 
0 0.66901 0.35162 0.0567708 0.106019 
0 0.170443 0.465741 0.0570313 0.05 
0 0.0731771 0.471296 0.025 0.0592593 
0 0.787109 0.871991 0.0460938 0.0763889 
