0 0.567839 0.448843 0.0846354 0.111574 
0 0.707031 0.59213 0.0536458 0.115741 
0 0.601562 0.586806 0.040625 0.11713 
0 0.238672 0.349769 0.0341146 0.0680556 
0 0.500521 0.0398148 0.0723958 0.0796296 
0 0.289323 0.399306 0.05 0.104167 
0 0.66888 0.508333 0.0585938 0.0583333 
0 0.635286 0.10787 0.0388021 0.0898148 
0 0.347526 0.759028 0.0434896 0.074537 
0 0.792448 0.408796 0.0328125 0.0824074 
0 0.253125 0.62037 0.0302083 0.0796296 
0 0.489323 0.659722 0.0390625 0.109259 
0 0.507292 0.400231 0.0635417 0.0606481 
0 0.563411 0.645139 0.0361979 0.114352 
0 0.177083 0.111806 0.0296875 0.0550926 
0 0.480469 0.56875 0.0494792 0.074537 
0 0.0303385 0.0518519 0.0367187 0.0685185 
0 0.385417 0.631481 0.0390625 0.0518519 
0 0.222656 0.635417 0.0395833 0.0773148 
0 0.57526 0.300231 0.0463542 0.134722 
0 0.6625 0.29537 0.0359375 0.0777778 
0 0.695312 0.778241 0.0411458 0.0787037 
0 0.0976562 0.861574 0.04375 0.0685185 
0 0.216406 0.545139 0.0453125 0.0541667 
0 0.494401 0.184954 0.0335938 0.0680556 
0 0.465234 0.4125 0.0236979 0.0777778 
0 0.410937 0.0398148 0.0385417 0.0722222 
0 0.346224 0.43588 0.0585938 0.074537 
0 0.436328 0.909028 0.0492188 0.0449074 
0 0.697656 0.0178241 0.0364583 0.0356481 
0 0.661589 0.0365741 0.0492188 0.0703704 
0 0.0498698 0.863657 0.0372396 0.0689815 
0 0.117708 0.519907 0.0359375 0.0935185 
0 0.0675781 0.0627315 0.0398437 0.0476852 
0 0.0723958 0.496991 0.0552083 0.0736111 
0 0.740234 0.524306 0.0398437 0.0541667 
0 0.382422 0.108565 0.0221354 0.0930556 
0 0.514714 0.598843 0.0315104 0.099537 
0 0.0161458 0.913889 0.03125 0.0685185 
0 0.255339 0.569444 0.0434896 0.0564815 
0 0.581641 0.811574 0.0554687 0.109259 
0 0.105859 0.408102 0.0382813 0.0365741 
0 0.480078 0.15463 0.0497396 0.0990741 
0 0.0736979 0.218056 0.0380208 0.0814815 
0 0.151432 0.316204 0.0445312 0.0768519 
0 0.333984 0.0280093 0.0471354 0.0513889 
0 0.0477865 0.440509 0.0320312 0.0523148 
0 0.412109 0.564815 0.0539063 0.0546296 
0 0.313932 0.629861 0.0242187 0.0847222 
0 0.617708 0.769676 0.0286458 0.0865741 
0 0.127214 0.725694 0.0361979 0.0662037 
0 0.0447917 0.684954 0.0244792 0.0671296 
0 0.156771 0.455324 0.0276042 0.0393519 
0 0.392188 0.935648 0.0322917 0.0981481 
0 0.0361979 0.619676 0.0447917 0.0458333 
0 0.455859 0.618981 0.0388021 0.0564815 
