0 0.271484 0.347454 0.0580729 0.0893519 
0 0.870182 0.178704 0.0559896 0.0657407 
0 0.813932 0.205556 0.0393229 0.106481 
0 0.602604 0.459491 0.0572917 0.0791667 
0 0.176563 0.253472 0.0526042 0.0773148 
0 0.366927 0.212963 0.0546875 0.0796296 
0 0.442708 0.171759 0.0427083 0.0962963 
0 0.505469 0.370602 0.040625 0.0513889 
0 0.947786 0.703935 0.0414063 0.0689815 
0 0.894922 0.828704 0.0419271 0.075 
0 0.856901 0.704861 0.0429688 0.0893519 
0 0.947786 0.175694 0.0518229 0.0513889 
0 0.431901 0.802546 0.0346354 0.0550926 
0 0.972135 0.238194 0.0494792 0.0717593 
0 0.219792 0.362269 0.0604167 0.0773148 
0 0.89349 0.455787 0.0505208 0.0532407 
0 0.676693 0.0259259 0.0507812 0.05 
0 0.936068 0.0694444 0.0434896 0.115741 
0 0.733333 0.67662 0.0291667 0.049537 
0 0.738802 0.208102 0.0385417 0.0819444 
0 0.32474 0.683102 0.0447917 0.0643518 
0 0.0402344 0.821759 0.0414063 0.0740741 
0 0.824609 0.818981 0.0445312 0.0527778 
0 0.80612 0.404861 0.0466146 0.0930556 
0 0.119661 0.765509 0.0460938 0.0587963 
