0 0.690885 0.894907 0.0552083 0.139815 
0 0.198177 0.647454 0.0401042 0.0837963 
0 0.66849 0.566667 0.0567708 0.05 
0 0.641146 0.44213 0.0630208 0.0694444 
0 0.602995 0.109722 0.0497396 0.0592593 
0 0.60638 0.929861 0.0351562 0.0560185 
0 0.414323 0.878472 0.0536458 0.0634259 
0 0.595703 0.846528 0.0434896 0.0439815 
0 0.192708 0.225463 0.0369792 0.0518519 
0 0.11875 0.888426 0.0630208 0.0490741 
0 0.532682 0.13588 0.0434896 0.106019 
0 0.604557 0.289815 0.0247396 0.075 
0 0.230859 0.916667 0.0476562 0.0416667 
0 0.0871094 0.699769 0.0299479 0.0810185 
0 0.446745 0.30625 0.0377604 0.0893519 
0 0.06875 0.380787 0.0359375 0.0523148 
0 0.271484 0.0354167 0.0309896 0.0680556 
0 0.165104 0.416435 0.0369792 0.0439815 
0 0.37474 0.36412 0.0578125 0.0708333 
0 0.401563 0.967824 0.0578125 0.0606481 
0 0.124609 0.214583 0.0346354 0.0671296 
0 0.9375 0.684722 0.0348958 0.0592593 
0 0.567318 0.54213 0.0393229 0.0694444 
0 0.474349 0.61412 0.0393229 0.129167 
0 0.524479 0.746065 0.0364583 0.0967593 
0 0.377604 0.426852 0.0640625 0.0416667 
0 0.371615 0.560185 0.034375 0.0731481 
0 0.0371094 0.246065 0.0304688 0.0569444 
0 0.315885 0.566435 0.0375 0.0615741 
0 0.0921875 0.411574 0.028125 0.062963 
0 0.742578 0.686343 0.0335938 0.114352 
0 0.055599 0.0928241 0.0382813 0.050463 
0 0.587891 0.194444 0.0570313 0.0777778 
0 0.321875 0.305093 0.0270833 0.0805556 
0 0.0972656 0.521296 0.0476562 0.0490741 
0 0.82513 0.814583 0.0263021 0.0902778 
0 0.535547 0.412963 0.0388021 0.087963 
0 0.066276 0.0256944 0.0429688 0.0486111 
0 0.857943 0.440741 0.0346354 0.0574074 
0 0.566406 0.325 0.0520833 0.0527778 
0 0.0570313 0.694444 0.0359375 0.0444444 
0 0.547266 0.660648 0.0533854 0.0611111 
0 0.0717448 0.238194 0.0294271 0.0689815 
0 0.511719 0.0664352 0.0375 0.0810185 
0 0.632292 0.681713 0.0265625 0.0921296 
0 0.243359 0.336806 0.0330729 0.0384259 
0 0.872005 0.266435 0.0502604 0.0532407 
0 0.350391 0.753935 0.0273438 0.0615741 
0 0.505339 0.227778 0.0341146 0.0546296 
0 0.282031 0.466204 0.0588542 0.0462963 
0 0.235547 0.127083 0.0377604 0.0384259 
0 0.0126302 0.491898 0.0252604 0.0476852 
0 0.177083 0.192593 0.0421875 0.0388889 
