0 0.485547 0.949537 0.0486979 0.0935185 
0 0.745182 0.0780093 0.0476562 0.0865741 
0 0.491536 0.264352 0.0429688 0.0583333 
0 0.633333 0.971296 0.0572917 0.0574074 
0 0.465104 0.642361 0.0369792 0.0865741 
0 0.712891 0.456713 0.0294271 0.0986111 
0 0.622135 0.65787 0.0328125 0.0592593 
0 0.673437 0.237731 0.0354167 0.0393519 
0 0.798828 0.496065 0.0893229 0.0643518 
0 0.949219 0.422685 0.0588542 0.087963 
0 0.39987 0.17338 0.0440104 0.0652778 
0 0.683203 0.0474537 0.0528646 0.0939815 
0 0.3 0.688426 0.0411458 0.0712963 
0 0.373307 0.717824 0.0424479 0.0513889 
0 0.310937 0.40625 0.034375 0.0615741 
0 0.692448 0.90463 0.0578125 0.0759259 
0 0.490755 0.353009 0.0565104 0.0541667 
0 0.104557 0.206019 0.0513021 0.0768519 
0 0.758333 0.439352 0.0348958 0.0694444 
0 0.39388 0.0560185 0.0539063 0.0675926 
0 0.708984 0.651389 0.0304688 0.0583333 
0 0.348958 0.245139 0.0286458 0.099537 
0 0.585026 0.030787 0.0481771 0.0560185 
0 0.585547 0.480556 0.0434896 0.0601852 
0 0.448047 0.173611 0.0341146 0.0740741 
0 0.811068 0.266435 0.0721354 0.0726852 
0 0.757292 0.3 0.0322917 0.0638889 
0 0.473828 0.77037 0.0408854 0.0509259 
0 0.720703 0.030787 0.0346354 0.0615741 
0 0.740755 0.296759 0.0440104 0.111111 
0 0.451432 0.916667 0.0580729 0.125 
0 0.489583 0.206481 0.0390625 0.0787037 
0 0.23724 0.374537 0.0369792 0.0648148 
0 0.261068 0.29213 0.0502604 0.0666667 
0 0.586979 0.783796 0.0328125 0.075 
0 0.473828 0.0414352 0.0408854 0.0662037 
0 0.3125 0.0756944 0.0572917 0.0856481 
0 0.657682 0.299769 0.0341146 0.0560185 
0 0.0445312 0.409491 0.059375 0.0541667 
0 0.588281 0.154398 0.0432292 0.0634259 
0 0.54987 0.453935 0.0252604 0.0902778 
0 0.539062 0.199074 0.0354167 0.0777778 
0 0.0988281 0.582639 0.0367187 0.049537 
0 0.657292 0.427315 0.0416667 0.0509259 
0 0.136849 0.411111 0.0471354 0.0518519 
0 0.65625 0.528704 0.0588542 0.062037 
0 0.477214 0.51713 0.0278646 0.0574074 
0 0.629818 0.0263889 0.0507812 0.0527778 
0 0.383594 0.652315 0.0369792 0.0592593 
