0 0.460677 0.915741 0.0447917 0.0490741 
0 0.703125 0.228935 0.053125 0.0458333 
0 0.49401 0.858102 0.03125 0.0625 
0 0.781771 0.811111 0.0739583 0.0601852 
0 0.244401 0.441435 0.0403646 0.0384259 
0 0.367578 0.55 0.0398437 0.0435185 
0 0.569271 0.850694 0.059375 0.0606481 
0 0.496484 0.593287 0.0294271 0.0486111 
0 0.434766 0.664583 0.0252604 0.0467593 
0 0.0928385 0.0793981 0.0476562 0.0449074 
0 0.578646 0.739583 0.0380208 0.0671296 
0 0.625391 0.34375 0.0408854 0.0476852 
0 0.603516 0.48125 0.0398437 0.113426 
0 0.176302 0.16875 0.0244792 0.0587963 
0 0.958984 0.559954 0.0580729 0.0615741 
0 0.773828 0.616667 0.0377604 0.0861111 
0 0.625 0.592361 0.0338542 0.0606481 
0 0.605469 0.0763889 0.0401042 0.062963 
0 0.558073 0.459028 0.065625 0.0634259 
0 0.130729 0.541667 0.0369792 0.0574074 
0 0.290234 0.672685 0.0309896 0.0425926 
0 0.850651 0.208565 0.0247396 0.0421296 
0 0.335286 0.674537 0.0341146 0.0490741 
0 0.694792 0.657407 0.084375 0.0722222 
0 0.387891 0.674537 0.0283854 0.0824074 
0 0.41263 0.211806 0.0372396 0.0569444 
0 0.695833 0.0574074 0.0463542 0.103704 
0 0.035026 0.630556 0.0356771 0.0555556 
0 0.360807 0.779861 0.0601562 0.0615741 
0 0.175911 0.709954 0.0283854 0.0439815 
0 0.210417 0.140278 0.0359375 0.0564815 
0 0.41875 0.394907 0.0453125 0.1 
0 0.48724 0.538657 0.0385417 0.0476852 
0 0.435026 0.541667 0.0393229 0.0638889 
0 0.0683594 0.505556 0.0299479 0.05 
0 0.152734 0.410648 0.0294271 0.037037 
0 0.735807 0.332639 0.0460938 0.0921296 
0 0.70651 0.522222 0.0447917 0.0509259 
0 0.165755 0.0965278 0.0388021 0.0449074 
0 0.61224 0.896759 0.0395833 0.0722222 
0 0.164193 0.80463 0.0382813 0.0601852 
0 0.102995 0.277083 0.0304688 0.0606481 
0 0.290365 0.825926 0.03125 0.075 
0 0.407422 0.461343 0.0388021 0.0986111 
0 0.690495 0.493981 0.0283854 0.0611111 
0 0.5625 0.618981 0.0395833 0.0777778 
0 0.0544271 0.230556 0.0432292 0.0490741 
0 0.285156 0.024537 0.040625 0.0407407 
0 0.684635 0.832407 0.0473958 0.0731481 
0 0.128125 0.297685 0.0265625 0.075 
0 0.434115 0.0326389 0.0244792 0.0652778 
0 0.552344 0.544213 0.034375 0.0634259 
0 0.0760417 0.422222 0.0390625 0.0361111 
0 0.603516 0.0358796 0.0403646 0.0717593 
0 0.366406 0.10787 0.0302083 0.0509259 
0 0.0580729 0.675231 0.0390625 0.0634259 
0 0.360938 0.308333 0.0364583 0.0666667 
0 0.0345052 0.153241 0.0372396 0.037037 
0 0.330208 0.496528 0.025 0.0726852 
0 0.669401 0.551157 0.0424479 0.0541667 
0 0.589844 0.556481 0.0369792 0.0666667 
0 0.728516 0.47963 0.0346354 0.0611111 
0 0.65 0.877315 0.0473958 0.0722222 
