0 0.173177 0.37963 0.0416667 0.0842593 
0 0.148047 0.696759 0.0867188 0.0722222 
0 0.176042 0.566435 0.0572917 0.074537 
0 0.73776 0.952778 0.0338542 0.0944444 
0 0.891536 0.519676 0.0539063 0.106019 
0 0.73724 0.788657 0.0380208 0.0680556 
0 0.535156 0.303472 0.03125 0.108796 
0 0.366927 0.966204 0.0333333 0.0648148 
0 0.153776 0.478704 0.0210938 0.0916667 
0 0.541536 0.847917 0.0471354 0.101389 
0 0.935156 0.711574 0.0494792 0.0925926 
0 0.939974 0.799074 0.0476562 0.0722222 
0 0.79388 0.627083 0.0393229 0.116204 
0 0.979427 0.735185 0.0380208 0.0648148 
0 0.64987 0.884954 0.0231771 0.0791667 
0 0.661068 0.380093 0.0460938 0.0685185 
0 0.0208333 0.436343 0.040625 0.0384259 
0 0.86875 0.844213 0.0588542 0.100463 
0 0.589323 0.647222 0.0484375 0.0472222 
0 0.838802 0.620602 0.0364583 0.0847222 
0 0.493359 0.809028 0.0393229 0.0763889 
0 0.0532552 0.689352 0.0252604 0.0490741 
0 0.508333 0.900926 0.0401042 0.0444444 
0 0.859375 0.938194 0.0473958 0.103241 
0 0.382552 0.90463 0.0395833 0.0703704 
0 0.582031 0.948611 0.0567708 0.0851852 
