0 0.722135 0.0729167 0.0645833 0.135648 
0 0.615234 0.126852 0.0731771 0.0814815 
0 0.105729 0.543519 0.0369792 0.0953704 
0 0.761198 0.150463 0.0427083 0.138889 
0 0.447005 0.194907 0.0372396 0.158333 
0 0.928776 0.245833 0.0346354 0.0694444 
0 0.510807 0.700463 0.0393229 0.0861111 
0 0.35625 0.268981 0.06875 0.0712963 
0 0.276563 0.534722 0.0333333 0.100926 
0 0.91849 0.403472 0.028125 0.0736111 
0 0.710417 0.694444 0.0421875 0.0916667 
0 0.682161 0.34838 0.0518229 0.0893519 
0 0.707552 0.168519 0.0723958 0.0777778 
0 0.915625 0.307639 0.0411458 0.0569444 
0 0.57474 0.87963 0.0390625 0.087037 
0 0.296354 0.369907 0.0395833 0.0740741 
0 0.261589 0.686111 0.0429688 0.0694444 
0 0.368359 0.380093 0.0700521 0.0694444 
0 0.598698 0.658796 0.0588542 0.0972222 
0 0.765625 0.767361 0.0526042 0.074537 
0 0.847135 0.562037 0.0411458 0.103704 
0 0.803776 0.53287 0.0325521 0.10463 
0 0.0261719 0.273843 0.0356771 0.075463 
0 0.754427 0.975 0.0479167 0.05 
0 0.806641 0.78287 0.0325521 0.111111 
0 0.321875 0.842824 0.0463542 0.0541667 
0 0.430599 0.341435 0.0752604 0.106944 
0 0.170573 0.776389 0.0505208 0.0703704 
0 0.278125 0.290046 0.0421875 0.0634259 
0 0.782161 0.622222 0.0315104 0.0731481 
0 0.473568 0.288426 0.0377604 0.0861111 
0 0.0984375 0.631481 0.0333333 0.0787037 
0 0.0766927 0.27338 0.0434896 0.0708333 
0 0.613802 0.478704 0.0588542 0.0638889 
0 0.425651 0.57963 0.0492188 0.0759259 
0 0.141276 0.658333 0.0341146 0.0925926 
0 0.084375 0.838426 0.0484375 0.0675926 
0 0.947786 0.155556 0.0419271 0.0648148 
0 0.664062 0.240046 0.0380208 0.0680556 
