0 0.973177 0.279167 0.0520833 0.062037 
0 0.832552 0.180787 0.0604167 0.0986111 
0 0.633854 0.696296 0.0390625 0.0648148 
0 0.638672 0.0581019 0.0544271 0.102315 
0 0.137891 0.26875 0.0497396 0.102315 
0 0.9375 0.859028 0.0338542 0.0671296 
0 0.0877604 0.259259 0.0401042 0.0666667 
0 0.10625 0.127315 0.0302083 0.0611111 
0 0.180339 0.0847222 0.0476562 0.122222 
0 0.678776 0.0747685 0.0502604 0.074537 
0 0.336458 0.132407 0.0520833 0.0675926 
0 0.909245 0.568981 0.0289063 0.0638889 
0 0.479557 0.322454 0.0445312 0.0615741 
0 0.071224 0.798148 0.0398437 0.0601852 
0 0.261719 0.674074 0.0604167 0.0675926 
0 0.111589 0.548611 0.0398437 0.0453704 
0 0.423047 0.0796296 0.0424479 0.109259 
0 0.443099 0.428704 0.0455729 0.0712963 
0 0.234245 0.12338 0.0304688 0.124537 
0 0.860417 0.265741 0.0385417 0.0731481 
0 0.191016 0.348843 0.0294271 0.0986111 
0 0.536589 0.530556 0.0294271 0.0740741 
0 0.982943 0.495602 0.0325521 0.0921296 
0 0.0151042 0.176389 0.0286458 0.0694444 
0 0.542969 0.18287 0.0333333 0.0685185 
0 0.15013 0.843287 0.0294271 0.0486111 
0 0.800781 0.642361 0.0682292 0.0560185 
0 0.0178385 0.368519 0.0320312 0.12963 
0 0.0660156 0.714583 0.0440104 0.0856481 
0 0.929167 0.495602 0.0546875 0.075463 
0 0.644531 0.212037 0.0369792 0.123148 
0 0.979948 0.613426 0.0390625 0.0972222 
0 0.591797 0.569907 0.0304688 0.0527778 
0 0.755339 0.0881944 0.0575521 0.0671296 
0 0.921875 0.750926 0.0354167 0.0555556 
0 0.378906 0.107639 0.053125 0.102315 
0 0.476302 0.926157 0.0484375 0.074537 
0 0.507812 0.934028 0.0390625 0.0884259 
0 0.259505 0.220602 0.0580729 0.0625 
0 0.909115 0.384259 0.0354167 0.0703704 
0 0.331901 0.245602 0.0330729 0.0560185 
0 0.245052 0.756944 0.0359375 0.0657407 
0 0.502474 0.47662 0.0403646 0.0726852 
