0 0.735807 0.742361 0.0653646 0.108796 
0 0.595703 0.947917 0.0440104 0.104167 
0 0.260547 0.877546 0.0408854 0.127315 
0 0.366667 0.389352 0.0427083 0.101852 
0 0.0415365 0.561111 0.0476562 0.137963 
0 0.321354 0.808565 0.05 0.114352 
0 0.184635 0.585185 0.0661458 0.0787037 
0 0.660677 0.861574 0.0541667 0.0657407 
0 0.444401 0.374074 0.0356771 0.123148 
0 0.597656 0.382407 0.0395833 0.0601852 
0 0.398958 0.759722 0.0369792 0.159259 
0 0.787109 0.454398 0.0570313 0.0967593 
0 0.296224 0.303704 0.0346354 0.113889 
0 0.978516 0.401852 0.0377604 0.0981481 
0 0.949219 0.651852 0.0864583 0.0666667 
0 0.809115 0.365509 0.03125 0.130093 
0 0.605469 0.517361 0.034375 0.0847222 
0 0.954167 0.953935 0.0572917 0.0828704 
0 0.423047 0.897685 0.0450521 0.0722222 
0 0.608984 0.604167 0.0278646 0.0916667 
0 0.305208 0.587963 0.0375 0.0564815 
0 0.545964 0.735648 0.0721354 0.0712963 
0 0.0713542 0.893287 0.0421875 0.0560185 
0 0.342708 0.696991 0.0609375 0.0930556 
0 0.873568 0.514352 0.0596354 0.0694444 
