0 0.516536 0.842361 0.0690104 0.0958333 
0 0.813411 0.450463 0.0377604 0.0601852 
0 0.522005 0.263426 0.0471354 0.122222 
0 0.617188 0.43287 0.09375 0.0555556 
0 0.655859 0.764352 0.0502604 0.0731481 
0 0.580599 0.923611 0.0747396 0.142593 
0 0.481901 0.199306 0.0429688 0.0615741 
0 0.291536 0.903472 0.0664062 0.0439815 
0 0.33125 0.169213 0.0635417 0.0699074 
0 0.23724 0.536574 0.0640625 0.0583333 
0 0.442839 0.764815 0.0455729 0.0851852 
0 0.597656 0.243519 0.100521 0.0740741 
0 0.335417 0.826389 0.0421875 0.0861111 
0 0.114844 0.739815 0.0447917 0.0416667 
0 0.725521 0.0418981 0.078125 0.0578704 
0 0.587891 0.167824 0.0492188 0.0708333 
0 0.0941406 0.797917 0.0372396 0.0458333 
0 0.329427 0.600231 0.0380208 0.121759 
0 0.127865 0.624768 0.0333333 0.0578704 
0 0.258594 0.609259 0.0625 0.0564815 
0 0.455078 0.667593 0.0768229 0.05 
0 0.142839 0.811111 0.0382813 0.0555556 
0 0.0692708 0.152778 0.034375 0.0435185 
0 0.0707031 0.429167 0.0294271 0.0777778 
0 0.154818 0.910648 0.0606771 0.0722222 
0 0.166016 0.723148 0.0471354 0.0805556 
0 0.363281 0.330556 0.0630208 0.0583333 
0 0.46901 0.599074 0.0411458 0.0907407 
0 0.0972656 0.651389 0.0388021 0.0666667 
0 0.729948 0.178704 0.0380208 0.0546296 
0 0.11888 0.556019 0.0716146 0.0555556 
0 0.36276 0.416435 0.0296875 0.0560185 
0 0.478255 0.0534722 0.0544271 0.0949074 
0 0.83099 0.908796 0.0630208 0.0703704 
0 0.244141 0.668056 0.0382813 0.0703704 
0 0.592318 0.704398 0.0424479 0.0958333 
0 0.329167 0.286806 0.0755208 0.0486111 
0 0.108594 0.895833 0.0322917 0.0685185 
0 0.253516 0.760417 0.0523437 0.0912037 
0 0.198698 0.199769 0.0453125 0.0634259 
0 0.742188 0.974306 0.078125 0.0513889 
0 0.572266 0.549537 0.0710938 0.0435185 
0 0.141146 0.268981 0.0588542 0.0453704 
0 0.395182 0.371759 0.0299479 0.0935185 
0 0.031901 0.548148 0.0539063 0.0518519 
0 0.0654948 0.768519 0.0403646 0.0490741 
0 0.256641 0.859491 0.0804688 0.0847222 
0 0.25 0.263657 0.0348958 0.0430556 
0 0.194531 0.146759 0.0354167 0.0787037 
0 0.128385 0.0907407 0.0375 0.0611111 
0 0.393229 0.93912 0.0395833 0.110648 
