0 0.94974 0.467824 0.0421875 0.118056 
0 0.392839 0.202315 0.0559896 0.158333 
0 0.329167 0.932407 0.034375 0.0981481 
0 0.915495 0.58912 0.0403646 0.0680556 
0 0.866276 0.926157 0.0507812 0.0689815 
0 0.0134115 0.511343 0.0268229 0.0717593 
0 0.861849 0.571991 0.0299479 0.106944 
0 0.877474 0.853472 0.0408854 0.0606481 
0 0.117188 0.753472 0.0276042 0.0717593 
0 0.895573 0.290046 0.0505208 0.0606481 
0 0.644531 0.544676 0.0385417 0.0782407 
0 0.930078 0.895833 0.0726563 0.0925926 
0 0.662109 0.39213 0.0304688 0.128704 
0 0.697786 0.678009 0.0408854 0.0643518 
0 0.477083 0.772222 0.0489583 0.102778 
0 0.272526 0.972222 0.0434896 0.0546296 
0 0.30013 0.226157 0.0403646 0.135648 
0 0.386979 0.538194 0.0317708 0.0513889 
0 0.360026 0.662037 0.0278646 0.0638889 
0 0.617188 0.777315 0.0359375 0.102778 
0 0.135547 0.821065 0.0424479 0.0726852 
0 0.332292 0.800231 0.0395833 0.0884259 
0 0.140885 0.673148 0.0291667 0.062037 
0 0.0824219 0.502546 0.0335938 0.0828704 
0 0.214193 0.189583 0.0502604 0.050463 
0 0.978516 0.608102 0.0361979 0.0662037 
0 0.86224 0.37037 0.0536458 0.0740741 
0 0.0490885 0.523148 0.0450521 0.0490741 
0 0.252865 0.729167 0.0338542 0.0759259 
0 0.150781 0.247222 0.0401042 0.0768519 
0 0.495573 0.569444 0.0473958 0.0824074 
0 0.161719 0.775231 0.0348958 0.0773148 
0 0.958464 0.355556 0.0539063 0.0712963 
0 0.463151 0.156481 0.0549479 0.0796296 
0 0.397786 0.901852 0.0559896 0.075 
0 0.408594 0.613657 0.0479167 0.0523148 
0 0.925391 0.169444 0.0289063 0.0916667 
0 0.548307 0.212731 0.0257812 0.0875 
0 0.481901 0.300231 0.0460938 0.0671296 
0 0.502474 0.316898 0.0638021 0.0837963 
0 0.840234 0.766898 0.0575521 0.0791667 
0 0.743229 0.11713 0.0421875 0.0490741 
0 0.961849 0.752546 0.0382813 0.0662037 
0 0.548828 0.267824 0.0325521 0.074537 
0 0.98138 0.152315 0.0361979 0.113889 
0 0.374349 0.381019 0.0544271 0.0648148 
0 0.282682 0.847454 0.0403646 0.0986111 
0 0.433333 0.940046 0.0333333 0.1125 
0 0.816406 0.567361 0.0427083 0.0476852 
