0 0.730469 0.172222 0.0432292 0.116667 
0 0.943359 0.0701389 0.0757812 0.0847222 
0 0.248698 0.0914352 0.0338542 0.118981 
0 0.755339 0.266204 0.0471354 0.0731481 
0 0.918359 0.685417 0.0580729 0.0634259 
0 0.779297 0.566435 0.0393229 0.0578704 
0 0.258984 0.175926 0.0398437 0.134259 
0 0.470313 0.0240741 0.0494792 0.0481481 
0 0.848698 0.477083 0.0359375 0.0523148 
0 0.917448 0.230093 0.0375 0.0444444 
0 0.497135 0.200926 0.0494792 0.0666667 
0 0.352344 0.201852 0.0447917 0.05 
0 0.228516 0.272454 0.0398437 0.0865741 
0 0.571745 0.574537 0.0533854 0.116667 
0 0.235547 0.37963 0.0393229 0.0777778 
0 0.807552 0.829167 0.0536458 0.0842593 
0 0.441406 0.155093 0.0234375 0.087037 
0 0.63138 0.647685 0.0507812 0.0611111 
0 0.798307 0.411806 0.0606771 0.0643518 
0 0.233203 0.612963 0.0414063 0.0851852 
0 0.166536 0.367361 0.0283854 0.0810185 
0 0.285807 0.462731 0.0356771 0.0699074 
0 0.481901 0.0849537 0.0507812 0.0523148 
0 0.663021 0.571296 0.0479167 0.0953704 
0 0.690365 0.324537 0.0541667 0.0601852 
0 0.303646 0.0493056 0.040625 0.0856481 
0 0.0561198 0.353935 0.0424479 0.175463 
0 0.596094 0.847454 0.0364583 0.0699074 
0 0.287891 0.58588 0.0351562 0.0615741 
0 0.124349 0.410417 0.0507812 0.0884259 
0 0.61862 0.966204 0.0471354 0.062037 
0 0.368359 0.748611 0.0440104 0.0731481 
0 0.502474 0.368056 0.0497396 0.062963 
0 0.145964 0.313889 0.0414063 0.0490741 
