0 0.202995 0.336574 0.0544271 0.2 
0 0.108724 0.930556 0.0674479 0.113889 
0 0.522526 0.690972 0.0533854 0.118056 
0 0.326172 0.118981 0.0669271 0.112037 
0 0.830469 0.403009 0.0713542 0.14213 
0 0.129818 0.489583 0.0752604 0.0949074 
0 0.385286 0.142824 0.0611979 0.0912037 
0 0.390365 0.450926 0.0458333 0.087037 
0 0.678776 0.370602 0.0455729 0.18287 
0 0.789583 0.688889 0.04375 0.160185 
0 0.107813 0.694444 0.0526042 0.0981481 
0 0.0160156 0.868056 0.0299479 0.0666667 
0 0.916927 0.168287 0.0328125 0.114352 
0 0.599089 0.797222 0.0486979 0.12963 
0 0.572266 0.748843 0.0450521 0.0726852 
0 0.44974 0.614583 0.0703125 0.101389 
0 0.160417 0.925231 0.0635417 0.0680556 
0 0.92474 0.724306 0.0520833 0.10787 
0 0.490234 0.787269 0.0414063 0.128241 
0 0.731901 0.65625 0.0424479 0.0680556 
0 0.885677 0.175694 0.0416667 0.108796 
0 0.0614583 0.84537 0.0583333 0.0768519 
0 0.0279948 0.634954 0.0533854 0.133796 
0 0.941927 0.632407 0.0552083 0.0935185 
0 0.801302 0.487037 0.0359375 0.0833333 
0 0.566016 0.49213 0.0304688 0.140741 
0 0.554688 0.332639 0.0520833 0.115278 
0 0.452214 0.318981 0.0382813 0.0592593 
0 0.366276 0.683102 0.0914062 0.0717593 
0 0.465104 0.403704 0.0494792 0.0814815 
0 0.382292 0.372454 0.0609375 0.0708333 
0 0.249609 0.431713 0.0455729 0.0652778 
0 0.680208 0.23912 0.0697917 0.0689815 
0 0.70026 0.908102 0.0744792 0.0949074 
0 0.0972656 0.607639 0.0497396 0.118981 
0 0.860937 0.0782407 0.0744792 0.0953704 
0 0.64362 0.562037 0.0669271 0.150926 
0 0.223307 0.780324 0.0778646 0.0699074 
0 0.472917 0.965972 0.0598958 0.0671296 
0 0.775391 0.559954 0.0799479 0.0847222 
0 0.95013 0.245602 0.0903646 0.143056 
0 0.246224 0.966898 0.0466146 0.0625 
0 0.536068 0.0606481 0.120052 0.0787037 
0 0.874089 0.579398 0.0393229 0.0810185 
0 0.334635 0.561574 0.040625 0.158333 
0 0.542578 0.281019 0.0658854 0.185185 
0 0.526823 0.497454 0.0328125 0.0652778 
0 0.152865 0.743981 0.0546875 0.0638889 
0 0.83737 0.150463 0.0695312 0.0537037 
0 0.0447917 0.715741 0.0583333 0.0601852 
0 0.287109 0.681944 0.0445312 0.0703704 
0 0.659245 0.902778 0.0419271 0.0740741 
