0 0.778255 0.412269 0.0559896 0.121759 
0 0.421354 0.321528 0.0635417 0.074537 
0 0.661068 0.873611 0.0403646 0.0981481 
0 0.721745 0.866898 0.0559896 0.0587963 
0 0.773958 0.285185 0.053125 0.062037 
0 0.63724 0.218056 0.0385417 0.115741 
0 0.510807 0.274537 0.0414063 0.102778 
0 0.313281 0.379398 0.0276042 0.0606481 
0 0.536589 0.966898 0.0434896 0.0625 
0 0.534635 0.774074 0.0453125 0.0768519 
0 0.700651 0.57338 0.0273438 0.0597222 
0 0.30638 0.503241 0.0309896 0.0648148 
0 0.680208 0.900231 0.0432292 0.0560185 
0 0.448177 0.812037 0.0494792 0.0537037 
0 0.361589 0.528704 0.0559896 0.0564815 
0 0.527734 0.376157 0.0351562 0.109722 
0 0.501953 0.130093 0.0408854 0.126852 
0 0.680208 0.152546 0.0390625 0.075463 
0 0.29375 0.739583 0.0333333 0.0662037 
0 0.836458 0.290741 0.0692708 0.0694444 
0 0.408984 0.611111 0.0289063 0.0888889 
0 0.143359 0.601157 0.0356771 0.0393519 
0 0.482682 0.241204 0.0367187 0.0953704 
0 0.627865 0.291204 0.0307292 0.0416667 
0 0.500521 0.922917 0.0244792 0.0736111 
0 0.238281 0.186806 0.0484375 0.0615741 
0 0.675781 0.257639 0.025 0.100463 
0 0.160156 0.561343 0.0286458 0.0291667 
0 0.297656 0.874074 0.0364583 0.0462963 
0 0.23125 0.790278 0.0307292 0.0351852 
0 0.702604 0.433565 0.0395833 0.0615741 
0 0.271745 0.591667 0.0330729 0.0833333 
0 0.192708 0.568981 0.0395833 0.0592593 
0 0.308464 0.559491 0.0294271 0.0800926 
0 0.277995 0.96875 0.0367187 0.0606481 
0 0.61237 0.538657 0.0757812 0.075463 
0 0.678125 0.0918982 0.0416667 0.0847222 
0 0.0544271 0.4125 0.0369792 0.0425926 
0 0.634245 0.606944 0.0710938 0.087037 
0 0.254427 0.966204 0.0421875 0.0555556 
0 0.363281 0.583796 0.0369792 0.0490741 
0 0.620182 0.686806 0.0434896 0.0532407 
0 0.863672 0.881481 0.0481771 0.0490741 
0 0.116536 0.733565 0.0283854 0.0393519 
0 0.686068 0.372685 0.0335938 0.114815 
0 0.677734 0.978241 0.0361979 0.0435185 
0 0.757422 0.121991 0.0398437 0.0421296 
0 0.572656 0.774769 0.0348958 0.0384259 
0 0.386458 0.463426 0.0333333 0.0583333 
0 0.111589 0.435185 0.0398437 0.0527778 
0 0.576693 0.469213 0.0398437 0.0708333 
0 0.147786 0.841667 0.0492188 0.0444444 
0 0.333464 0.848611 0.0315104 0.0435185 
0 0.132161 0.689583 0.0309896 0.0412037 
0 0.285677 0.434491 0.0479167 0.0625 
0 0.508333 0.507407 0.0447917 0.0583333 
0 0.551693 0.524769 0.0408854 0.0884259 
0 0.415234 0.827778 0.0278646 0.0740741 
0 0.105469 0.798148 0.0369792 0.0435185 
0 0.426302 0.520139 0.0333333 0.0523148 
0 0.0425781 0.606713 0.0289063 0.0569444 
0 0.990755 0.0342593 0.0169271 0.0685185 
0 0.43724 0.43588 0.0484375 0.0523148 
0 0.784115 0.104861 0.0239583 0.0912037 
0 0.850651 0.793056 0.0486979 0.0740741 
0 0.10612 0.636806 0.0377604 0.0430556 
0 0.0794271 0.590278 0.03125 0.0546296 
0 0.395052 0.775694 0.0505208 0.0476852 
0 0.597135 0.370139 0.0442708 0.0708333 
0 0.609896 0.912269 0.0229167 0.0912037 
0 0.520443 0.621991 0.0716146 0.0643518 
0 0.576172 0.144676 0.0606771 0.0662037 
0 0.441667 0.671296 0.0364583 0.05 
0 0.01875 0.957407 0.028125 0.0675926 
0 0.196745 0.860185 0.0268229 0.0611111 
0 0.61276 0.976389 0.0276042 0.0462963 
0 0.17513 0.731713 0.0304688 0.0569444 
0 0.597135 0.811574 0.0265625 0.062037 
0 0.707031 0.352083 0.0333333 0.0662037 
0 0.0889323 0.520833 0.0341146 0.05 
0 0.382292 0.0513889 0.0380208 0.0574074 
0 0.117188 0.77662 0.0276042 0.0356481 
0 0.0736979 0.742593 0.0322917 0.0333333 
0 0.507812 0.980787 0.0494792 0.0384259 
