0 0.89401 0.268519 0.102083 0.125926 
0 0.499219 0.0425926 0.0307292 0.0851852 
0 0.861328 0.0706019 0.0539063 0.1375 
0 0.82526 0.117824 0.0598958 0.0652778 
0 0.804688 0.370833 0.100521 0.0953704 
0 0.586979 0.654861 0.046875 0.0532407 
0 0.806641 0.272222 0.0606771 0.143519 
0 0.486328 0.512037 0.0617188 0.0861111 
0 0.388021 0.870602 0.0598958 0.0560185 
0 0.678255 0.41713 0.0528646 0.0759259 
0 0.26237 0.415046 0.0335938 0.0828704 
0 0.414323 0.215046 0.028125 0.0486111 
0 0.301302 0.354861 0.0416667 0.0921296 
0 0.685026 0.64838 0.0346354 0.0800926 
0 0.642187 0.0479167 0.03125 0.0902778 
0 0.42474 0.73912 0.0489583 0.0467593 
0 0.501953 0.733565 0.0351562 0.0763889 
0 0.383333 0.803472 0.0411458 0.0569444 
0 0.430469 0.037963 0.0515625 0.0759259 
0 0.198307 0.946296 0.0377604 0.0666667 
0 0.676302 0.165509 0.0505208 0.128241 
0 0.57526 0.877315 0.0369792 0.135185 
0 0.509766 0.64838 0.0440104 0.0726852 
0 0.749479 0.743056 0.03125 0.0481481 
0 0.277734 0.234491 0.0539063 0.050463 
0 0.556641 0.572917 0.0356771 0.131944 
0 0.0986979 0.775231 0.0380208 0.0726852 
0 0.785156 0.513194 0.0666667 0.0680556 
0 0.199219 0.353241 0.0473958 0.0648148 
0 0.479948 0.176157 0.0463542 0.0523148 
0 0.0472656 0.842824 0.0278646 0.0532407 
0 0.363672 0.351157 0.0533854 0.0708333 
0 0.427474 0.823843 0.0299479 0.0625 
0 0.768099 0.0384259 0.0335938 0.0740741 
0 0.419401 0.6375 0.0544271 0.0509259 
0 0.446224 0.380324 0.0445312 0.0513889 
0 0.576693 0.0474537 0.0351562 0.0930556 
0 0.39974 0.255787 0.0494792 0.0486111 
0 0.532682 0.0493056 0.0393229 0.0476852 
0 0.260677 0.704861 0.040625 0.108796 
0 0.314453 0.886343 0.0377604 0.0384259 
0 0.346224 0.245139 0.0554687 0.0569444 
0 0.932031 0.735417 0.0505208 0.0587963 
0 0.28151 0.174074 0.0317708 0.0694444 
0 0.0453125 0.59537 0.0317708 0.0546296 
0 0.652865 0.280787 0.0479167 0.0837963 
0 0.256641 0.977546 0.0575521 0.0449074 
0 0.103646 0.927083 0.0515625 0.0513889 
0 0.60013 0.585185 0.0471354 0.0518519 
0 0.0647135 0.428472 0.0367187 0.0523148 
