0 0.403646 0.366667 0.0401042 0.0611111 
0 0.319661 0.166898 0.0585938 0.0587963 
0 0.625 0.201852 0.0348958 0.0611111 
0 0.702734 0.361111 0.0393229 0.12037 
0 0.57526 0.928935 0.0432292 0.0921296 
0 0.652344 0.936806 0.0411458 0.0541667 
0 0.442839 0.665046 0.0367187 0.0615741 
0 0.413672 0.218056 0.0471354 0.0981481 
0 0.366536 0.864583 0.0367187 0.0597222 
0 0.643099 0.301852 0.0585938 0.0583333 
0 0.554297 0.796759 0.0575521 0.119444 
0 0.426823 0.310648 0.0364583 0.075 
0 0.490885 0.411343 0.0510417 0.0458333 
0 0.20625 0.884028 0.05625 0.0541667 
0 0.629427 0.732639 0.0401042 0.106019 
0 0.70651 0.120139 0.0411458 0.100463 
0 0.61224 0.343287 0.0421875 0.135648 
0 0.207031 0.78125 0.0348958 0.0680556 
0 0.693359 0.293519 0.0414063 0.0657407 
0 0.527865 0.385417 0.03125 0.114352 
0 0.0838542 0.496528 0.0453125 0.0467593 
0 0.464583 0.930556 0.0526042 0.0564815 
0 0.0674479 0.0648148 0.0515625 0.0675926 
0 0.70599 0.576389 0.0223958 0.0574074 
0 0.245182 0.46713 0.0377604 0.0537037 
0 0.654297 0.583333 0.0528646 0.109259 
0 0.245964 0.593518 0.0549479 0.0666667 
0 0.348437 0.420833 0.0270833 0.062037 
0 0.338021 0.278241 0.0375 0.075 
0 0.773958 0.0560185 0.040625 0.10463 
0 0.682031 0.238194 0.0276042 0.0652778 
0 0.32474 0.580787 0.059375 0.0578704 
0 0.615625 0.0724537 0.0255208 0.0847222 
0 0.204948 0.0729167 0.0489583 0.0736111 
0 0.601172 0.247685 0.0226563 0.0796296 
0 0.592708 0.706481 0.0255208 0.0712963 
0 0.315365 0.649306 0.0260417 0.0569444 
0 0.0515625 0.434259 0.0526042 0.062037 
0 0.324349 0.772454 0.0320312 0.0347222 
0 0.121354 0.301852 0.0515625 0.0444444 
0 0.254818 0.737269 0.0513021 0.0893519 
0 0.227083 0.504167 0.0427083 0.0518519 
0 0.467969 0.15463 0.0395833 0.0592593 
0 0.473828 0.482176 0.0434896 0.0393519 
0 0.695833 0.657639 0.0380208 0.0421296 
0 0.313802 0.0303241 0.0427083 0.0541667 
0 0.383333 0.966898 0.0354167 0.0606481 
0 0.913542 0.866898 0.0260417 0.0439815 
0 0.202083 0.446991 0.03125 0.0837963 
0 0.426562 0.723611 0.0307292 0.0583333 
0 0.416016 0.638426 0.0289063 0.0851852 
0 0.313932 0.120833 0.0565104 0.0601852 
0 0.445312 0.0416667 0.0442708 0.0833333 
0 0.519531 0.043287 0.0286458 0.0800926 
0 0.64987 0.398843 0.0393229 0.0467593 
0 0.404948 0.841204 0.0380208 0.062963 
0 0.16849 0.180787 0.0442708 0.0532407 
0 0.866276 0.738426 0.0320312 0.062037 
0 0.366146 0.141667 0.0390625 0.0935185 
0 0.177214 0.59537 0.0268229 0.0472222 
0 0.141797 0.955556 0.0377604 0.0472222 
0 0.282292 0.711574 0.0333333 0.0611111 
0 0.292969 0.0657407 0.0401042 0.0481481 
0 0.363672 0.315046 0.0330729 0.0486111 
0 0.129948 0.587269 0.0546875 0.0430556 
0 0.0873698 0.78287 0.0330729 0.0814815 
0 0.571224 0.818519 0.0304688 0.0527778 
0 0.551302 0.971528 0.028125 0.0541667 
0 0.122656 0.0724537 0.0197917 0.0689815 
0 0.125 0.449537 0.0505208 0.0398148 
0 0.552214 0.509722 0.0283854 0.0731481 
0 0.489193 0.850231 0.0533854 0.0634259 
0 0.608854 0.468981 0.0473958 0.102778 
