0 0.602995 0.515741 0.0986979 0.124074 
0 0.424219 0.255787 0.071875 0.0587963 
0 0.460026 0.47662 0.0596354 0.10787 
0 0.714844 0.0886574 0.0380208 0.177315 
0 0.325911 0.329398 0.0268229 0.0625 
0 0.514583 0.715972 0.0427083 0.0578704 
0 0.566927 0.099537 0.0442708 0.0907407 
0 0.504948 0.0430556 0.0552083 0.0861111 
0 0.626432 0.272917 0.0893229 0.0689815 
0 0.75 0.400694 0.0307292 0.0486111 
0 0.380599 0.622222 0.0429688 0.166667 
0 0.738672 0.966204 0.0325521 0.0638889 
0 0.679297 0.0893519 0.0497396 0.112037 
0 0.74362 0.65463 0.0648438 0.105556 
0 0.225651 0.405556 0.0403646 0.0925926 
0 0.462109 0.813889 0.0799479 0.141667 
0 0.691016 0.498611 0.0528646 0.075 
0 0.625 0.0601852 0.0432292 0.113889 
0 0.137891 0.35 0.0648438 0.062037 
0 0.189844 0.672222 0.0848958 0.0638889 
0 0.19401 0.145602 0.0583333 0.0958333 
0 0.378255 0.5375 0.0367187 0.0731481 
0 0.0873698 0.824537 0.0539063 0.0990741 
0 0.0299479 0.037037 0.0572917 0.0648148 
0 0.520964 0.322917 0.0763021 0.0560185 
0 0.160547 0.0310185 0.0611979 0.0601852 
0 0.260286 0.159491 0.0398437 0.074537 
0 0.310937 0.825926 0.0421875 0.128704 
0 0.55612 0.368056 0.0393229 0.0648148 
0 0.0122396 0.141435 0.0223958 0.105093 
0 0.142839 0.087037 0.0398437 0.087037 
0 0.200521 0.233333 0.0651042 0.0759259 
0 0.0808594 0.666667 0.0565104 0.0462963 
0 0.162109 0.271528 0.0507812 0.0708333 
0 0.44362 0.579398 0.0455729 0.0625 
0 0.249349 0.905324 0.0544271 0.0856481 
0 0.310286 0.756481 0.0606771 0.0592593 
0 0.404818 0.135185 0.0492188 0.0592593 
0 0.0654948 0.209028 0.0398437 0.118056 
0 0.481771 0.279398 0.025 0.110648 
0 0.0239583 0.672222 0.0421875 0.0851852 
