0 0.657292 0.413194 0.0552083 0.099537 
0 0.803255 0.771759 0.113802 0.113889 
0 0.744141 0.0291667 0.0908854 0.0583333 
0 0.243099 0.202546 0.0398437 0.0791667 
0 0.772396 0.313889 0.0755208 0.0648148 
0 0.724609 0.281019 0.0653646 0.0666667 
0 0.0552083 0.104167 0.0375 0.0611111 
0 0.591276 0.483565 0.0544271 0.175463 
0 0.701172 0.809491 0.0731771 0.0810185 
0 0.770052 0.2125 0.0447917 0.0944444 
0 0.757292 0.690046 0.0322917 0.122685 
0 0.725521 0.684954 0.03125 0.139352 
0 0.964844 0.462731 0.0432292 0.0671296 
0 0.288281 0.650463 0.0479167 0.0583333 
0 0.258333 0.327315 0.0609375 0.0592593 
0 0.947266 0.976389 0.103385 0.0472222 
0 0.632292 0.268519 0.0588542 0.0842593 
0 0.385026 0.836343 0.0434896 0.0893519 
0 0.503906 0.633102 0.0432292 0.0532407 
0 0.0263021 0.243519 0.0369792 0.0861111 
0 0.476302 0.867593 0.0760417 0.0833333 
0 0.488021 0.760417 0.0286458 0.0597222 
0 0.552344 0.33912 0.0703125 0.0513889 
0 0.208984 0.428472 0.0466146 0.0430556 
0 0.582552 0.764815 0.040625 0.0740741 
0 0.113281 0.141898 0.0380208 0.0439815 
0 0.371615 0.166435 0.0322917 0.049537 
0 0.286068 0.0203704 0.0304688 0.0398148 
0 0.0558594 0.486574 0.0351562 0.0712963 
0 0.307422 0.235417 0.0507812 0.0486111 
0 0.418229 0.461806 0.0385417 0.0532407 
0 0.786198 0.398843 0.0375 0.0773148 
0 0.386458 0.765278 0.0682292 0.0666667 
0 0.535156 0.237731 0.0395833 0.0625 
0 0.801302 0.568287 0.0479167 0.0810185 
0 0.45651 0.428704 0.0463542 0.0435185 
0 0.545443 0.458796 0.0367187 0.0481481 
0 0.111328 0.210417 0.0533854 0.0532407 
0 0.385938 0.0252315 0.0255208 0.050463 
0 0.433073 0.90625 0.0489583 0.0736111 
0 0.477604 0.943519 0.0557292 0.0842593 
0 0.345313 0.524306 0.03125 0.0560185 
0 0.685547 0.571296 0.0361979 0.0694444 
0 0.423568 0.673611 0.0419271 0.0601852 
0 0.0384115 0.0668981 0.0471354 0.0467593 
0 0.28099 0.413426 0.0348958 0.0444444 
0 0.442448 0.36412 0.0427083 0.0643518 
0 0.580078 0.181944 0.0341146 0.0759259 
0 0.373698 0.420602 0.0463542 0.0597222 
0 0.537109 0.0319444 0.0367187 0.0638889 
0 0.353516 0.622685 0.0247396 0.0444444 
0 0.246875 0.407407 0.0229167 0.0648148 
0 0.386458 0.504861 0.0239583 0.0800926 
0 0.480208 0.267824 0.05 0.0625 
0 0.172266 0.522917 0.0346354 0.0421296 
0 0.115365 0.0240741 0.0348958 0.0481481 
0 0.493099 0.691435 0.0486979 0.0587963 
0 0.410156 0.0965278 0.0479167 0.0532407 
