0 0.296875 0.377083 0.0588542 0.14213 
0 0.393099 0.338194 0.0372396 0.193056 
0 0.903385 0.346991 0.075 0.14213 
0 0.810026 0.153935 0.0570313 0.168981 
0 0.38138 0.541667 0.0513021 0.126852 
0 0.874479 0.489583 0.0421875 0.113426 
0 0.260677 0.352546 0.0458333 0.0652778 
0 0.487891 0.865509 0.0601562 0.0643518 
0 0.293359 0.129398 0.0320312 0.140278 
0 0.540495 0.577315 0.0388021 0.150926 
0 0.152214 0.210648 0.0325521 0.0990741 
0 0.359375 0.794676 0.0552083 0.0726852 
0 0.647917 0.381481 0.0859375 0.0944444 
0 0.0865885 0.401157 0.0299479 0.0958333 
0 0.367708 0.12037 0.0333333 0.0787037 
0 0.604036 0.0291667 0.0367187 0.0574074 
0 0.461849 0.389815 0.0539063 0.0527778 
0 0.118359 0.811574 0.0325521 0.102778 
0 0.125 0.316435 0.0760417 0.0643518 
0 0.81888 0.510417 0.0518229 0.106019 
0 0.264453 0.146296 0.0268229 0.110185 
0 0.887109 0.236343 0.104427 0.0902778 
0 0.933594 0.62662 0.0552083 0.0828704 
0 0.714323 0.301157 0.0348958 0.0550926 
0 0.619141 0.30162 0.0315104 0.140278 
0 0.477865 0.487269 0.0546875 0.0810185 
0 0.773958 0.0305556 0.0630208 0.0546296 
0 0.36237 0.282639 0.0580729 0.0625 
0 0.770573 0.435648 0.0864583 0.062963 
0 0.502474 0.821991 0.0263021 0.0569444 
0 0.48776 0.550694 0.0375 0.104167 
0 0.817839 0.283565 0.0440104 0.0912037 
0 0.967708 0.516898 0.0302083 0.0930556 
0 0.181901 0.14838 0.0434896 0.0439815 
0 0.230599 0.574537 0.0486979 0.0703704 
0 0.451042 0.280324 0.0302083 0.0782407 
0 0.642578 0.552315 0.0356771 0.0916667 
0 0.667578 0.903704 0.0278646 0.0898148 
0 0.707031 0.357639 0.0270833 0.0449074 
0 0.709505 0.772454 0.0236979 0.0800926 
0 0.199349 0.283796 0.0398437 0.062963 
0 0.0298177 0.591435 0.0575521 0.0680556 
0 0.557161 0.215278 0.0471354 0.0759259 
0 0.970312 0.204861 0.0354167 0.104167 
0 0.877474 0.183796 0.0570313 0.0453704 
0 0.726042 0.723843 0.0572917 0.0634259 
0 0.244661 0.47963 0.0528646 0.0564815 
0 0.535677 0.504167 0.0557292 0.075 
0 0.267578 0.595833 0.0497396 0.112037 
0 0.942839 0.8125 0.0471354 0.0537037 
0 0.855469 0.658796 0.0390625 0.0787037 
0 0.33138 0.850231 0.0335938 0.0606481 
0 0.538151 0.709259 0.0393229 0.0592593 
0 0.0582031 0.543287 0.0398437 0.0976852 
0 0.772917 0.383565 0.0604167 0.0680556 
0 0.724219 0.972917 0.0541667 0.0541667 
0 0.148568 0.366667 0.0278646 0.0546296 
0 0.697266 0.813889 0.0325521 0.100926 
