0 0.830078 0.0430556 0.0523437 0.0842593 
0 0.742708 0.528704 0.04375 0.05 
0 0.822266 0.219907 0.0372396 0.062963 
0 0.362891 0.321065 0.0403646 0.0856481 
0 0.716406 0.268056 0.040625 0.0796296 
0 0.497526 0.362731 0.0440104 0.0625 
0 0.74362 0.675231 0.0424479 0.0819444 
0 0.690365 0.659259 0.0338542 0.0814815 
0 0.100521 0.697917 0.0401042 0.0625 
0 0.426823 0.709259 0.0572917 0.0712963 
0 0.271224 0.327778 0.0356771 0.119444 
0 0.492969 0.175694 0.0416667 0.099537 
0 0.625 0.743056 0.0447917 0.062963 
0 0.0377604 0.524306 0.0291667 0.118056 
0 0.884766 0.0548611 0.0460938 0.0939815 
0 0.202995 0.260417 0.0486979 0.0569444 
0 0.304297 0.397222 0.0502604 0.0962963 
0 0.562109 0.703704 0.0497396 0.1 
0 0.757292 0.856713 0.05 0.0810185 
0 0.196094 0.542824 0.0479167 0.0773148 
0 0.623047 0.65787 0.0257812 0.0648148 
0 0.504427 0.748611 0.0307292 0.0564815 
0 0.849089 0.672917 0.0315104 0.101389 
0 0.238542 0.567361 0.040625 0.0615741 
0 0.718359 0.401389 0.0424479 0.0842593 
0 0.2125 0.483565 0.0427083 0.0476852 
0 0.458203 0.482176 0.0315104 0.0643518 
0 0.651432 0.43125 0.0377604 0.0523148 
0 0.852995 0.0902778 0.0408854 0.0518519 
0 0.688021 0.813194 0.0520833 0.0652778 
0 0.380729 0.187731 0.0536458 0.0578704 
0 0.591797 0.931481 0.0523437 0.062963 
0 0.0872396 0.604167 0.0260417 0.0759259 
0 0.826693 0.821991 0.0315104 0.0671296 
0 0.794922 0.352546 0.0466146 0.0606481 
0 0.43138 0.428704 0.0341146 0.0555556 
0 0.982682 0.645602 0.0346354 0.0560185 
0 0.547396 0.184028 0.0604167 0.0569444 
0 0.20638 0.730787 0.0523437 0.0782407 
0 0.975911 0.0298611 0.0481771 0.0578704 
0 0.648438 0.294676 0.0390625 0.0958333 
0 0.077474 0.239352 0.0367187 0.0805556 
0 0.155078 0.453935 0.0320312 0.0782407 
0 0.259766 0.6875 0.0367187 0.062037 
0 0.589323 0.359259 0.0375 0.0787037 
0 0.0134115 0.294444 0.0263021 0.0972222 
0 0.83151 0.502778 0.0651042 0.101852 
0 0.685547 0.345833 0.0419271 0.0527778 
0 0.151953 0.749074 0.0466146 0.0675926 
0 0.674349 0.57963 0.0408854 0.0759259 
0 0.219531 0.395139 0.0354167 0.0884259 
