0 0.18138 0.484028 0.0497396 0.125463 
0 0.666016 0.332407 0.0440104 0.100926 
0 0.708984 0.869444 0.0549479 0.087963 
0 0.933594 0.0409722 0.0729167 0.0819444 
0 0.516667 0.428704 0.0364583 0.0796296 
0 0.940885 0.719676 0.0645833 0.109722 
0 0.865234 0.581944 0.0539063 0.113889 
0 0.564453 0.238426 0.0622396 0.0861111 
0 0.932161 0.378009 0.0481771 0.0662037 
0 0.646484 0.486806 0.0752604 0.0773148 
0 0.76862 0.229861 0.0309896 0.099537 
0 0.348437 0.514352 0.0625 0.0842593 
0 0.141016 0.487963 0.0377604 0.087963 
0 0.334896 0.302315 0.0786458 0.0814815 
0 0.641146 0.284028 0.0578125 0.0791667 
0 0.650911 0.189352 0.0419271 0.10463 
0 0.330078 0.634954 0.0497396 0.100463 
0 0.690495 0.734028 0.0539063 0.0763889 
0 0.0554687 0.635417 0.0328125 0.0513889 
0 0.398698 0.516435 0.0416667 0.0912037 
0 0.813932 0.147685 0.0721354 0.0722222 
0 0.911589 0.20463 0.0664062 0.0666667 
0 0.778776 0.0416667 0.0268229 0.0833333 
0 0.138021 0.568519 0.0317708 0.0824074 
0 0.0747396 0.430324 0.0541667 0.0597222 
0 0.236198 0.171065 0.0848958 0.0939815 
