0 0.756901 0.043287 0.0361979 0.0865741 
0 0.495052 0.130556 0.053125 0.0898148 
0 0.578125 0.367593 0.0432292 0.0861111 
0 0.901823 0.52662 0.0401042 0.101389 
0 0.207943 0.0939815 0.0627604 0.0824074 
0 0.234115 0.174769 0.0734375 0.0800926 
0 0.315234 0.0835648 0.0424479 0.0680556 
0 0.770964 0.232639 0.0476562 0.118981 
0 0.365625 0.211806 0.0395833 0.0930556 
0 0.571745 0.58588 0.0367187 0.0763889 
0 0.979036 0.538889 0.0408854 0.0694444 
0 0.650391 0.109259 0.0471354 0.0712963 
0 0.944792 0.928704 0.0541667 0.0787037 
0 0.838932 0.518519 0.0429688 0.0555556 
0 0.857422 0.270139 0.0476562 0.0819444 
0 0.386719 0.119444 0.0239583 0.087963 
0 0.0830729 0.440972 0.0348958 0.075463 
0 0.98776 0.180093 0.0213542 0.1 
0 0.570703 0.96088 0.0486979 0.0773148 
0 0.927734 0.621296 0.0606771 0.0555556 
0 0.796354 0.377778 0.0541667 0.075 
0 0.349089 0.0465278 0.0398437 0.0791667 
0 0.844661 0.118056 0.0346354 0.0509259 
0 0.395052 0.326157 0.0708333 0.0606481 
0 0.839844 0.618519 0.0401042 0.0555556 
0 0.520052 0.225 0.0567708 0.108333 
0 0.665495 0.483565 0.0403646 0.0976852 
0 0.716797 0.0712963 0.0471354 0.0638889 
0 0.919401 0.334259 0.0398437 0.0611111 
0 0.434635 0.0472222 0.0447917 0.0657407 
0 0.697786 0.332407 0.0393229 0.0694444 
0 0.523438 0.684954 0.0401042 0.0578704 
0 0.223568 0.307176 0.0471354 0.0523148 
0 0.694401 0.188657 0.0408854 0.0467593 
0 0.63724 0.31875 0.040625 0.0828704 
0 0.567448 0.522454 0.0432292 0.0560185 
0 0.0682292 0.103935 0.0473958 0.0634259 
0 0.183594 0.465972 0.0296875 0.0949074 
0 0.770052 0.861574 0.0442708 0.087963 
0 0.867708 0.664583 0.0416667 0.0680556 
0 0.66901 0.671065 0.0432292 0.106019 
0 0.846615 0.747454 0.0432292 0.0717593 
0 0.917448 0.734491 0.0546875 0.102315 
0 0.129818 0.0648148 0.0341146 0.0564815 
0 0.944792 0.453935 0.0348958 0.101389 
0 0.660156 0.822917 0.0447917 0.075463 
