0 0.882812 0.325463 0.0515625 0.0962963 
0 0.0428385 0.226157 0.0778646 0.136574 
0 0.444531 0.713657 0.0515625 0.0939815 
0 0.621094 0.654398 0.0520833 0.0782407 
0 0.568359 0.634954 0.0565104 0.0726852 
0 0.840885 0.638889 0.0447917 0.115741 
0 0.36224 0.602083 0.0385417 0.075463 
0 0.876432 0.765278 0.0335938 0.1 
0 0.808594 0.206019 0.0973958 0.0611111 
0 0.295833 0.435648 0.0635417 0.075 
0 0.408073 0.205093 0.03125 0.0592593 
0 0.335677 0.849074 0.0505208 0.0462963 
0 0.671484 0.420602 0.0747396 0.0958333 
0 0.905729 0.594213 0.0703125 0.0717593 
0 0.75 0.520833 0.059375 0.107407 
0 0.678776 0.648843 0.0330729 0.105093 
0 0.977995 0.474769 0.0440104 0.0421296 
0 0.79401 0.440509 0.0557292 0.0837963 
0 0.64401 0.294444 0.0588542 0.0685185 
0 0.909635 0.535648 0.0385417 0.0861111 
0 0.576693 0.805093 0.0471354 0.0712963 
0 0.974089 0.118519 0.0513021 0.111111 
0 0.486849 0.0298611 0.0622396 0.0587963 
0 0.983854 0.397917 0.0276042 0.100463 
0 0.957031 0.520139 0.0630208 0.0763889 
0 0.317057 0.672454 0.0450521 0.0902778 
0 0.736849 0.430324 0.0596354 0.074537 
0 0.722266 0.578241 0.0429688 0.0648148 
0 0.633333 0.580556 0.0307292 0.0861111 
