0 0.729427 0.113194 0.0432292 0.18287 
0 0.684505 0.60162 0.0763021 0.0921296 
0 0.556641 0.465509 0.0361979 0.134722 
0 0.462891 0.285185 0.0268229 0.0472222 
0 0.69974 0.303472 0.0994792 0.0680556 
0 0.663542 0.404861 0.09375 0.0634259 
0 0.51862 0.793056 0.0731771 0.0527778 
0 0.798828 0.470139 0.0908854 0.0736111 
0 0.464844 0.356713 0.0755208 0.049537 
0 0.607031 0.965278 0.0625 0.0675926 
0 0.511328 0.407407 0.0596354 0.0694444 
0 0.25638 0.138426 0.0414063 0.0851852 
0 0.229687 0.534722 0.040625 0.0851852 
0 0.265104 0.39375 0.0307292 0.0476852 
0 0.463542 0.100694 0.0364583 0.0856481 
0 0.403646 0.434028 0.0572917 0.0606481 
0 0.36888 0.428009 0.0315104 0.0958333 
0 0.917448 0.934954 0.059375 0.0662037 
0 0.273828 0.971296 0.0492188 0.0518519 
0 0.545833 0.0314815 0.0625 0.0555556 
0 0.102604 0.504861 0.0453125 0.0421296 
0 0.0433594 0.262963 0.0481771 0.0712963 
0 0.419141 0.883796 0.0513021 0.0490741 
0 0.195052 0.734028 0.0395833 0.0449074 
0 0.73724 0.894907 0.0333333 0.0759259 
0 0.314453 0.0275463 0.0533854 0.0550926 
0 0.817839 0.233796 0.0486979 0.0611111 
0 0.16276 0.427315 0.0369792 0.0694444 
0 0.5875 0.421991 0.0276042 0.0810185 
0 0.243229 0.662731 0.0520833 0.0458333 
0 0.28125 0.758333 0.0307292 0.0611111 
0 0.28138 0.467824 0.0294271 0.074537 
0 0.127734 0.265741 0.0346354 0.0648148 
0 0.167708 0.572917 0.025 0.0625 
0 0.021224 0.490046 0.0382813 0.0708333 
0 0.500521 0.512731 0.0411458 0.11713 
0 0.709375 0.0604167 0.0401042 0.0773148 
0 0.276823 0.184722 0.0609375 0.0462963 
0 0.588932 0.717593 0.0554687 0.0703704 
0 0.161068 0.814352 0.0393229 0.0407407 
0 0.398177 0.762731 0.0270833 0.0541667 
0 0.617708 0.843056 0.046875 0.0462963 
0 0.0440104 0.372454 0.0291667 0.0393519 
0 0.472656 0.977315 0.0458333 0.0453704 
0 0.283724 0.625926 0.0523437 0.0462963 
0 0.0490885 0.73912 0.0299479 0.0578704 
0 0.0427083 0.677083 0.0322917 0.0402778 
0 0.214323 0.486574 0.03125 0.0694444 
0 0.107161 0.446065 0.0445312 0.0375 
0 0.302474 0.236111 0.0429688 0.0546296 
0 0.554297 0.852083 0.0372396 0.0560185 
0 0.663021 0.84375 0.0484375 0.0662037 
0 0.0753906 0.131481 0.0450521 0.0703704 
0 0.416016 0.792593 0.0424479 0.0435185 
0 0.327865 0.297222 0.0239583 0.115741 
0 0.0898438 0.725694 0.0390625 0.0384259 
0 0.0173177 0.524769 0.0257812 0.0597222 
0 0.341536 0.181713 0.0377604 0.0587963 
0 0.363281 0.883333 0.0255208 0.0861111 
0 0.417969 0.73125 0.0375 0.0393519 
0 0.072526 0.66875 0.0221354 0.0421296 
0 0.342318 0.704861 0.0263021 0.0865741 
0 0.305339 0.159028 0.0367187 0.0486111 
0 0.808594 0.555556 0.0572917 0.0925926 
0 0.376563 0.243056 0.0395833 0.0740741 
0 0.618099 0.607639 0.0372396 0.0782407 
