0 0.788542 0.565509 0.0651042 0.123611 
0 0.816927 0.265278 0.0635417 0.0898148 
0 0.751432 0.16088 0.0565104 0.129167 
0 0.770052 0.378472 0.0296875 0.143981 
0 0.513672 0.376157 0.0627604 0.145833 
0 0.694401 0.226852 0.0908854 0.133333 
0 0.636719 0.341435 0.040625 0.0736111 
0 0.960026 0.331713 0.0351562 0.118056 
0 0.744141 0.299306 0.0476562 0.0902778 
0 0.0592448 0.828935 0.0330729 0.0810185 
0 0.558984 0.509722 0.0622396 0.112963 
0 0.836458 0.803704 0.04375 0.0583333 
0 0.754818 0.46875 0.0429688 0.129167 
0 0.752995 0.686111 0.0341146 0.122222 
0 0.875 0.678009 0.0302083 0.075463 
0 0.218099 0.683333 0.0351562 0.0666667 
0 0.796354 0.727083 0.0307292 0.075463 
0 0.835417 0.590278 0.0354167 0.0518519 
0 0.43099 0.32037 0.0447917 0.0509259 
0 0.594661 0.305093 0.0377604 0.113889 
0 0.419141 0.657639 0.0601562 0.0819444 
0 0.556641 0.351389 0.0408854 0.0546296 
0 0.128255 0.527778 0.0403646 0.100926 
0 0.57474 0.626157 0.0333333 0.0726852 
0 0.491406 0.646296 0.0578125 0.137963 
0 0.211589 0.592593 0.0513021 0.0925926 
0 0.423307 0.463194 0.0507812 0.0717593 
0 0.742708 0.545602 0.0661458 0.0782407 
0 0.915104 0.212037 0.0598958 0.0638889 
0 0.195312 0.437037 0.0546875 0.100926 
0 0.965365 0.585417 0.0552083 0.0680556 
0 0.974609 0.521759 0.0382813 0.0712963 
0 0.963802 0.267593 0.0682292 0.075 
0 0.937891 0.801157 0.0382813 0.0597222 
0 0.596224 0.738657 0.0507812 0.0634259 
0 0.519922 0.773843 0.0356771 0.0884259 
0 0.372786 0.503009 0.0450521 0.0791667 
0 0.09375 0.742361 0.0364583 0.110648 
0 0.277344 0.403704 0.0453125 0.125 
0 0.465365 0.800694 0.046875 0.0773148 
0 0.115755 0.769213 0.0335938 0.114352 
0 0.876432 0.587731 0.0393229 0.0578704 
0 0.878906 0.408102 0.0729167 0.0652778 
0 0.910677 0.893981 0.0494792 0.062037 
