0 0.747656 0.369213 0.0354167 0.143056 
0 0.604427 0.122685 0.0651042 0.0990741 
0 0.545964 0.613657 0.0539063 0.0828704 
0 0.582031 0.239352 0.075 0.062037 
0 0.722656 0.0247685 0.0359375 0.0458333 
0 0.0257812 0.60625 0.034375 0.0717593 
0 0.659115 0.596759 0.0395833 0.0712963 
0 0.675391 0.124074 0.0445312 0.0759259 
0 0.728125 0.739583 0.0463542 0.0541667 
0 0.566016 0.955787 0.0653646 0.0828704 
0 0.319271 0.358565 0.0463542 0.0578704 
0 0.656771 0.320139 0.0411458 0.049537 
0 0.507812 0.965278 0.0541667 0.0666667 
0 0.754948 0.952315 0.0453125 0.0907407 
0 0.517578 0.479398 0.0294271 0.102315 
0 0.435547 0.708333 0.0372396 0.05 
0 0.489323 0.607639 0.0484375 0.099537 
0 0.0861979 0.121991 0.0489583 0.0967593 
0 0.798828 0.711806 0.113281 0.125463 
0 0.5 0.849769 0.0421875 0.118981 
0 0.477083 0.278472 0.0473958 0.0486111 
0 0.195312 0.934028 0.0432292 0.075463 
0 0.373698 0.344444 0.0296875 0.0675926 
0 0.134766 0.347685 0.0731771 0.075 
0 0.0973958 0.874537 0.0229167 0.0777778 
0 0.190104 0.0386574 0.0697917 0.0625 
0 0.101953 0.434722 0.0325521 0.0731481 
0 0.426562 0.260185 0.0369792 0.0509259 
0 0.151953 0.201852 0.0289063 0.0842593 
0 0.3625 0.822917 0.0260417 0.115278 
0 0.676302 0.228009 0.0307292 0.119907 
0 0.492188 0.334954 0.0338542 0.0708333 
0 0.184896 0.486111 0.0354167 0.0962963 
0 0.554167 0.15625 0.0546875 0.114352 
0 0.231901 0.386806 0.0539063 0.0532407 
0 0.330078 0.0375 0.0356771 0.0555556 
0 0.61224 0.503472 0.0583333 0.0550926 
0 0.710417 0.168287 0.0505208 0.0458333 
0 0.1125 0.128009 0.0286458 0.0930556 
0 0.753385 0.623843 0.03125 0.0949074 
0 0.196875 0.765046 0.0546875 0.0819444 
0 0.259766 0.772222 0.0351562 0.0583333 
0 0.534635 0.734028 0.0416667 0.0856481 
0 0.864323 0.558102 0.0322917 0.0597222 
0 0.0824219 0.506713 0.0356771 0.0615741 
0 0.420182 0.571296 0.0481771 0.0962963 
