0 0.795964 0.845602 0.0497396 0.144907 
0 0.36862 0.639815 0.0617188 0.062963 
0 0.115625 0.901852 0.0385417 0.101852 
0 0.0973958 0.423611 0.0729167 0.0648148 
0 0.18125 0.629861 0.0375 0.0819444 
0 0.91888 0.836806 0.0414063 0.0967593 
0 0.0639323 0.764583 0.0481771 0.0875 
0 0.516016 0.586343 0.0309896 0.0560185 
0 0.833984 0.97662 0.0528646 0.0467593 
0 0.442057 0.760417 0.0403646 0.106944 
0 0.420443 0.486111 0.0513021 0.0481481 
0 0.321224 0.159954 0.0398437 0.0689815 
0 0.0824219 0.361111 0.0606771 0.0509259 
0 0.0419271 0.588889 0.0770833 0.0509259 
0 0.881901 0.915046 0.0835937 0.0791667 
0 0.85 0.64838 0.0770833 0.0791667 
0 0.0114583 0.958333 0.0229167 0.0833333 
0 0.289062 0.586343 0.0442708 0.0643518 
0 0.332552 0.862269 0.0322917 0.0625 
0 0.609766 0.590741 0.0382813 0.0787037 
0 0.232422 0.712269 0.0419271 0.0430556 
0 0.531771 0.871991 0.0505208 0.0523148 
0 0.328646 0.703472 0.0328125 0.0949074 
