0 0.61862 0.765278 0.0554687 0.136111 
0 0.874479 0.682407 0.0354167 0.0925926 
0 0.263542 0.866667 0.040625 0.0888889 
0 0.168229 0.815278 0.0661458 0.0990741 
0 0.600651 0.909722 0.0606771 0.0842593 
0 0.286849 0.830324 0.0507812 0.074537 
0 0.394531 0.910648 0.0458333 0.0712963 
0 0.336979 0.939352 0.0453125 0.118519 
0 0.471484 0.820602 0.0341146 0.075463 
0 0.439193 0.93912 0.0690104 0.0532407 
0 0.788151 0.933102 0.0434896 0.0856481 
0 0.773438 0.652315 0.0729167 0.0555556 
0 0.838932 0.48125 0.0388021 0.0856481 
0 0.20013 0.467824 0.0414063 0.0439815 
0 0.662109 0.590741 0.0450521 0.0972222 
0 0.979948 0.645833 0.0401042 0.0453704 
0 0.38737 0.452778 0.0346354 0.0638889 
0 0.835417 0.671528 0.0260417 0.0884259 
0 0.104036 0.655324 0.0471354 0.0689815 
0 0.557161 0.96713 0.0367187 0.0611111 
0 0.339063 0.798611 0.0296875 0.112963 
0 0.200521 0.348148 0.0473958 0.0611111 
0 0.130729 0.601157 0.0427083 0.0791667 
0 0.759245 0.543056 0.0408854 0.0851852 
0 0.328255 0.700926 0.0585938 0.0518519 
0 0.0670573 0.544676 0.0315104 0.0486111 
0 0.984896 0.421296 0.0270833 0.128704 
0 0.796354 0.823843 0.0380208 0.0699074 
0 0.982422 0.828472 0.0315104 0.0912037 
0 0.866667 0.932407 0.0260417 0.0953704 
0 0.154557 0.734954 0.0408854 0.0578704 
0 0.268229 0.576389 0.0427083 0.0777778 
0 0.582031 0.410185 0.0291667 0.0435185 
0 0.354297 0.671991 0.0304688 0.0458333 
0 0.990234 0.734491 0.0174479 0.113426 
0 0.398438 0.549306 0.0307292 0.0856481 
0 0.0561198 0.210417 0.0445312 0.0736111 
0 0.369401 0.973148 0.0356771 0.0518519 
0 0.9375 0.879398 0.0619792 0.0486111 
0 0.969271 0.562963 0.0479167 0.0574074 
