0 0.923828 0.284954 0.0752604 0.160648 
0 0.98151 0.0706019 0.0333333 0.141204 
0 0.541536 0.514815 0.0398437 0.0935185 
0 0.925391 0.544676 0.0367187 0.0782407 
0 0.444531 0.0722222 0.053125 0.0722222 
0 0.109896 0.503241 0.05 0.138889 
0 0.807682 0.48125 0.0309896 0.0921296 
0 0.895573 0.603241 0.0322917 0.0564815 
0 0.972135 0.448843 0.0385417 0.0662037 
0 0.86276 0.444444 0.0609375 0.0768519 
0 0.400911 0.438194 0.0440104 0.146759 
0 0.851042 0.555093 0.0302083 0.0546296 
0 0.145703 0.604167 0.0549479 0.0935185 
0 0.81888 0.636343 0.0669271 0.0819444 
0 0.640625 0.532176 0.0578125 0.0708333 
0 0.875 0.516667 0.0416667 0.0731481 
0 0.371094 0.303009 0.034375 0.0902778 
0 0.615234 0.420139 0.0768229 0.050463 
0 0.814974 0.302778 0.0507812 0.087963 
0 0.877474 0.744213 0.0263021 0.0652778 
0 0.761198 0.860648 0.0390625 0.062963 
0 0.303385 0.584259 0.0546875 0.0842593 
0 0.476172 0.410185 0.0617188 0.111111 
0 0.0239583 0.486574 0.0479167 0.0777778 
0 0.358854 0.395833 0.0479167 0.1 
0 0.732943 0.648611 0.0388021 0.0962963 
0 0.488932 0.675231 0.0403646 0.118056 
0 0.0580729 0.822222 0.0442708 0.0657407 
0 0.758724 0.42662 0.0559896 0.0726852 
0 0.821354 0.731713 0.0348958 0.0893519 
0 0.40013 0.145602 0.0559896 0.074537 
0 0.333724 0.51088 0.0533854 0.0810185 
0 0.43112 0.257407 0.0356771 0.0805556 
0 0.472656 0.585648 0.053125 0.0814815 
0 0.929688 0.473148 0.0333333 0.0509259 
0 0.712891 0.355324 0.0335938 0.114352 
0 0.569792 0.350694 0.05 0.113426 
0 0.73099 0.465278 0.0510417 0.101852 
0 0.334635 0.953009 0.0541667 0.0875 
0 0.534245 0.685185 0.0325521 0.087963 
0 0.515625 0.355093 0.0265625 0.110185 
0 0.0700521 0.462731 0.040625 0.108796 
