0 0.446615 0.299306 0.0666667 0.111574 
0 0.589844 0.632407 0.0385417 0.140741 
0 0.67487 0.519213 0.0367187 0.127315 
0 0.55612 0.434954 0.0388021 0.153241 
0 0.515234 0.43588 0.0346354 0.119907 
0 0.567839 0.593287 0.0341146 0.109722 
0 0.651302 0.143519 0.0364583 0.0518519 
0 0.457031 0.185185 0.0723958 0.0805556 
0 0.38125 0.839815 0.0515625 0.0537037 
0 0.760807 0.743981 0.0268229 0.0472222 
0 0.484766 0.100463 0.0815104 0.0694444 
0 0.546875 0.766435 0.0265625 0.0625 
0 0.621094 0.24838 0.053125 0.0615741 
0 0.207813 0.0469907 0.0307292 0.0671296 
0 0.4 0.495602 0.0390625 0.0449074 
0 0.0272135 0.214352 0.0513021 0.0694444 
0 0.53763 0.260417 0.0445312 0.0699074 
0 0.232422 0.314352 0.0356771 0.0361111 
0 0.164453 0.2875 0.0460938 0.0611111 
0 0.339844 0.611111 0.0328125 0.0638889 
0 0.466016 0.389583 0.0544271 0.0810185 
0 0.190495 0.40463 0.0330729 0.0416667 
0 0.291797 0.374537 0.0403646 0.0574074 
0 0.645443 0.503009 0.0372396 0.0467593 
0 0.163151 0.771759 0.0294271 0.103704 
0 0.591276 0.893287 0.0554687 0.0893519 
0 0.685156 0.386574 0.0328125 0.0851852 
0 0.24388 0.148148 0.0424479 0.0712963 
0 0.136198 0.388889 0.0364583 0.0351852 
0 0.308333 0.501852 0.021875 0.0638889 
0 0.137891 0.57037 0.0585938 0.0611111 
0 0.376693 0.40162 0.0335938 0.104167 
0 0.640104 0.841898 0.0583333 0.1125 
0 0.35651 0.653704 0.0453125 0.0583333 
0 0.684115 0.936574 0.101042 0.0564815 
0 0.316146 0.0173611 0.0463542 0.0337963 
0 0.184505 0.493981 0.0356771 0.0583333 
0 0.223438 0.421991 0.0317708 0.0569444 
0 0.549349 0.663657 0.0268229 0.0560185 
0 0.0591146 0.145139 0.0322917 0.0606481 
0 0.245312 0.747917 0.0348958 0.0652778 
0 0.283203 0.966898 0.0356771 0.0375 
0 0.615755 0.0460648 0.0778646 0.0587963 
0 0.125781 0.825463 0.0375 0.0435185 
0 0.0342448 0.0900463 0.0289063 0.075463 
0 0.0860677 0.272454 0.0252604 0.0606481 
0 0.513281 0.885417 0.0192708 0.0569444 
0 0.101562 0.240972 0.0432292 0.0467593 
0 0.516146 0.321296 0.0354167 0.0898148 
0 0.0480469 0.363657 0.0455729 0.0643518 
0 0.600521 0.848148 0.0645833 0.0787037 
0 0.416276 0.116435 0.0361979 0.0643518 
0 0.469922 0.506481 0.0393229 0.0787037 
0 0.508854 0.793519 0.0328125 0.111111 
0 0.161979 0.653472 0.0270833 0.0708333 
0 0.34401 0.769213 0.0385417 0.0615741 
0 0.857943 0.331944 0.0664062 0.0462963 
0 0.859896 0.980556 0.0359375 0.0388889 
0 0.265365 0.537037 0.0364583 0.0648148 
0 0.552734 0.932407 0.0356771 0.100926 
0 0.224479 0.766435 0.04375 0.1125 
