0 0.809115 0.0523148 0.0484375 0.10463 
0 0.277344 0.463889 0.0421875 0.0722222 
0 0.571745 0.263194 0.0408854 0.110648 
0 0.698177 0.125463 0.0369792 0.0703704 
0 0.903906 0.532176 0.0390625 0.100463 
0 0.470443 0.285417 0.0455729 0.0902778 
0 0.548828 0.552083 0.0492188 0.0893519 
0 0.696745 0.208333 0.0247396 0.0944444 
0 0.563542 0.174074 0.0307292 0.0694444 
0 0.645443 0.254861 0.0716146 0.102315 
0 0.510677 0.329861 0.0520833 0.119907 
0 0.85013 0.848148 0.0445312 0.0925926 
0 0.865755 0.333565 0.108073 0.0736111 
0 0.734896 0.290509 0.0354167 0.0819444 
0 0.9125 0.644213 0.0375 0.108796 
0 0.923828 0.211574 0.0440104 0.106481 
0 0.725521 0.466898 0.0609375 0.0699074 
0 0.888151 0.764352 0.0440104 0.05 
0 0.63138 0.487037 0.0466146 0.180556 
0 0.805729 0.828704 0.0432292 0.075 
0 0.139974 0.025 0.0497396 0.05 
0 0.510677 0.779398 0.0385417 0.0976852 
0 0.638672 0.880324 0.0481771 0.074537 
0 0.117839 0.531713 0.0304688 0.0689815 
0 0.28151 0.587269 0.0463542 0.0884259 
0 0.438021 0.822222 0.034375 0.0694444 
0 0.0695312 0.958333 0.0401042 0.0796296 
0 0.801302 0.195139 0.0380208 0.0523148 
0 0.210547 0.607176 0.0554687 0.0597222 
0 0.0785156 0.443287 0.0388021 0.0921296 
0 0.177344 0.31088 0.0447917 0.0439815 
0 0.331641 0.417824 0.0356771 0.0726852 
0 0.94388 0.764815 0.0320312 0.0962963 
0 0.0266927 0.731019 0.0492188 0.0990741 
0 0.930208 0.876852 0.0307292 0.0787037 
0 0.861328 0.96088 0.0466146 0.075463 
0 0.614714 0.674074 0.0393229 0.0898148 
