0 0.13737 0.0979167 0.0341146 0.0550926 
0 0.236589 0.0655093 0.0445312 0.0930556 
0 0.610417 0.0865741 0.0729167 0.0935185 
0 0.697786 0.103241 0.0606771 0.0712963 
0 0.352734 0.359028 0.0377604 0.0976852 
0 0.854036 0.0791667 0.0627604 0.111111 
0 0.836979 0.371991 0.0541667 0.0569444 
0 0.662109 0.625463 0.0471354 0.114815 
0 0.208854 0.22338 0.0302083 0.0560185 
0 0.96237 0.266898 0.0528646 0.0699074 
0 0.126563 0.270833 0.0328125 0.12037 
0 0.290625 0.162731 0.03125 0.122685 
0 0.0891927 0.665741 0.0434896 0.0546296 
0 0.972135 0.537963 0.0369792 0.0601852 
0 0.159375 0.20625 0.0328125 0.0976852 
0 0.427734 0.288657 0.0361979 0.0828704 
0 0.0671875 0.106713 0.034375 0.0625 
0 0.307031 0.472685 0.0265625 0.0712963 
0 0.387891 0.136343 0.0382813 0.0773148 
0 0.119792 0.48912 0.0614583 0.0569444 
0 0.896484 0.80162 0.0559896 0.0939815 
0 0.371875 0.225 0.034375 0.0768519 
0 0.344531 0.513426 0.0442708 0.0712963 
0 0.633333 0.302315 0.0473958 0.0509259 
0 0.625 0.661574 0.0291667 0.0694444 
0 0.909635 0.147222 0.0354167 0.0509259 
0 0.906771 0.247685 0.0541667 0.0712963 
0 0.398958 0.505093 0.0416667 0.0574074 
0 0.0876302 0.23912 0.0471354 0.0791667 
0 0.18724 0.568519 0.0619792 0.062963 
0 0.0351562 0.303472 0.0447917 0.0597222 
0 0.384505 0.597222 0.0424479 0.0592593 
0 0.744661 0.736574 0.0513021 0.0537037 
0 0.252604 0.337269 0.0458333 0.074537 
0 0.95599 0.317593 0.0802083 0.0648148 
0 0.727083 0.582407 0.03125 0.0787037 
0 0.244401 0.230093 0.0502604 0.0583333 
