0 0.693359 0.0548611 0.0388021 0.106019 
0 0.415104 0.537731 0.05625 0.0902778 
0 0.635807 0.11088 0.0544271 0.0726852 
0 0.616667 0.776852 0.0359375 0.0453704 
0 0.424609 0.265278 0.0434896 0.0657407 
0 0.560156 0.439815 0.0328125 0.109259 
0 0.684505 0.685417 0.0434896 0.075463 
0 0.383073 0.174537 0.0723958 0.0527778 
0 0.57474 0.224306 0.0427083 0.050463 
0 0.517057 0.711806 0.0273438 0.106944 
0 0.488281 0.951389 0.0348958 0.0953704 
0 0.37526 0.34537 0.0546875 0.0490741 
0 0.476562 0.752778 0.0307292 0.0444444 
0 0.564453 0.544444 0.0382813 0.108333 
0 0.177734 0.503935 0.0580729 0.0550926 
0 0.235156 0.341204 0.0645833 0.0564815 
0 0.240104 0.867361 0.0588542 0.0476852 
0 0.49362 0.286343 0.0492188 0.104167 
0 0.053776 0.568287 0.0507812 0.0439815 
0 0.352865 0.953935 0.0651042 0.0912037 
0 0.0283854 0.10787 0.0510417 0.0564815 
0 0.477995 0.0798611 0.0304688 0.0560185 
0 0.2375 0.131713 0.0416667 0.111574 
0 0.44974 0.839815 0.0447917 0.0666667 
0 0.330078 0.816435 0.0815104 0.0902778 
0 0.416927 0.678472 0.0385417 0.0763889 
0 0.545313 0.819907 0.0369792 0.164815 
0 0.519531 0.0282407 0.0276042 0.0564815 
0 0.0776042 0.26412 0.0380208 0.0449074 
0 0.207161 0.137037 0.0393229 0.0601852 
0 0.61862 0.146991 0.0476562 0.0689815 
0 0.323828 0.609028 0.0497396 0.0671296 
0 0.779297 0.13588 0.0611979 0.0606481 
0 0.591406 0.447917 0.0447917 0.0412037 
0 0.197526 0.594676 0.0393229 0.049537 
0 0.512109 0.473611 0.0445312 0.0546296 
0 0.138411 0.85162 0.0445312 0.0486111 
0 0.355469 0.525694 0.0427083 0.0439815 
0 0.515625 0.644907 0.05625 0.138889 
0 0.176042 0.254861 0.0411458 0.0476852 
0 0.480469 0.16088 0.0348958 0.0837963 
0 0.0246094 0.424074 0.0434896 0.0759259 
