0 0.694271 0.50787 0.0604167 0.178704 
0 0.458724 0.162269 0.0908854 0.0662037 
0 0.320833 0.347454 0.0359375 0.0578704 
0 0.347656 0.246065 0.0369792 0.0625 
0 0.414714 0.640278 0.0341146 0.0981481 
0 0.307682 0.599306 0.0367187 0.131944 
0 0.379818 0.176852 0.0507812 0.0787037 
0 0.454557 0.394676 0.0403646 0.0606481 
0 0.529688 0.186806 0.0364583 0.0791667 
0 0.689974 0.899306 0.0523437 0.168981 
0 0.575781 0.50787 0.0354167 0.0722222 
0 0.649349 0.535185 0.0289063 0.0898148 
0 0.583984 0.0534722 0.0486979 0.0726852 
0 0.0470052 0.617593 0.0315104 0.0990741 
0 0.694922 0.38588 0.0966146 0.0625 
0 0.151693 0.61713 0.0414063 0.0583333 
0 0.534245 0.640741 0.0695312 0.0638889 
0 0.470703 0.781944 0.0497396 0.112963 
0 0.371094 0.379861 0.0270833 0.131019 
0 0.139714 0.411806 0.0507812 0.0699074 
0 0.68112 0.0201389 0.0669271 0.0402778 
0 0.548828 0.720602 0.0544271 0.110648 
0 0.514714 0.465972 0.0544271 0.0680556 
0 0.317187 0.407639 0.0369792 0.0375 
0 0.0830729 0.457639 0.0875 0.0532407 
0 0.266016 0.967824 0.0658854 0.0532407 
0 0.525781 0.864583 0.0729167 0.0699074 
0 0.195052 0.970602 0.0302083 0.0560185 
0 0.639583 0.873148 0.0401042 0.213889 
0 0.358333 0.590972 0.0296875 0.0902778 
0 0.394141 0.599074 0.0304688 0.131481 
0 0.136198 0.0664352 0.0322917 0.0532407 
0 0.217969 0.597222 0.0682292 0.0601852 
0 0.477474 0.222685 0.0606771 0.0472222 
0 0.448828 0.0958333 0.0346354 0.0435185 
0 0.565365 0.176157 0.046875 0.0430556 
0 0.622526 0.0243056 0.0419271 0.0476852 
0 0.485938 0.421759 0.0411458 0.128704 
0 0.0904948 0.312037 0.0669271 0.0546296 
0 0.043099 0.127315 0.0372396 0.0916667 
0 0.747005 0.754861 0.0565104 0.0569444 
0 0.525 0.412037 0.0473958 0.0740741 
0 0.0992187 0.940972 0.0677083 0.0606481 
0 0.171094 0.156019 0.0354167 0.0768519 
0 0.181901 0.927083 0.0372396 0.0467593 
0 0.220833 0.705787 0.0432292 0.074537 
0 0.425391 0.731713 0.0497396 0.0560185 
0 0.379948 0.711806 0.0526042 0.050463 
0 0.188411 0.33287 0.0502604 0.0722222 
0 0.544922 0.261574 0.0419271 0.0611111 
0 0.201693 0.421759 0.0440104 0.0435185 
0 0.14349 0.85162 0.0411458 0.099537 
0 0.135677 0.687963 0.0260417 0.0694444 
0 0.61862 0.0914352 0.100781 0.0643518 
0 0.336458 0.716667 0.0255208 0.0703704 
0 0.527344 0.923611 0.0609375 0.0583333 
0 0.116536 0.606944 0.0325521 0.05 
0 0.059375 0.888194 0.0390625 0.0699074 
0 0.134766 0.025 0.0940104 0.0462963 
0 0.129297 0.797685 0.0356771 0.0740741 
0 0.617578 0.8875 0.0664062 0.175926 
