0 0.147266 0.706481 0.0403646 0.157407 
0 0.79974 0.817593 0.0395833 0.144444 
0 0.570833 0.768056 0.0609375 0.0611111 
0 0.147656 0.90625 0.0354167 0.135648 
0 0.761328 0.953241 0.0585938 0.0833333 
0 0.184115 0.956481 0.0421875 0.0555556 
0 0.616797 0.60162 0.0361979 0.13287 
0 0.891667 0.72963 0.040625 0.144444 
0 0.18724 0.905556 0.0515625 0.0555556 
0 0.545443 0.81412 0.0335938 0.109722 
0 0.496875 0.784722 0.0609375 0.10463 
0 0.022526 0.788657 0.0434896 0.128241 
0 0.6 0.966898 0.0260417 0.0550926 
0 0.456641 0.938194 0.0403646 0.0921296 
0 0.517187 0.957407 0.0416667 0.0657407 
0 0.10026 0.711111 0.0427083 0.0824074 
0 0.0270833 0.892361 0.0541667 0.0939815 
0 0.470703 0.831944 0.0804688 0.0768519 
0 0.860286 0.9375 0.0492188 0.0666667 
0 0.278255 0.955787 0.0533854 0.0708333 
0 0.944271 0.621528 0.0322917 0.0439815 
0 0.160286 0.0828704 0.0544271 0.112963 
0 0.080599 0.954861 0.0611979 0.0865741 
