0 0.254427 0.744444 0.040625 0.0990741 
0 0.51862 0.454861 0.0815104 0.075463 
0 0.53125 0.966204 0.0432292 0.0638889 
0 0.978516 0.363194 0.0414063 0.140278 
0 0.140495 0.799537 0.0393229 0.0712963 
0 0.508333 0.902778 0.0635417 0.1 
0 0.69388 0.640741 0.0596354 0.0907407 
0 0.921875 0.538194 0.0625 0.0902778 
0 0.220964 0.588889 0.0497396 0.149074 
0 0.961328 0.861111 0.0736979 0.0546296 
0 0.76862 0.618056 0.0403646 0.150926 
0 0.899479 0.885417 0.0552083 0.124537 
0 0.89349 0.375463 0.0546875 0.113889 
0 0.0658854 0.677083 0.0619792 0.119907 
0 0.954557 0.737731 0.0492188 0.1375 
0 0.723698 0.967824 0.040625 0.0606481 
0 0.772396 0.869907 0.0369792 0.10463 
0 0.962891 0.932407 0.0382813 0.0787037 
0 0.546354 0.578935 0.0302083 0.0893519 
