0 0.224349 0.921991 0.0476562 0.148611 
0 0.686979 0.912269 0.0682292 0.151389 
0 0.877865 0.795139 0.0546875 0.119907 
0 0.426953 0.517361 0.0419271 0.135648 
0 0.642578 0.727778 0.0403646 0.075 
0 0.319661 0.592824 0.0476562 0.124537 
0 0.441927 0.745139 0.0380208 0.0939815 
0 0.697266 0.616204 0.0559896 0.137963 
0 0.0610677 0.746065 0.0513021 0.0606481 
0 0.075651 0.965972 0.0429688 0.0615741 
0 0.915625 0.85 0.0880208 0.0666667 
0 0.109375 0.701389 0.0328125 0.0944444 
0 0.248568 0.593287 0.0361979 0.0847222 
0 0.393099 0.90625 0.0304688 0.131019 
0 0.95013 0.680093 0.0414063 0.0805556 
0 0.267708 0.958333 0.0432292 0.0796296 
0 0.0582031 0.586806 0.0513021 0.0967593 
0 0.613802 0.61088 0.0291667 0.1125 
0 0.466797 0.916667 0.0440104 0.0666667 
0 0.880859 0.981713 0.0799479 0.0356481 
0 0.0736979 0.828935 0.0380208 0.0893519 
