0 0.81875 0.923611 0.0489583 0.143519 
0 0.431901 0.923611 0.0669271 0.101852 
0 0.344792 0.129167 0.0578125 0.105556 
0 0.41849 0.612731 0.0432292 0.118981 
0 0.302083 0.741898 0.0869792 0.128241 
0 0.271094 0.122454 0.0411458 0.0736111 
0 0.16849 0.538426 0.0541667 0.209259 
0 0.577734 0.934954 0.0356771 0.0634259 
0 0.263281 0.634954 0.0583333 0.181944 
0 0.340625 0.923611 0.0536458 0.124074 
0 0.0740885 0.143287 0.0408854 0.0597222 
0 0.161719 0.871528 0.05625 0.0930556 
0 0.34987 0.847917 0.0351562 0.100463 
0 0.0821615 0.759028 0.0533854 0.0893519 
0 0.979036 0.607639 0.0414063 0.0606481 
0 0.538542 0.643287 0.0489583 0.0689815 
0 0.901823 0.762037 0.0552083 0.0564815 
0 0.510677 0.677083 0.0505208 0.0976852 
0 0.146094 0.949537 0.0296875 0.0861111 
0 0.0799479 0.862731 0.0583333 0.118056 
0 0.636719 0.31412 0.0572917 0.0865741 
0 0.63724 0.611111 0.0619792 0.0712963 
0 0.506901 0.55463 0.0299479 0.0583333 
0 0.816016 0.696065 0.0476562 0.0800926 
0 0.563932 0.062963 0.0674479 0.112037 
0 0.204427 0.117824 0.0395833 0.0736111 
0 0.760807 0.612269 0.0304688 0.122685 
0 0.652344 0.446759 0.0375 0.110185 
0 0.724609 0.954861 0.0398437 0.0865741 
0 0.61224 0.801389 0.040625 0.0685185 
0 0.146875 0.233333 0.0395833 0.0666667 
0 0.11276 0.025463 0.0432292 0.0509259 
0 0.61276 0.478241 0.0567708 0.126852 
0 0.360156 0.543519 0.0322917 0.0342593 
0 0.859375 0.619444 0.0765625 0.0990741 
0 0.726562 0.57037 0.0286458 0.0824074 
0 0.205469 0.720602 0.0505208 0.0680556 
