0 0.626432 0.880093 0.0434896 0.162963 
0 0.0545573 0.842593 0.0372396 0.144444 
0 0.659635 0.958333 0.0375 0.0824074 
0 0.583464 0.550231 0.0398437 0.165278 
0 0.779297 0.794213 0.0346354 0.0828704 
0 0.599609 0.840278 0.0445312 0.112963 
0 0.644531 0.73287 0.0635417 0.0787037 
0 0.498437 0.562037 0.0333333 0.143519 
0 0.272396 0.940046 0.0598958 0.0699074 
0 0.473568 0.799769 0.0481771 0.113426 
0 0.167969 0.953241 0.040625 0.0824074 
0 0.0895833 0.88287 0.0395833 0.0935185 
0 0.10651 0.603472 0.0385417 0.0791667 
0 0.527865 0.725694 0.0557292 0.0671296 
0 0.755469 0.571065 0.0494792 0.0726852 
0 0.54987 0.867361 0.0346354 0.0458333 
