0 0.788021 0.88588 0.0854167 0.0606481 
0 0.781641 0.683565 0.0377604 0.102315 
0 0.585026 0.793287 0.0476562 0.074537 
0 0.576172 0.903704 0.0606771 0.0675926 
0 0.371875 0.590278 0.0416667 0.0481481 
0 0.470964 0.965972 0.0565104 0.0606481 
0 0.429688 0.274537 0.05625 0.0675926 
0 0.566406 0.518287 0.0692708 0.0662037 
0 0.704036 0.109259 0.0523437 0.131481 
0 0.635677 0.408102 0.0578125 0.0597222 
0 0.730469 0.545602 0.0442708 0.0736111 
0 0.500911 0.908102 0.0372396 0.0652778 
0 0.367969 0.271065 0.0270833 0.0578704 
0 0.854557 0.274074 0.0273438 0.0444444 
0 0.364323 0.825694 0.0609375 0.0671296 
0 0.967318 0.620602 0.0528646 0.0652778 
0 0.707552 0.720602 0.0692708 0.074537 
0 0.249089 0.47963 0.0398437 0.0398148 
0 0.683984 0.908796 0.0450521 0.0694444 
0 0.0667969 0.265509 0.0351562 0.0449074 
0 0.617188 0.959259 0.0354167 0.0777778 
0 0.328125 0.0488426 0.0302083 0.0699074 
0 0.177474 0.827315 0.0601562 0.062037 
0 0.244922 0.806713 0.0382813 0.0597222 
0 0.443359 0.0668981 0.0283854 0.102315 
0 0.239453 0.579861 0.0299479 0.0643518 
0 0.613281 0.0685185 0.0348958 0.102778 
0 0.588932 0.727778 0.0242187 0.0777778 
0 0.360417 0.353935 0.0338542 0.0671296 
0 0.640625 0.900231 0.0354167 0.0726852 
0 0.318229 0.716667 0.0822917 0.062963 
0 0.569922 0.67963 0.0424479 0.0833333 
0 0.0384115 0.184028 0.0414063 0.0402778 
0 0.709896 0.592824 0.0484375 0.0513889 
0 0.181901 0.740046 0.0252604 0.0430556 
0 0.653906 0.956481 0.0515625 0.0638889 
0 0.283854 0.018287 0.0270833 0.0319444 
0 0.503385 0.641898 0.034375 0.0550926 
0 0.648438 0.845602 0.0411458 0.0458333 
0 0.215104 0.184954 0.0427083 0.0643518 
