0 0.813932 0.0722222 0.0408854 0.141667 
0 0.44974 0.319907 0.0723958 0.110185 
0 0.559635 0.313889 0.0635417 0.118519 
0 0.446094 0.50787 0.0583333 0.125 
0 0.176042 0.357407 0.0572917 0.122222 
0 0.977995 0.521528 0.0356771 0.130093 
0 0.89362 0.186343 0.0492188 0.1125 
0 0.696224 0.14537 0.0518229 0.0814815 
0 0.0621094 0.463889 0.0513021 0.062963 
0 0.789062 0.296991 0.0338542 0.0847222 
0 0.526432 0.556481 0.0278646 0.0666667 
0 0.300781 0.422222 0.03125 0.0944444 
0 0.914062 0.490046 0.0645833 0.0689815 
0 0.898438 0.948611 0.0296875 0.087963 
0 0.623568 0.82338 0.0476562 0.0717593 
0 0.412109 0.375463 0.0632813 0.0601852 
0 0.703125 0.482176 0.0588542 0.0736111 
0 0.856901 0.429861 0.0664062 0.0865741 
0 0.616146 0.271296 0.0640625 0.0509259 
0 0.986849 0.27037 0.0216146 0.0703704 
0 0.779818 0.511343 0.0372396 0.0921296 
0 0.413542 0.673148 0.0369792 0.0740741 
0 0.76263 0.965278 0.0398437 0.0657407 
0 0.837891 0.311111 0.0747396 0.0694444 
0 0.948698 0.920139 0.0302083 0.075463 
0 0.0141927 0.52338 0.0273438 0.0828704 
0 0.690885 0.708333 0.0494792 0.0444444 
0 0.304427 0.958333 0.0369792 0.0814815 
0 0.849609 0.58588 0.0346354 0.0736111 
0 0.495182 0.694444 0.0388021 0.0777778 
0 0.913542 0.878009 0.0255208 0.0541667 
0 0.259766 0.480093 0.0315104 0.102778 
0 0.868099 0.643287 0.0304688 0.102315 
0 0.750911 0.784028 0.0643229 0.074537 
0 0.395833 0.574769 0.0473958 0.0717593 
0 0.61224 0.576389 0.0552083 0.0787037 
0 0.226562 0.952315 0.0380208 0.0861111 
0 0.591797 0.346759 0.0289063 0.0990741 
0 0.363542 0.0388889 0.0401042 0.0712963 
0 0.638151 0.534259 0.0440104 0.062037 
0 0.357943 0.444213 0.0549479 0.113426 
0 0.876042 0.867361 0.0307292 0.0819444 
0 0.420443 0.542824 0.0460938 0.0837963 
0 0.264844 0.427546 0.0421875 0.0689815 
0 0.0977865 0.86713 0.0481771 0.0712963 
0 0.365885 0.663194 0.0463542 0.0587963 
0 0.502865 0.455324 0.0614583 0.0578704 
0 0.710026 0.649769 0.0372396 0.0689815 
