0 0.755339 0.22963 0.0820312 0.119444 
0 0.85013 0.200463 0.0325521 0.0898148 
0 0.727995 0.783796 0.0653646 0.101852 
0 0.722656 0.963426 0.107813 0.0731481 
0 0.650911 0.212731 0.0726563 0.115278 
0 0.586979 0.104167 0.09375 0.0796296 
0 0.660677 0.280787 0.0848958 0.13287 
0 0.510677 0.0335648 0.078125 0.0606481 
0 0.379948 0.232176 0.040625 0.0847222 
0 0.477995 0.844907 0.0481771 0.0916667 
0 0.491536 0.138194 0.0372396 0.104167 
0 0.755859 0.520833 0.0611979 0.0824074 
0 0.325391 0.655556 0.0309896 0.0490741 
0 0.508333 0.585648 0.0619792 0.100926 
0 0.354167 0.877083 0.0380208 0.0569444 
0 0.492188 0.459259 0.0296875 0.0564815 
0 0.252734 0.586343 0.0544271 0.0550926 
0 0.673828 0.672685 0.0731771 0.0759259 
0 0.456641 0.946296 0.0440104 0.0648148 
0 0.54401 0.497454 0.0307292 0.0810185 
0 0.916536 0.202083 0.0815104 0.0689815 
0 0.628906 0.819444 0.0494792 0.0574074 
0 0.28763 0.964352 0.0544271 0.0675926 
0 0.328516 0.396759 0.0684896 0.0453704 
0 0.606901 0.928009 0.0570313 0.130093 
0 0.623047 0.578935 0.0513021 0.0587963 
0 0.523958 0.780324 0.0526042 0.0837963 
0 0.577604 0.637269 0.0348958 0.0587963 
0 0.697786 0.849769 0.0617188 0.0949074 
0 0.0822917 0.543056 0.0390625 0.0518519 
0 0.0979167 0.105787 0.0572917 0.0597222 
0 0.177995 0.345139 0.0580729 0.0652778 
0 0.519531 0.352778 0.0546875 0.0666667 
0 0.129688 0.813889 0.0484375 0.0740741 
0 0.464844 0.647917 0.0630208 0.0689815 
0 0.149089 0.0412037 0.0669271 0.0611111 
0 0.351693 0.717361 0.0585938 0.128241 
0 0.432422 0.366898 0.0257812 0.0782407 
0 0.197526 0.610648 0.0476562 0.0703704 
0 0.585938 0.846296 0.05 0.0805556 
0 0.463411 0.310648 0.0471354 0.150926 
0 0.40651 0.515741 0.0651042 0.0601852 
0 0.342057 0.478704 0.0361979 0.0416667 
0 0.115104 0.224074 0.0390625 0.0685185 
0 0.375781 0.0458333 0.0395833 0.0842593 
0 0.372786 0.587037 0.0440104 0.0814815 
0 0.127734 0.599074 0.0341146 0.0527778 
0 0.130859 0.442593 0.0388021 0.0435185 
0 0.73776 0.0206019 0.0494792 0.0412037 
0 0.244792 0.814583 0.0385417 0.0828704 
0 0.198698 0.203241 0.0359375 0.0481481 
0 0.315234 0.534259 0.0361979 0.0546296 
0 0.0536458 0.969676 0.0395833 0.0569444 
0 0.40013 0.372454 0.0414063 0.075463 
0 0.0436198 0.0337963 0.0372396 0.0666667 
