0 0.672266 0.28287 0.0955729 0.114815 
0 0.514193 0.291898 0.0330729 0.140278 
0 0.71875 0.925231 0.0703125 0.106944 
0 0.632812 0.649306 0.0578125 0.102315 
0 0.574219 0.894213 0.0817708 0.0791667 
0 0.382161 0.914815 0.0570313 0.1 
0 0.667969 0.485648 0.0625 0.110185 
0 0.70599 0.499074 0.0619792 0.167593 
0 0.906641 0.95787 0.107031 0.0842593 
0 0.351562 0.112963 0.0416667 0.153704 
0 0.801172 0.181481 0.0263021 0.123148 
0 0.628906 0.419907 0.059375 0.087963 
0 0.608464 0.76088 0.0356771 0.179167 
0 0.586979 0.220833 0.084375 0.162037 
0 0.76901 0.2375 0.0375 0.0851852 
0 0.501953 0.409259 0.0486979 0.0527778 
0 0.184115 0.490046 0.0458333 0.10787 
0 0.348568 0.240046 0.0320312 0.0958333 
0 0.594271 0.519444 0.0723958 0.0916667 
0 0.772526 0.634259 0.0398437 0.193519 
0 0.164193 0.430324 0.0466146 0.123611 
0 0.601562 0.358565 0.140625 0.116204 
0 0.210417 0.700926 0.0708333 0.062037 
0 0.0299479 0.367361 0.0270833 0.103241 
0 0.417318 0.570833 0.0481771 0.175926 
0 0.156771 0.647222 0.0416667 0.0740741 
0 0.186979 0.259954 0.0713542 0.0708333 
0 0.0296875 0.126389 0.0291667 0.114815 
0 0.392448 0.770833 0.0541667 0.0685185 
0 0.309375 0.453241 0.0328125 0.10463 
0 0.538542 0.031713 0.0484375 0.0615741 
0 0.34375 0.384491 0.0645833 0.0875 
0 0.377865 0.258333 0.03125 0.0787037 
0 0.290104 0.259028 0.0375 0.0847222 
0 0.0929687 0.821528 0.0666667 0.0439815 
0 0.0984375 0.894907 0.0458333 0.0592593 
0 0.0574219 0.198843 0.0403646 0.0800926 
0 0.379687 0.18912 0.0390625 0.0615741 
0 0.29401 0.739583 0.0864583 0.0634259 
0 0.747526 0.406481 0.0294271 0.0777778 
0 0.0796875 0.33287 0.0354167 0.062963 
0 0.136068 0.876852 0.0304688 0.0888889 
0 0.189063 0.189815 0.0390625 0.0851852 
0 0.292448 0.669676 0.0296875 0.0763889 
0 0.21263 0.0643518 0.0872396 0.0675926 
0 0.553255 0.616435 0.0351562 0.152315 
0 0.144401 0.554167 0.0622396 0.0388889 
0 0.25612 0.224074 0.0408854 0.0462963 
0 0.0204427 0.294213 0.0408854 0.0486111 
0 0.541536 0.418981 0.0570313 0.112963 
