0 0.663542 0.146296 0.0505208 0.162037 
0 0.805729 0.430093 0.123958 0.0731481 
0 0.541406 0.260648 0.025 0.0787037 
0 0.116667 0.167593 0.03125 0.0861111 
0 0.424349 0.521528 0.0513021 0.099537 
0 0.782161 0.827315 0.0455729 0.103704 
0 0.765104 0.954861 0.0427083 0.0884259 
0 0.489323 0.612037 0.0322917 0.112963 
0 0.76849 0.149306 0.0427083 0.148611 
0 0.98138 0.153935 0.0372396 0.0699074 
0 0.0830729 0.243519 0.0416667 0.05 
0 0.813021 0.783565 0.0515625 0.186574 
0 0.57526 0.496528 0.0421875 0.0532407 
0 0.173698 0.148611 0.04375 0.107407 
0 0.661589 0.346991 0.0382813 0.0578704 
0 0.124479 0.050463 0.0317708 0.0675926 
0 0.064974 0.773843 0.0481771 0.0643518 
0 0.705469 0.32338 0.0677083 0.118056 
0 0.410156 0.734491 0.028125 0.0412037 
0 0.620182 0.657639 0.0393229 0.11713 
0 0.684505 0.0384259 0.0570313 0.0768519 
0 0.517057 0.0962963 0.0497396 0.10463 
0 0.704557 0.677083 0.0794271 0.0819444 
0 0.404297 0.765278 0.0419271 0.0416667 
0 0.0347656 0.459259 0.0445312 0.0435185 
0 0.353906 0.320602 0.0510417 0.0634259 
0 0.352734 0.741667 0.0252604 0.0601852 
0 0.48112 0.410417 0.0247396 0.0856481 
0 0.805599 0.296759 0.0335938 0.103704 
0 0.333464 0.797454 0.0492188 0.0680556 
0 0.629427 0.237963 0.0328125 0.0574074 
0 0.301302 0.297917 0.0546875 0.0513889 
0 0.271094 0.795139 0.0369792 0.0986111 
0 0.449479 0.40625 0.053125 0.0625 
0 0.492188 0.169907 0.0359375 0.0898148 
0 0.739323 0.0284722 0.0354167 0.0569444 
0 0.556641 0.658796 0.0341146 0.118519 
0 0.177865 0.315509 0.0395833 0.0439815 
0 0.35599 0.821991 0.0583333 0.074537 
