0 0.458984 0.51088 0.0549479 0.106019 
0 0.786198 0.512731 0.0458333 0.115278 
0 0.308854 0.684028 0.0479167 0.103241 
0 0.689453 0.319444 0.0325521 0.0759259 
0 0.847656 0.558565 0.0588542 0.0921296 
0 0.454427 0.589352 0.0354167 0.0851852 
0 0.291276 0.561574 0.0393229 0.164815 
0 0.767578 0.260648 0.0273438 0.062963 
0 0.34987 0.78287 0.0440104 0.119444 
0 0.26276 0.467361 0.0286458 0.0810185 
0 0.334245 0.438426 0.0658854 0.075 
0 0.70026 0.725 0.0463542 0.0981481 
0 0.760156 0.384954 0.078125 0.0652778 
0 0.142057 0.646991 0.0367187 0.0884259 
0 0.746094 0.665278 0.0427083 0.087963 
0 0.824219 0.872917 0.0213542 0.0541667 
0 0.261719 0.35625 0.0286458 0.0828704 
0 0.60599 0.350231 0.0598958 0.101389 
0 0.364974 0.565972 0.0606771 0.0587963 
0 0.897005 0.376852 0.0507812 0.0925926 
0 0.0447917 0.536806 0.0557292 0.0967593 
0 0.384245 0.625463 0.0382813 0.106481 
0 0.70599 0.918519 0.0416667 0.0685185 
0 0.411589 0.494907 0.0294271 0.101852 
0 0.671875 0.449769 0.0473958 0.0726852 
0 0.970703 0.883796 0.0570313 0.0898148 
0 0.802734 0.712731 0.0580729 0.0643518 
0 0.861849 0.269444 0.0528646 0.05 
0 0.582552 0.571065 0.0401042 0.0699074 
0 0.395182 0.406713 0.0507812 0.0587963 
0 0.988802 0.265972 0.0223958 0.0449074 
0 0.85599 0.902778 0.0307292 0.0851852 
0 0.447786 0.777778 0.0403646 0.0657407 
0 0.455599 0.435185 0.0611979 0.0712963 
0 0.738672 0.51088 0.0273438 0.0652778 
0 0.193229 0.595833 0.0578125 0.0824074 
0 0.0248698 0.923611 0.0294271 0.0518519 
0 0.729557 0.961806 0.0351562 0.0726852 
0 0.590365 0.266898 0.025 0.0837963 
0 0.585938 0.951389 0.0338542 0.0537037 
0 0.239974 0.6 0.0309896 0.0546296 
0 0.346484 0.973843 0.0403646 0.0513889 
0 0.141667 0.800463 0.0385417 0.0814815 
0 0.197005 0.438889 0.0622396 0.075 
0 0.960938 0.518287 0.0458333 0.0736111 
0 0.559635 0.128935 0.0364583 0.0402778 
0 0.245182 0.815972 0.0398437 0.0523148 
0 0.240104 0.381944 0.0411458 0.0685185 
0 0.757812 0.955556 0.0286458 0.0842593 
0 0.597656 0.383796 0.0677083 0.062037 
0 0.072526 0.756944 0.0455729 0.0648148 
0 0.183073 0.516435 0.0390625 0.0810185 
0 0.108333 0.490509 0.0322917 0.100463 
0 0.885807 0.860648 0.0351562 0.075 
