0 0.95599 0.0662037 0.040625 0.0611111 
0 0.0828125 0.170139 0.0578125 0.0643518 
0 0.739323 0.1625 0.0609375 0.0935185 
0 0.908724 0.584722 0.0361979 0.0666667 
0 0.320052 0.504398 0.0432292 0.0689815 
0 0.783203 0.763889 0.0445312 0.0546296 
0 0.678646 0.175 0.0432292 0.0925926 
0 0.794922 0.528704 0.0294271 0.0861111 
0 0.372005 0.0546296 0.0419271 0.0981481 
0 0.474479 0.275694 0.0302083 0.0912037 
0 0.657682 0.406481 0.0403646 0.0740741 
0 0.55612 0.505093 0.0393229 0.0833333 
0 0.870573 0.552083 0.0395833 0.0726852 
0 0.849609 0.770602 0.0523437 0.0782407 
0 0.40625 0.542824 0.0494792 0.050463 
0 0.788021 0.0444444 0.0463542 0.0805556 
0 0.028125 0.33125 0.0505208 0.0625 
0 0.930208 0.96713 0.05 0.062963 
0 0.0152344 0.0458333 0.0304688 0.0740741 
0 0.795443 0.427083 0.0684896 0.0606481 
0 0.185026 0.442593 0.0419271 0.0935185 
0 0.0558594 0.0324074 0.0502604 0.0555556 
0 0.267057 0.0564815 0.0403646 0.0842593 
0 0.237109 0.1875 0.0533854 0.0592593 
