0 0.745573 0.0476852 0.0765625 0.087963 
0 0.760286 0.662963 0.10026 0.127778 
0 0.745052 0.155787 0.0895833 0.108796 
0 0.48112 0.574306 0.0440104 0.0949074 
0 0.689453 0.813889 0.0361979 0.160185 
0 0.266146 0.176852 0.0416667 0.0648148 
0 0.41901 0.936574 0.0520833 0.0490741 
0 0.419531 0.259954 0.0338542 0.108796 
0 0.726562 0.72662 0.0494792 0.099537 
0 0.298307 0.540741 0.0382813 0.0861111 
0 0.379297 0.57662 0.0335938 0.0662037 
0 0.32526 0.436574 0.0322917 0.0444444 
0 0.423047 0.178241 0.0351562 0.0583333 
0 0.440104 0.468287 0.0411458 0.0384259 
0 0.131641 0.260648 0.0450521 0.0712963 
0 0.161198 0.756481 0.059375 0.0518519 
0 0.357682 0.461343 0.0398437 0.0930556 
0 0.358594 0.153472 0.0276042 0.0476852 
0 0.686979 0.281481 0.0328125 0.153704 
0 0.248047 0.51088 0.0325521 0.0800926 
0 0.817318 0.309722 0.0757812 0.0796296 
0 0.231641 0.3375 0.0320312 0.0509259 
0 0.380859 0.478704 0.0315104 0.0518519 
0 0.565495 0.277083 0.0351562 0.111574 
0 0.410417 0.367361 0.0421875 0.0541667 
0 0.310547 0.392593 0.0283854 0.0675926 
0 0.159245 0.0847222 0.0450521 0.0361111 
0 0.0188802 0.470833 0.0356771 0.0611111 
0 0.449219 0.294676 0.0442708 0.0810185 
0 0.627474 0.831481 0.0283854 0.0583333 
0 0.627865 0.374306 0.0510417 0.127315 
0 0.210807 0.941898 0.0471354 0.0699074 
0 0.229948 0.672917 0.04375 0.0736111 
0 0.615234 0.621991 0.0888021 0.0736111 
0 0.53763 0.815509 0.0398437 0.0523148 
0 0.361589 0.80463 0.0471354 0.0518519 
0 0.261719 0.921065 0.0359375 0.075463 
0 0.104297 0.344444 0.0434896 0.0592593 
0 0.35651 0.374074 0.0338542 0.075 
0 0.603516 0.0210648 0.0315104 0.0421296 
0 0.162891 0.834491 0.0263021 0.0606481 
0 0.36862 0.983333 0.0591146 0.0333333 
0 0.593359 0.538194 0.0664062 0.0828704 
0 0.488542 0.184722 0.0416667 0.0962963 
0 0.206901 0.842824 0.0315104 0.0532407 
0 0.116276 0.86713 0.0341146 0.0518519 
0 0.656641 0.598611 0.0341146 0.0675926 
0 0.332161 0.878009 0.0341146 0.108796 
0 0.630859 0.258102 0.0289063 0.0476852 
0 0.050651 0.288194 0.0351562 0.0467593 
0 0.622135 0.967824 0.0375 0.0587963 
0 0.445312 0.380324 0.0276042 0.0680556 
0 0.733464 0.443981 0.0507812 0.0481481 
0 0.0733073 0.90625 0.0330729 0.049537 
0 0.136328 0.0201389 0.0419271 0.0356481 
0 0.598047 0.112037 0.0304688 0.0805556 
0 0.263151 0.105093 0.0518229 0.037963 
0 0.160938 0.96713 0.0442708 0.0555556 
0 0.396224 0.0946759 0.0549479 0.0458333 
