0 0.247266 0.822917 0.0466146 0.118981 
0 0.873568 0.683565 0.0361979 0.111574 
0 0.243099 0.727546 0.0903646 0.103241 
0 0.290234 0.815509 0.0320312 0.146759 
0 0.0638021 0.963426 0.0770833 0.0694444 
0 0.776302 0.849769 0.0421875 0.0930556 
0 0.746094 0.476389 0.0625 0.111111 
0 0.90625 0.472222 0.0359375 0.131481 
0 0.472656 0.90787 0.0572917 0.165741 
0 0.57526 0.811111 0.0317708 0.107407 
0 0.871094 0.506944 0.0427083 0.100926 
0 0.805208 0.36088 0.0494792 0.0560185 
0 0.13737 0.737269 0.148698 0.0791667 
0 0.0846354 0.896759 0.0348958 0.103704 
0 0.160547 0.971296 0.0539063 0.0546296 
0 0.0829427 0.51875 0.0429688 0.0856481 
0 0.772917 0.762269 0.0364583 0.0763889 
0 0.73138 0.959259 0.0809896 0.0796296 
0 0.219401 0.271528 0.0361979 0.109722 
0 0.372786 0.579861 0.0393229 0.0486111 
