0 0.553776 0.0694444 0.0434896 0.138889 
0 0.376432 0.118056 0.0523437 0.12037 
0 0.311458 0.261343 0.0536458 0.0976852 
0 0.876432 0.504167 0.0684896 0.109259 
0 0.890625 0.818287 0.0552083 0.126389 
0 0.627995 0.513426 0.0242187 0.111111 
0 0.863281 0.130324 0.0723958 0.114352 
0 0.854948 0.0356481 0.0494792 0.0712963 
0 0.528255 0.156713 0.0330729 0.0615741 
0 0.749609 0.531713 0.0356771 0.113426 
0 0.76263 0.29537 0.0580729 0.0925926 
0 0.463542 0.234722 0.0390625 0.0981481 
0 0.0450521 0.418519 0.065625 0.117593 
0 0.607422 0.440509 0.0684896 0.0541667 
0 0.112891 0.895833 0.0471354 0.0824074 
0 0.0338542 0.689352 0.0385417 0.075 
0 0.34362 0.51088 0.0434896 0.0773148 
0 0.208724 0.884722 0.0710938 0.075 
0 0.68112 0.23287 0.0757812 0.0648148 
0 0.564844 0.247454 0.046875 0.0578704 
0 0.957422 0.374074 0.0481771 0.0805556 
0 0.701563 0.116898 0.0520833 0.0763889 
0 0.886719 0.353935 0.0848958 0.0791667 
0 0.830078 0.615741 0.0346354 0.0962963 
0 0.91263 0.721296 0.0835937 0.0648148 
0 0.76224 0.933102 0.0552083 0.0726852 
0 0.427734 0.532407 0.0361979 0.137963 
0 0.385807 0.447685 0.0471354 0.062963 
0 0.322526 0.759491 0.0481771 0.0652778 
0 0.0572917 0.255556 0.0479167 0.0657407 
0 0.196354 0.64537 0.0619792 0.0981481 
0 0.0161458 0.613657 0.0317708 0.074537 
0 0.798828 0.58287 0.0497396 0.110185 
0 0.413672 0.951389 0.0601562 0.0925926 
0 0.359896 0.596296 0.0348958 0.124074 
0 0.220052 0.769907 0.03125 0.0916667 
0 0.846224 0.856713 0.0575521 0.074537 
0 0.648958 0.940972 0.0744792 0.0671296 
0 0.233203 0.293519 0.0393229 0.0564815 
0 0.0320312 0.948843 0.0354167 0.0958333 
0 0.509766 0.784722 0.0388021 0.0740741 
0 0.495052 0.0305556 0.0619792 0.0592593 
0 0.919922 0.299074 0.0351562 0.112963 
0 0.0591146 0.839583 0.0385417 0.0967593 
0 0.257812 0.183102 0.0619792 0.0615741 
0 0.60651 0.103704 0.04375 0.141667 
0 0.440495 0.885417 0.0513021 0.0800926 
0 0.873958 0.652778 0.0317708 0.0638889 
0 0.344792 0.0597222 0.0604167 0.0518519 
0 0.29388 0.936574 0.0585938 0.0814815 
0 0.829167 0.734722 0.0505208 0.0592593 
0 0.927734 0.420139 0.0815104 0.0458333 
0 0.203906 0.18125 0.0390625 0.0856481 
0 0.516667 0.940046 0.0442708 0.106019 
