0 0.686458 0.518287 0.0557292 0.102315 
0 0.330339 0.603704 0.0606771 0.140741 
0 0.667969 0.225463 0.071875 0.172222 
0 0.608464 0.0409722 0.0570313 0.0699074 
0 0.421354 0.532407 0.0546875 0.111111 
0 0.335156 0.403472 0.0447917 0.099537 
0 0.772005 0.339352 0.110156 0.0990741 
0 0.747005 0.0939815 0.0330729 0.087963 
0 0.572266 0.775694 0.0877604 0.0587963 
0 0.143229 0.449306 0.0479167 0.0791667 
0 0.36888 0.638889 0.0736979 0.105556 
0 0.51901 0.284722 0.0609375 0.0694444 
0 0.516536 0.587731 0.0997396 0.101389 
0 0.160156 0.0928241 0.0427083 0.049537 
0 0.703516 0.152315 0.0330729 0.192593 
0 0.648958 0.075463 0.0354167 0.150926 
0 0.28125 0.137037 0.0625 0.0787037 
0 0.220443 0.708333 0.0643229 0.0666667 
0 0.338281 0.469907 0.0515625 0.087037 
0 0.0408854 0.309028 0.0354167 0.0439815 
0 0.708464 0.711574 0.0445312 0.0537037 
0 0.256771 0.386806 0.0369792 0.0782407 
0 0.220833 0.959954 0.0375 0.0726852 
0 0.400651 0.08125 0.0492188 0.0513889 
0 0.39388 0.92963 0.0377604 0.0592593 
0 0.273568 0.205787 0.0507812 0.049537 
0 0.482422 0.0467593 0.0664062 0.0833333 
0 0.264714 0.480556 0.0367187 0.12963 
0 0.147135 0.355093 0.0307292 0.102778 
0 0.573828 0.125926 0.0528646 0.0546296 
0 0.189714 0.127546 0.0492188 0.103241 
0 0.463932 0.615741 0.0460938 0.0481481 
0 0.75638 0.243981 0.0257812 0.0574074 
0 0.563932 0.416898 0.0440104 0.0550926 
0 0.0949219 0.934028 0.0627604 0.0689815 
0 0.115234 0.600463 0.0351562 0.0472222 
0 0.934505 0.606944 0.0388021 0.062963 
0 0.323828 0.825231 0.0330729 0.0717593 
0 0.236719 0.529398 0.0463542 0.0689815 
0 0.523047 0.500694 0.0580729 0.074537 
0 0.51901 0.0395833 0.0854167 0.0782407 
0 0.459896 0.789815 0.0598958 0.115741 
0 0.152344 0.14838 0.0354167 0.0449074 
0 0.984505 0.681481 0.0309896 0.0527778 
0 0.5875 0.0835648 0.040625 0.0569444 
0 0.197917 0.0574074 0.03125 0.0657407 
0 0.496615 0.452315 0.0328125 0.0759259 
0 0.385026 0.788889 0.0518229 0.087037 
0 0.0199219 0.945139 0.0393229 0.0615741 
0 0.303516 0.611806 0.0283854 0.111574 
0 0.54987 0.234722 0.0252604 0.0796296 
0 0.218359 0.257639 0.0372396 0.0717593 
0 0.0272135 0.0212963 0.0450521 0.0407407 
0 0.0632813 0.256481 0.0458333 0.0509259 
0 0.0628906 0.101389 0.0492188 0.0527778 
0 0.294922 0.798843 0.0471354 0.114352 
