0 0.797786 0.0599537 0.0585938 0.0939815 
0 0.827214 0.765278 0.0445312 0.0657407 
0 0.05625 0.677083 0.0515625 0.0893519 
0 0.174609 0.548611 0.0611979 0.075 
0 0.699609 0.296991 0.0606771 0.0773148 
0 0.636719 0.846296 0.065625 0.0814815 
0 0.802344 0.663194 0.0572917 0.0652778 
0 0.893099 0.559028 0.0580729 0.0662037 
0 0.548828 0.310648 0.0570313 0.0925926 
0 0.676302 0.517361 0.0348958 0.0699074 
0 0.746094 0.709954 0.034375 0.129167 
0 0.190365 0.698843 0.0296875 0.0689815 
0 0.507812 0.6875 0.0416667 0.0944444 
0 0.352344 0.746528 0.0552083 0.0782407 
0 0.526432 0.926157 0.0372396 0.0921296 
0 0.583073 0.421065 0.0651042 0.0662037 
0 0.565885 0.205093 0.0494792 0.062963 
0 0.318229 0.561574 0.0390625 0.0638889 
0 0.667057 0.744907 0.0606771 0.062037 
0 0.726953 0.864815 0.0382813 0.109259 
0 0.790495 0.723843 0.0460938 0.049537 
0 0.70612 0.459491 0.0361979 0.109722 
0 0.970182 0.545139 0.0377604 0.0875 
0 0.835938 0.184722 0.0296875 0.075 
0 0.799349 0.490046 0.0460938 0.0930556 
0 0.304688 0.66412 0.0286458 0.0865741 
0 0.553255 0.84537 0.0268229 0.109259 
0 0.567448 0.965972 0.0447917 0.0550926 
0 0.678646 0.936574 0.03125 0.0824074 
0 0.910677 0.407639 0.0302083 0.104167 
0 0.0154948 0.738194 0.0289063 0.0902778 
0 0.813932 0.93912 0.0346354 0.0717593 
0 0.519531 0.43287 0.0234375 0.0861111 
0 0.232292 0.57037 0.0588542 0.075 
0 0.0204427 0.891435 0.0393229 0.0569444 
0 0.673307 0.36713 0.0513021 0.0731481 
0 0.805078 0.415046 0.0388021 0.0597222 
0 0.627995 0.946991 0.0434896 0.0930556 
0 0.455469 0.834954 0.06875 0.0875 
0 0.888151 0.243519 0.0403646 0.0703704 
0 0.146745 0.783565 0.0450521 0.0597222 
0 0.367578 0.673611 0.0497396 0.062963 
0 0.555729 0.703935 0.0395833 0.110648 
0 0.516536 0.980093 0.0596354 0.0398148 
