0 0.822786 0.487731 0.0502604 0.174537 
0 0.849609 0.731481 0.0882813 0.141667 
0 0.790625 0.545139 0.0515625 0.0856481 
0 0.621094 0.431944 0.0348958 0.112037 
0 0.557161 0.411574 0.0330729 0.116667 
0 0.549349 0.0259259 0.0289063 0.0518519 
0 0.696745 0.0530093 0.0752604 0.103241 
0 0.818359 0.0981481 0.133594 0.0833333 
0 0.105339 0.940046 0.0361979 0.074537 
0 0.580469 0.262037 0.0421875 0.0574074 
0 0.110807 0.297454 0.0320312 0.0726852 
0 0.148568 0.152083 0.0497396 0.0726852 
0 0.056901 0.837269 0.0424479 0.0662037 
0 0.339193 0.69537 0.0559896 0.0462963 
0 0.482943 0.215741 0.0294271 0.0731481 
0 0.589453 0.872454 0.0440104 0.0476852 
0 0.578125 0.974769 0.0557292 0.050463 
0 0.764714 0.670602 0.0627604 0.186574 
0 0.716276 0.118519 0.0638021 0.0574074 
0 0.816406 0.0270833 0.0302083 0.0541667 
0 0.222656 0.544213 0.0635417 0.0652778 
0 0.302734 0.591435 0.0408854 0.0819444 
0 0.609375 0.702315 0.0489583 0.0592593 
0 0.775781 0.764352 0.0921875 0.0990741 
0 0.462891 0.785185 0.0424479 0.0731481 
0 0.641146 0.458796 0.0354167 0.0444444 
0 0.355208 0.151157 0.05 0.0541667 
0 0.488542 0.399769 0.034375 0.0662037 
0 0.421875 0.333565 0.0432292 0.0717593 
0 0.400651 0.55625 0.0528646 0.0449074 
0 0.649349 0.596759 0.0565104 0.0851852 
0 0.504297 0.763426 0.0544271 0.0675926 
0 0.489974 0.947917 0.0481771 0.0847222 
0 0.409635 0.53125 0.0328125 0.0439815 
0 0.429167 0.895139 0.0791667 0.0689815 
0 0.301042 0.408796 0.0614583 0.075 
0 0.371224 0.465741 0.0414063 0.0712963 
0 0.0820312 0.872454 0.0682292 0.0634259 
0 0.641667 0.346296 0.0598958 0.0388889 
0 0.201172 0.337731 0.0726563 0.0430556 
0 0.27474 0.918519 0.0572917 0.139815 
0 0.105859 0.0377315 0.0273438 0.075463 
0 0.473437 0.476852 0.0473958 0.0425926 
0 0.341276 0.574769 0.0471354 0.0606481 
0 0.54388 0.118287 0.0460938 0.0875 
0 0.303255 0.501389 0.0252604 0.10463 
