0 0.0591146 0.155324 0.0395833 0.129167 
0 0.322266 0.132176 0.0460938 0.143981 
0 0.865755 0.152778 0.0585938 0.075 
0 0.841797 0.0511574 0.0398437 0.102315 
0 0.263281 0.0775463 0.0380208 0.149537 
0 0.284115 0.488194 0.0484375 0.116204 
0 0.769141 0.169676 0.0372396 0.195833 
0 0.913151 0.0324074 0.0825521 0.0648148 
0 0.872005 0.809028 0.0559896 0.111574 
0 0.217448 0.655787 0.0348958 0.121759 
0 0.385807 0.315278 0.0429688 0.118519 
0 0.626042 0.206019 0.0744792 0.0972222 
0 0.957422 0.436111 0.0815104 0.087963 
0 0.737891 0.682407 0.0632813 0.103704 
0 0.820703 0.776389 0.0466146 0.0972222 
0 0.0929687 0.403009 0.06875 0.0763889 
0 0.582422 0.761343 0.0351562 0.143981 
0 0.277865 0.683333 0.0473958 0.0805556 
0 0.958464 0.646296 0.0554687 0.0907407 
0 0.578125 0.314352 0.034375 0.115741 
0 0.556641 0.548611 0.0424479 0.0851852 
0 0.237891 0.946991 0.0393229 0.106019 
0 0.826172 0.539583 0.0757812 0.0541667 
0 0.166016 0.539352 0.0486979 0.110185 
0 0.878385 0.465278 0.0333333 0.131481 
0 0.0507812 0.523843 0.0609375 0.143056 
0 0.578646 0.966898 0.0614583 0.0634259 
0 0.75 0.866204 0.0515625 0.0925926 
0 0.525391 0.238194 0.0570313 0.0625 
0 0.3375 0.34375 0.0505208 0.0615741 
0 0.970573 0.178472 0.0588542 0.0606481 
0 0.370833 0.919213 0.0572917 0.0726852 
0 0.396745 0.80625 0.0893229 0.0800926 
0 0.34375 0.544676 0.059375 0.0800926 
0 0.758724 0.407639 0.0674479 0.0828704 
0 0.922396 0.509491 0.0552083 0.0921296 
0 0.613802 0.526389 0.0572917 0.0777778 
0 0.457031 0.902778 0.08125 0.0759259 
0 0.414714 0.4 0.0825521 0.0944444 
0 0.52487 0.494907 0.0627604 0.0777778 
0 0.457031 0.303935 0.046875 0.197685 
0 0.976042 0.82037 0.0411458 0.0888889 
0 0.241276 0.379398 0.0398437 0.163426 
0 0.583464 0.368519 0.0778646 0.0564815 
0 0.555208 0.877546 0.0588542 0.0717593 
0 0.270573 0.840972 0.0510417 0.103241 
0 0.853516 0.713194 0.0492188 0.0606481 
0 0.964323 0.0189815 0.0520833 0.037037 
0 0.464583 0.341898 0.0328125 0.145833 
0 0.607031 0.843287 0.0661458 0.0569444 
0 0.327214 0.649306 0.0841146 0.140278 
0 0.258333 0.859722 0.0494792 0.1 
0 0.971094 0.521991 0.046875 0.0791667 
0 0.0388021 0.42338 0.05 0.0708333 
0 0.473698 0.847222 0.05625 0.0648148 
