0 0.665495 0.615972 0.0356771 0.185648 
0 0.0195312 0.539815 0.0364583 0.100926 
0 0.704557 0.438426 0.0429688 0.087963 
0 0.520052 0.050463 0.0421875 0.0814815 
0 0.511198 0.142824 0.0427083 0.0810185 
0 0.569792 0.836343 0.0911458 0.0726852 
0 0.520443 0.538889 0.0455729 0.0527778 
0 0.603906 0.15787 0.0458333 0.0851852 
0 0.380599 0.629861 0.0705729 0.0615741 
0 0.469531 0.466435 0.0677083 0.129167 
0 0.792969 0.381481 0.0302083 0.0657407 
0 0.634245 0.734491 0.0440104 0.154167 
0 0.36888 0.563889 0.0523437 0.0518519 
0 0.404297 0.244213 0.0382813 0.131944 
0 0.5625 0.604167 0.0421875 0.177778 
0 0.325 0.554861 0.034375 0.0708333 
0 0.641667 0.168287 0.0375 0.211574 
0 0.282552 0.680556 0.0317708 0.0518519 
0 0.652344 0.382639 0.0625 0.156944 
0 0.579167 0.263889 0.0598958 0.0731481 
0 0.534635 0.251157 0.028125 0.145833 
0 0.519531 0.639815 0.0583333 0.0583333 
0 0.2 0.123843 0.0401042 0.103241 
0 0.697786 0.88125 0.0382813 0.0578704 
0 0.15599 0.464815 0.05625 0.0814815 
0 0.357422 0.116667 0.0679687 0.0981481 
0 0.118099 0.58588 0.0513021 0.0615741 
0 0.406901 0.871296 0.0559896 0.110185 
0 0.519141 0.352315 0.0445312 0.105556 
0 0.560938 0.370602 0.046875 0.0541667 
0 0.733854 0.509491 0.0307292 0.0643518 
0 0.400391 0.451389 0.0742188 0.1 
0 0.440234 0.674074 0.0268229 0.119444 
0 0.290755 0.387269 0.0632813 0.0689815 
0 0.469141 0.743981 0.0617188 0.0648148 
0 0.326953 0.93912 0.0414063 0.106019 
0 0.380339 0.0409722 0.0273438 0.0819444 
0 0.322656 0.215741 0.0380208 0.110185 
0 0.317448 0.45463 0.0302083 0.0759259 
0 0.0332031 0.920139 0.0575521 0.074537 
0 0.294401 0.281713 0.0658854 0.0578704 
0 0.0141927 0.293981 0.0273438 0.0601852 
0 0.614714 0.559028 0.0330729 0.0449074 
0 0.458724 0.0703704 0.0518229 0.075 
0 0.115755 0.292593 0.0585938 0.0824074 
0 0.602083 0.439815 0.0239583 0.05 
0 0.364453 0.37963 0.0325521 0.125926 
0 0.218229 0.496065 0.0421875 0.0708333 
0 0.179557 0.748843 0.0393229 0.099537 
0 0.850651 0.422222 0.0231771 0.0481481 
0 0.507292 0.792824 0.0510417 0.109722 
0 0.770964 0.0650463 0.0351562 0.0578704 
0 0.491536 0.341667 0.0377604 0.0796296 
0 0.010026 0.171759 0.0158854 0.172222 
