0 0.0419271 0.169676 0.0380208 0.0587963 
0 0.570833 0.753472 0.0760417 0.118981 
0 0.665104 0.565046 0.0390625 0.0949074 
0 0.596745 0.174306 0.0731771 0.0421296 
0 0.792448 0.696991 0.0338542 0.101389 
0 0.542448 0.0354167 0.0364583 0.0671296 
0 0.246094 0.53125 0.0375 0.0819444 
0 0.671484 0.0476852 0.0320312 0.0944444 
0 0.57513 0.587731 0.0403646 0.149537 
0 0.674219 0.8 0.0598958 0.0675926 
0 0.687109 0.263194 0.0460938 0.114352 
0 0.738802 0.235648 0.0604167 0.102778 
0 0.694922 0.166204 0.0710938 0.0648148 
0 0.63724 0.389583 0.0380208 0.0986111 
0 0.70651 0.903704 0.046875 0.131481 
0 0.296875 0.0895833 0.0260417 0.0467593 
0 0.214844 0.431944 0.0270833 0.0694444 
0 0.479036 0.381481 0.0434896 0.109259 
0 0.565495 0.902778 0.0382813 0.121296 
0 0.350391 0.909722 0.0388021 0.0481481 
0 0.184375 0.509259 0.0322917 0.0916667 
0 0.478125 0.802315 0.0375 0.0601852 
0 0.0726563 0.494213 0.0416667 0.0662037 
0 0.269141 0.0314815 0.0372396 0.0555556 
0 0.520052 0.197454 0.0416667 0.0569444 
0 0.489583 0.90625 0.0421875 0.0967593 
0 0.51224 0.640046 0.065625 0.0587963 
0 0.74362 0.818519 0.0455729 0.0685185 
0 0.60651 0.841898 0.04375 0.122685 
0 0.505859 0.28588 0.0632813 0.0893519 
0 0.791016 0.102546 0.0367187 0.0421296 
0 0.729427 0.0594907 0.0734375 0.0773148 
0 0.151432 0.113194 0.0601562 0.0523148 
0 0.0915365 0.151157 0.0278646 0.0736111 
0 0.184115 0.30162 0.0302083 0.0597222 
0 0.238672 0.36412 0.0388021 0.0439815 
0 0.219141 0.714815 0.0335938 0.0657407 
0 0.164974 0.420602 0.0445312 0.0476852 
0 0.165234 0.451389 0.0341146 0.0472222 
0 0.0729167 0.379167 0.0291667 0.0481481 
0 0.161979 0.703472 0.0395833 0.0689815 
0 0.627865 0.104398 0.0703125 0.0680556 
0 0.0398437 0.738194 0.0442708 0.0375 
0 0.0611979 0.56412 0.0385417 0.0662037 
0 0.217318 0.0347222 0.0299479 0.0592593 
0 0.228385 0.822454 0.0395833 0.0875 
0 0.260026 0.826389 0.0231771 0.0787037 
0 0.51901 0.254398 0.0609375 0.0587963 
0 0.263932 0.111111 0.0315104 0.0481481 
0 0.458594 0.85463 0.0473958 0.0546296 
0 0.306901 0.572917 0.0476562 0.0958333 
0 0.466016 0.635648 0.0216146 0.0611111 
0 0.363542 0.114583 0.0395833 0.0847222 
0 0.659245 0.372454 0.0231771 0.0662037 
