0 0.626042 0.475231 0.0427083 0.152315 
0 0.746615 0.919213 0.0557292 0.0819444 
0 0.629427 0.613889 0.0953125 0.0972222 
0 0.116016 0.631944 0.0450521 0.0611111 
0 0.585026 0.767824 0.0330729 0.113426 
0 0.535677 0.268519 0.0708333 0.148148 
0 0.390625 0.0979167 0.0682292 0.0763889 
0 0.398177 0.680324 0.0447917 0.170833 
0 0.110937 0.322917 0.0369792 0.0782407 
0 0.0643229 0.231481 0.0322917 0.118519 
0 0.483203 0.343981 0.0585938 0.0851852 
0 0.230729 0.0747685 0.0328125 0.10787 
0 0.45 0.466435 0.0458333 0.1125 
0 0.247005 0.875232 0.0575521 0.075463 
0 0.378906 0.532639 0.0270833 0.130093 
0 0.292318 0.796065 0.0450521 0.0800926 
0 0.412109 0.259954 0.0320312 0.0634259 
0 0.0455729 0.841435 0.034375 0.0939815 
0 0.582031 0.171296 0.0776042 0.0907407 
0 0.402344 0.328241 0.03125 0.0907407 
0 0.489453 0.157639 0.0289063 0.109722 
0 0.658203 0.701389 0.0257812 0.0574074 
0 0.411328 0.966204 0.0460938 0.0675926 
0 0.562891 0.396759 0.0497396 0.0685185 
0 0.145313 0.0550926 0.0270833 0.0657407 
0 0.213021 0.76875 0.0911458 0.0523148 
0 0.194271 0.973148 0.0557292 0.0537037 
0 0.285547 0.346991 0.0252604 0.0430556 
0 0.191667 0.0939815 0.0291667 0.100926 
0 0.249609 0.96875 0.0325521 0.0569444 
0 0.0248698 0.0247685 0.0481771 0.0486111 
0 0.2125 0.521296 0.0541667 0.0527778 
0 0.23112 0.338657 0.0419271 0.0532407 
0 0.353516 0.171759 0.0486979 0.0509259 
0 0.278385 0.494676 0.0526042 0.0912037 
0 0.14362 0.393287 0.0434896 0.0726852 
0 0.291016 0.206481 0.0658854 0.0694444 
0 0.652344 0.198843 0.059375 0.0810185 
0 0.96237 0.765972 0.0341146 0.0532407 
0 0.245182 0.695602 0.0601562 0.101389 
0 0.566406 0.725694 0.0536458 0.0856481 
0 0.099349 0.744213 0.0414063 0.0652778 
0 0.0940104 0.84213 0.059375 0.0703704 
0 0.364062 0.463194 0.0348958 0.121759 
0 0.481641 0.799537 0.0330729 0.160185 
0 0.33737 0.849306 0.0330729 0.0606481 
0 0.493099 0.626389 0.0403646 0.0824074 
0 0.415234 0.157176 0.0388021 0.0671296 
0 0.182292 0.169444 0.0328125 0.0953704 
0 0.31888 0.884028 0.0372396 0.0597222 
