0 0.415234 0.617361 0.0695312 0.16713 
0 0.173047 0.738194 0.0804688 0.213426 
0 0.0283854 0.0793981 0.0510417 0.104167 
0 0.768099 0.483102 0.0408854 0.118981 
0 0.482422 0.268287 0.0408854 0.0986111 
0 0.473307 0.806944 0.0471354 0.113889 
0 0.814453 0.645833 0.0856771 0.0907407 
0 0.903776 0.209722 0.0304688 0.0768519 
0 0.351562 0.286574 0.0666667 0.0722222 
0 0.313932 0.434954 0.0742188 0.0643518 
0 0.423177 0.726157 0.0411458 0.126389 
0 0.339193 0.843287 0.0700521 0.0976852 
0 0.791016 0.16713 0.0309896 0.0712963 
0 0.135417 0.58588 0.03125 0.0587963 
0 0.766536 0.962731 0.0466146 0.0708333 
0 0.549349 0.96088 0.0471354 0.074537 
0 0.650391 0.826852 0.0528646 0.0851852 
0 0.933594 0.210185 0.0296875 0.0990741 
0 0.511198 0.43287 0.0322917 0.0925926 
0 0.139453 0.486574 0.0492188 0.062963 
0 0.907682 0.857639 0.0455729 0.0680556 
0 0.814062 0.915741 0.0416667 0.0648148 
0 0.196745 0.527083 0.0315104 0.0486111 
0 0.715885 0.456944 0.04375 0.0777778 
0 0.900391 0.665278 0.0653646 0.131481 
0 0.0380208 0.693287 0.0458333 0.0810185 
