0 0.532292 0.132639 0.0526042 0.154167 
0 0.438411 0.0675926 0.0565104 0.123148 
0 0.854036 0.321065 0.0757812 0.113426 
0 0.46263 0.658796 0.0450521 0.0731481 
0 0.525391 0.555093 0.0440104 0.101852 
0 0.665495 0.801157 0.0497396 0.108796 
0 0.863281 0.769213 0.0505208 0.131944 
0 0.416667 0.596759 0.0286458 0.113889 
0 0.607422 0.124769 0.0580729 0.143981 
0 0.631901 0.267593 0.0356771 0.109259 
0 0.702604 0.547454 0.075 0.0939815 
0 0.0179687 0.419213 0.0333333 0.0819444 
0 0.562109 0.67662 0.0330729 0.0541667 
0 0.171745 0.61713 0.0294271 0.107407 
0 0.126953 0.390972 0.0356771 0.0717593 
0 0.346875 0.252315 0.0427083 0.0722222 
0 0.0365885 0.622685 0.0580729 0.0824074 
0 0.486068 0.0425926 0.0533854 0.0805556 
0 0.441146 0.157639 0.0692708 0.10787 
0 0.214974 0.915046 0.0377604 0.0606481 
0 0.386979 0.153241 0.0484375 0.0861111 
0 0.147135 0.200694 0.0625 0.0884259 
0 0.111589 0.124537 0.0382813 0.0759259 
0 0.0967448 0.400694 0.0382813 0.0513889 
0 0.444531 0.275926 0.0359375 0.0981481 
0 0.388932 0.290741 0.0195312 0.0666667 
0 0.18763 0.237731 0.0335938 0.135648 
0 0.433073 0.501852 0.053125 0.0833333 
0 0.332031 0.589815 0.0385417 0.087963 
0 0.81888 0.841898 0.0414063 0.0939815 
0 0.901432 0.572685 0.0398437 0.0972222 
0 0.91263 0.672222 0.0611979 0.0462963 
0 0.936979 0.89838 0.0854167 0.0810185 
0 0.270964 0.8125 0.0330729 0.0759259 
0 0.844271 0.101852 0.0567708 0.0787037 
0 0.860417 0.242593 0.0901042 0.0703704 
0 0.200651 0.129861 0.0565104 0.0430556 
0 0.878906 0.478241 0.0489583 0.0518519 
0 0.776823 0.459954 0.05 0.0699074 
0 0.645964 0.488657 0.0471354 0.074537 
0 0.766146 0.376157 0.065625 0.0560185 
0 0.89362 0.0594907 0.0466146 0.0828704 
0 0.536068 0.463426 0.0554687 0.0675926 
0 0.620182 0.0583333 0.0393229 0.0842593 
0 0.0731771 0.290278 0.0411458 0.0898148 
0 0.988672 0.174306 0.0184896 0.123611 
0 0.478255 0.918287 0.0731771 0.0726852 
0 0.911589 0.136343 0.0632813 0.0560185 
