0 0.4375 0.480324 0.0348958 0.0680556 
0 0.496875 0.0585648 0.0572917 0.0578704 
0 0.966276 0.162963 0.0554687 0.0592593 
0 0.848698 0.0761574 0.0567708 0.0689815 
0 0.91901 0.381944 0.0442708 0.0925926 
0 0.802214 0.0888889 0.0294271 0.115741 
0 0.597656 0.160648 0.0286458 0.0444444 
0 0.662109 0.109954 0.0414063 0.0949074 
0 0.959375 0.256481 0.0390625 0.0537037 
0 0.564453 0.105556 0.0330729 0.0861111 
0 0.639714 0.662037 0.0388021 0.0694444 
0 0.131771 0.73287 0.0640625 0.130556 
0 0.427214 0.702083 0.0601562 0.113426 
0 0.537109 0.161574 0.0268229 0.0722222 
0 0.835938 0.219213 0.0927083 0.0486111 
0 0.836849 0.291667 0.0398437 0.0407407 
0 0.14987 0.0333333 0.0408854 0.0611111 
0 0.636719 0.200231 0.025 0.0699074 
0 0.604036 0.404167 0.0299479 0.062963 
