0 0.936979 0.580787 0.0578125 0.0921296 
0 0.745573 0.46875 0.0333333 0.0699074 
0 0.367448 0.840741 0.0473958 0.0546296 
0 0.440234 0.292593 0.0268229 0.087963 
0 0.551302 0.0967593 0.05625 0.0703704 
0 0.794922 0.0578704 0.0315104 0.0935185 
0 0.482161 0.0421296 0.0554687 0.062037 
0 0.395182 0.170833 0.0669271 0.0694444 
0 0.25638 0.386111 0.0518229 0.0527778 
0 0.678255 0.215046 0.0544271 0.0912037 
0 0.665495 0.386806 0.0393229 0.0375 
0 0.482422 0.327778 0.0382813 0.0601852 
0 0.366146 0.478241 0.0348958 0.0712963 
0 0.236198 0.459491 0.0453125 0.0625 
0 0.471875 0.631019 0.0286458 0.0546296 
0 0.745703 0.582407 0.0372396 0.0925926 
0 0.584896 0.182176 0.065625 0.0597222 
0 0.479427 0.383565 0.0489583 0.0680556 
0 0.636328 0.0710648 0.0382813 0.0689815 
0 0.691406 0.0787037 0.0869792 0.101852 
0 0.453385 0.490509 0.0307292 0.0689815 
0 0.33151 0.0476852 0.0359375 0.0490741 
0 0.126432 0.7 0.0486979 0.0712963 
0 0.686979 0.025463 0.0255208 0.0509259 
0 0.495833 0.149306 0.0385417 0.0532407 
0 0.101302 0.263657 0.0473958 0.0587963 
0 0.721224 0.170833 0.0549479 0.0925926 
0 0.288542 0.311343 0.0354167 0.0726852 
0 0.697266 0.129398 0.0565104 0.123611 
0 0.308854 0.504167 0.0416667 0.0768519 
0 0.477083 0.894907 0.0432292 0.0657407 
0 0.459505 0.727315 0.0304688 0.0583333 
0 0.783724 0.28912 0.0273438 0.0532407 
0 0.791016 0.670139 0.0877604 0.050463 
0 0.529688 0.328241 0.0380208 0.0824074 
0 0.643099 0.675231 0.0486979 0.0597222 
0 0.802734 0.433333 0.0674479 0.0555556 
0 0.709505 0.396296 0.0523437 0.0833333 
0 0.666016 0.541204 0.0221354 0.0944444 
0 0.564453 0.718287 0.0273438 0.0782407 
0 0.704557 0.609028 0.0309896 0.0773148 
0 0.479427 0.951389 0.0416667 0.0472222 
0 0.487109 0.475231 0.0533854 0.0532407 
0 0.627344 0.4 0.0348958 0.0398148 
0 0.39362 0.291435 0.0414063 0.0680556 
0 0.570833 0.320139 0.034375 0.0726852 
0 0.579036 0.918287 0.0315104 0.0736111 
0 0.15612 0.367593 0.0304688 0.0398148 
0 0.651823 0.621528 0.0578125 0.0541667 
0 0.323047 0.624074 0.0502604 0.062963 
