0 0.448177 0.261574 0.0661458 0.112037 
0 0.526823 0.508333 0.0411458 0.0731481 
0 0.652865 0.102315 0.0338542 0.0481481 
0 0.557682 0.396528 0.0393229 0.150463 
0 0.342578 0.575231 0.0330729 0.0578704 
0 0.674349 0.472222 0.0361979 0.122222 
0 0.591276 0.585185 0.0393229 0.131481 
0 0.232943 0.288889 0.0320312 0.0407407 
0 0.457943 0.143056 0.0716146 0.0814815 
0 0.208724 0.024537 0.0320312 0.0490741 
0 0.386328 0.798611 0.0575521 0.0583333 
0 0.378906 0.366204 0.0354167 0.114815 
0 0.471484 0.353472 0.0554687 0.0699074 
0 0.515104 0.401157 0.0354167 0.126389 
0 0.566927 0.546991 0.0359375 0.10787 
0 0.624479 0.211343 0.0442708 0.0569444 
0 0.246615 0.122685 0.0442708 0.0685185 
0 0.247526 0.713194 0.0351562 0.0662037 
0 0.165625 0.262963 0.0447917 0.062037 
0 0.402344 0.463889 0.0484375 0.0472222 
0 0.166406 0.743056 0.0302083 0.111111 
0 0.485417 0.0627315 0.0833333 0.0560185 
0 0.35612 0.622917 0.0466146 0.0532407 
0 0.539062 0.220833 0.0432292 0.0666667 
0 0.464844 0.471296 0.0421875 0.0731481 
0 0.136328 0.537269 0.0445312 0.0560185 
0 0.76224 0.700926 0.0328125 0.0416667 
0 0.545964 0.716667 0.0242187 0.062963 
0 0.415495 0.080787 0.0325521 0.0708333 
0 0.571745 0.172454 0.0570313 0.0560185 
0 0.189583 0.471065 0.0390625 0.0615741 
0 0.821354 0.729167 0.0338542 0.0490741 
0 0.590755 0.842824 0.0575521 0.0847222 
0 0.179297 0.816435 0.0492188 0.0569444 
0 0.510156 0.749768 0.03125 0.099537 
0 0.553776 0.879167 0.0341146 0.1 
0 0.616667 0.0159722 0.0880208 0.0319444 
0 0.635807 0.785185 0.0434896 0.0944444 
0 0.514193 0.847685 0.0216146 0.0555556 
0 0.860286 0.286111 0.0726563 0.0564815 
0 0.138021 0.370602 0.0348958 0.0365741 
0 0.0477865 0.345602 0.0434896 0.0606481 
0 0.0302083 0.19375 0.0432292 0.0625 
0 0.29362 0.344676 0.0497396 0.0615741 
0 0.135807 0.925231 0.0278646 0.0680556 
0 0.223828 0.385185 0.0289063 0.0583333 
0 0.520443 0.271528 0.0419271 0.0949074 
0 0.093099 0.0664352 0.0341146 0.0847222 
0 0.197656 0.379167 0.04375 0.0537037 
0 0.355469 0.121759 0.0234375 0.0842593 
0 0.683594 0.883565 0.0848958 0.0625 
0 0.30612 0.0826389 0.0242187 0.0476852 
0 0.314193 0.967824 0.0601562 0.0606481 
0 0.0744792 0.825926 0.0421875 0.0888889 
0 0.0950521 0.266435 0.0338542 0.0726852 
0 0.179036 0.899306 0.0356771 0.0782407 
0 0.552734 0.6125 0.0268229 0.0574074 
0 0.0205729 0.431713 0.0411458 0.0532407 
0 0.261328 0.49838 0.0263021 0.0597222 
