0 0.613672 0.342593 0.0544271 0.0851852 
0 0.630859 0.208333 0.0403646 0.0611111 
0 0.610417 0.899306 0.108854 0.0828704 
0 0.38112 0.204861 0.0601562 0.0736111 
0 0.501953 0.944444 0.0315104 0.0583333 
0 0.615755 0.598611 0.0377604 0.0601852 
0 0.573307 0.128935 0.0658854 0.075463 
0 0.636328 0.519907 0.0320312 0.0833333 
0 0.240234 0.413194 0.0471354 0.074537 
0 0.865755 0.299074 0.0611979 0.0916667 
0 0.395703 0.0962963 0.0393229 0.0546296 
0 0.57513 0.521528 0.0414063 0.0560185 
0 0.598698 0.83588 0.0541667 0.103241 
0 0.800781 0.270833 0.0317708 0.0527778 
0 0.688932 0.568519 0.0315104 0.100926 
0 0.266276 0.210648 0.0294271 0.0722222 
0 0.743099 0.282639 0.0908854 0.0569444 
0 0.73151 0.733333 0.0770833 0.0981481 
0 0.769922 0.384028 0.0559896 0.133796 
0 0.463542 0.394444 0.046875 0.111111 
0 0.633724 0.696065 0.0356771 0.0402778 
0 0.52487 0.749537 0.0455729 0.0712963 
0 0.364974 0.59375 0.0419271 0.0893519 
0 0.672396 0.361111 0.0442708 0.0592593 
0 0.679688 0.781944 0.0375 0.150926 
0 0.110026 0.191435 0.0377604 0.0708333 
0 0.34349 0.156019 0.0453125 0.0925926 
0 0.642057 0.267593 0.0773437 0.0574074 
0 0.530729 0.815509 0.0625 0.0560185 
0 0.510677 0.846991 0.05625 0.0856481 
0 0.183333 0.324306 0.0411458 0.0652778 
0 0.482161 0.136806 0.0528646 0.0689815 
0 0.670443 0.96088 0.0372396 0.0699074 
0 0.144922 0.106019 0.0476562 0.0648148 
0 0.639193 0.959259 0.0346354 0.0805556 
0 0.67474 0.0409722 0.0401042 0.0578704 
0 0.219792 0.79375 0.03125 0.0476852 
0 0.0273438 0.259491 0.034375 0.0532407 
0 0.0942708 0.456713 0.0322917 0.0837963 
0 0.455078 0.0997685 0.0653646 0.0606481 
0 0.460547 0.221528 0.0611979 0.0717593 
0 0.429167 0.373611 0.0395833 0.0564815 
0 0.502995 0.742593 0.0346354 0.0583333 
0 0.395443 0.15625 0.0429688 0.0486111 
0 0.544922 0.575 0.0341146 0.0814815 
0 0.527344 0.23125 0.0296875 0.129167 
0 0.291927 0.541667 0.0385417 0.0685185 
0 0.24388 0.336111 0.0273438 0.05 
0 0.307682 0.957407 0.0460938 0.0805556 
0 0.233594 0.953241 0.0348958 0.0462963 
0 0.0785156 0.645833 0.0320312 0.062037 
0 0.133984 0.671528 0.0429688 0.0763889 
0 0.267318 0.0439815 0.0502604 0.0768519 
0 0.178125 0.238194 0.0552083 0.0736111 
0 0.56875 0.0273148 0.0380208 0.0546296 
0 0.507292 0.637269 0.0411458 0.0643518 
0 0.198307 0.434028 0.0450521 0.0412037 
0 0.233854 0.754167 0.0302083 0.0398148 
0 0.543359 0.66713 0.0278646 0.0398148 
0 0.803255 0.708333 0.0486979 0.0546296 
0 0.303255 0.422222 0.0299479 0.0398148 
0 0.477734 0.840972 0.0346354 0.0939815 
