0 0.585417 0.0759259 0.0755208 0.15 
0 0.618229 0.311806 0.0442708 0.156944 
0 0.710938 0.0777778 0.046875 0.147222 
0 0.036849 0.553704 0.0486979 0.125926 
0 0.792448 0.597685 0.0604167 0.102778 
0 0.245312 0.597685 0.0359375 0.111111 
0 0.744661 0.310185 0.0674479 0.0888889 
0 0.495313 0.075463 0.0609375 0.0777778 
0 0.872135 0.117593 0.0359375 0.162963 
0 0.832031 0.127546 0.0458333 0.0930556 
0 0.794531 0.22662 0.0369792 0.0587963 
0 0.697266 0.35 0.0440104 0.125926 
0 0.450391 0.355324 0.0523437 0.131944 
0 0.813411 0.358796 0.0507812 0.165741 
0 0.710547 0.553472 0.0580729 0.0578704 
0 0.0380208 0.375 0.0692708 0.0657407 
0 0.602474 0.131481 0.0361979 0.126852 
0 0.941927 0.577778 0.0807292 0.0796296 
0 0.500521 0.629398 0.040625 0.0634259 
0 0.467969 0.211574 0.0677083 0.062037 
0 0.227734 0.448843 0.0507812 0.0958333 
0 0.170964 0.964352 0.0356771 0.0638889 
0 0.261198 0.236111 0.0385417 0.134259 
0 0.580078 0.350694 0.0330729 0.114352 
0 0.900911 0.629167 0.0341146 0.0861111 
0 0.866797 0.380324 0.0466146 0.0699074 
0 0.288281 0.718287 0.0234375 0.0773148 
0 0.273177 0.80625 0.028125 0.0550926 
0 0.257422 0.928704 0.0460938 0.0712963 
0 0.643099 0.713657 0.0414063 0.0773148 
0 0.0264323 0.709722 0.0419271 0.0842593 
0 0.533203 0.315972 0.0361979 0.0726852 
0 0.488281 0.728241 0.0458333 0.0694444 
0 0.848568 0.682407 0.0320312 0.115741 
0 0.794401 0.78912 0.0388021 0.0967593 
0 0.311589 0.482639 0.0351562 0.050463 
0 0.335417 0.783333 0.0354167 0.119444 
0 0.28125 0.0888889 0.0328125 0.0898148 
0 0.179557 0.766435 0.0549479 0.0837963 
0 0.0886719 0.841204 0.0377604 0.0935185 
0 0.946224 0.16875 0.0934896 0.0949074 
0 0.214453 0.280787 0.0684896 0.118981 
0 0.555208 0.421528 0.0411458 0.103241 
0 0.298307 0.391204 0.0731771 0.0805556 
0 0.678125 0.617361 0.0307292 0.0939815 
0 0.647005 0.96875 0.0377604 0.0587963 
0 0.637109 0.252315 0.0690104 0.062963 
0 0.823698 0.882407 0.0328125 0.100926 
0 0.383333 0.875 0.0432292 0.0685185 
0 0.525391 0.461343 0.0388021 0.122685 
0 0.180729 0.182639 0.0489583 0.109722 
0 0.447917 0.685648 0.0364583 0.062963 
0 0.103776 0.321528 0.0408854 0.0541667 
0 0.667969 0.155324 0.0369792 0.0541667 
0 0.284115 0.578241 0.0359375 0.0740741 
