0 0.38776 0.216204 0.0515625 0.087037 
0 0.602604 0.358102 0.0572917 0.118981 
0 0.315755 0.33588 0.0346354 0.0643518 
0 0.190755 0.43287 0.0591146 0.0907407 
0 0.746094 0.34537 0.0416667 0.134259 
0 0.251563 0.376389 0.0328125 0.0759259 
0 0.542057 0.317593 0.0523437 0.0638889 
0 0.68112 0.146065 0.0393229 0.0828704 
0 0.354036 0.260648 0.0361979 0.0638889 
0 0.49974 0.299306 0.0380208 0.0625 
0 0.91849 0.561111 0.0473958 0.0805556 
0 0.814453 0.52338 0.0455729 0.0773148 
0 0.488021 0.13125 0.0276042 0.0458333 
0 0.780859 0.428009 0.0580729 0.0634259 
0 0.919401 0.0391204 0.0372396 0.0430556 
0 0.753906 0.17037 0.0572917 0.0648148 
0 0.927344 0.449769 0.0505208 0.0773148 
0 0.971745 0.200463 0.0315104 0.062963 
0 0.0261719 0.535185 0.0382813 0.0638889 
0 0.917969 0.10787 0.0317708 0.0759259 
0 0.429427 0.384028 0.0473958 0.0476852 
0 0.827083 0.246065 0.0666667 0.074537 
0 0.592839 0.3 0.0341146 0.0685185 
0 0.726042 0.740509 0.0427083 0.0875 
0 0.0455729 0.619213 0.0401042 0.0476852 
0 0.228646 0.60463 0.05625 0.0898148 
0 0.91849 0.189352 0.0286458 0.0481481 
0 0.284635 0.576852 0.0317708 0.121296 
0 0.664062 0.592361 0.0416667 0.0587963 
0 0.51263 0.400926 0.0513021 0.0601852 
0 0.136328 0.6875 0.0486979 0.0898148 
0 0.146224 0.387269 0.0320312 0.0763889 
0 0.388672 0.536806 0.0388021 0.074537 
0 0.243229 0.519907 0.028125 0.0759259 
0 0.407292 0.288426 0.0317708 0.0731481 
0 0.15625 0.876852 0.0348958 0.0638889 
0 0.951172 0.333796 0.0627604 0.0601852 
0 0.283464 0.385648 0.0445312 0.0675926 
0 0.980469 0.456944 0.0369792 0.0648148 
0 0.453385 0.269444 0.0291667 0.0703704 
0 0.745703 0.621991 0.0398437 0.0615741 
0 0.272917 0.807639 0.0369792 0.0875 
0 0.960417 0.509028 0.0473958 0.0402778 
0 0.213802 0.304398 0.0359375 0.0708333 
0 0.389193 0.69537 0.0398437 0.0842593 
0 0.0559896 0.862037 0.0375 0.0722222 
