0 0.572266 0.0548611 0.0414063 0.10787 
0 0.945312 0.0388889 0.0588542 0.0777778 
0 0.306641 0.0625 0.0434896 0.0861111 
0 0.241536 0.0287037 0.0549479 0.0574074 
0 0.178255 0.245139 0.0294271 0.0856481 
0 0.980469 0.447917 0.0375 0.0662037 
0 0.327865 0.322685 0.0296875 0.111111 
0 0.06875 0.20162 0.0432292 0.0689815 
0 0.847656 0.241204 0.0458333 0.0648148 
0 0.0199219 0.426157 0.0356771 0.0902778 
0 0.678776 0.0236111 0.0278646 0.0472222 
0 0.73776 0.0335648 0.0453125 0.0587963 
0 0.357682 0.0203704 0.0341146 0.0407407 
0 0.852995 0.404167 0.0346354 0.103704 
0 0.563932 0.387731 0.0486979 0.0467593 
0 0.164453 0.104861 0.0429688 0.130093 
0 0.736849 0.107407 0.0549479 0.0592593 
0 0.648958 0.878472 0.0364583 0.0810185 
0 0.976562 0.942593 0.046875 0.0796296 
0 0.322526 0.584491 0.0382813 0.0717593 
0 0.129297 0.0997685 0.0367187 0.0921296 
0 0.329557 0.203009 0.0549479 0.0949074 
0 0.648438 0.0643518 0.0598958 0.0712963 
0 0.117448 0.573843 0.0265625 0.0550926 
0 0.147135 0.308333 0.0333333 0.0888889 
0 0.541016 0.345602 0.0320312 0.0532407 
0 0.888151 0.682639 0.0330729 0.0791667 
0 0.56888 0.514815 0.0471354 0.0638889 
0 0.921875 0.511343 0.0375 0.104167 
0 0.842318 0.0483796 0.0445312 0.0893519 
0 0.964844 0.534722 0.0380208 0.10463 
0 0.0470052 0.0212963 0.0502604 0.0425926 
0 0.0626302 0.425926 0.0424479 0.0527778 
0 0.979557 0.690972 0.0388021 0.0847222 
0 0.284245 0.16875 0.0388021 0.075463 
0 0.119661 0.298843 0.0289063 0.0699074 
0 0.288021 0.0164352 0.0526042 0.0328704 
0 0.104427 0.165509 0.0369792 0.0569444 
0 0.782812 0.0953704 0.0270833 0.0990741 
0 0.817448 0.437731 0.0354167 0.0736111 
