0 0.566406 0.71713 0.04375 0.113889 
0 0.413151 0.68287 0.0565104 0.103704 
0 0.479557 0.037037 0.0403646 0.0740741 
0 0.583984 0.42963 0.0518229 0.05 
0 0.415495 0.826389 0.0492188 0.0898148 
0 0.691927 0.874537 0.0489583 0.0787037 
0 0.11276 0.512037 0.046875 0.0648148 
0 0.616146 0.334259 0.0494792 0.062037 
0 0.665104 0.658333 0.0255208 0.0472222 
0 0.61862 0.94537 0.0440104 0.0509259 
0 0.691406 0.179861 0.040625 0.1625 
0 0.513151 0.796065 0.0513021 0.0949074 
0 0.0248698 0.172454 0.0476562 0.0689815 
0 0.558073 0.908796 0.0369792 0.0601852 
0 0.258073 0.0453704 0.0416667 0.0907407 
0 0.493099 0.462963 0.0455729 0.116667 
0 0.635677 0.298148 0.0541667 0.0814815 
0 0.516536 0.902778 0.0273438 0.105556 
0 0.561068 0.603241 0.0325521 0.109259 
0 0.230859 0.441435 0.0533854 0.0699074 
0 0.415495 0.404167 0.0481771 0.0611111 
0 0.264844 0.533333 0.0359375 0.0861111 
0 0.0704427 0.0326389 0.0486979 0.0652778 
0 0.780859 0.311343 0.0632813 0.0578704 
0 0.509375 0.613657 0.0421875 0.0550926 
0 0.325651 0.533796 0.0372396 0.0888889 
0 0.297266 0.0513889 0.0315104 0.0583333 
0 0.447266 0.976157 0.0601562 0.0476852 
0 0.547786 0.974074 0.0382813 0.0518519 
0 0.497786 0.157176 0.0257812 0.0634259 
0 0.851562 0.3 0.0427083 0.0546296 
0 0.610807 0.678935 0.0596354 0.0587963 
0 0.0226563 0.031713 0.0432292 0.0587963 
0 0.37526 0.301389 0.06875 0.0490741 
0 0.211458 0.031713 0.0416667 0.0597222 
0 0.267839 0.688426 0.0476562 0.0675926 
0 0.474349 0.902083 0.0315104 0.0513889 
0 0.198698 0.236111 0.0395833 0.0601852 
0 0.0730469 0.344444 0.0388021 0.0425926 
0 0.417708 0.735648 0.0432292 0.109259 
0 0.586458 0.0293981 0.03125 0.0532407 
0 0.161849 0.0319444 0.0330729 0.0601852 
0 0.513281 0.678472 0.0307292 0.0847222 
0 0.470443 0.371296 0.0283854 0.0694444 
0 0.651302 0.0171296 0.0458333 0.0342593 
0 0.475651 0.223843 0.0273438 0.0615741 
0 0.526302 0.15463 0.0380208 0.0601852 
0 0.0134115 0.737731 0.0268229 0.0893519 
0 0.143359 0.691898 0.0440104 0.0467593 
0 0.109245 0.846296 0.0445312 0.0342593 
0 0.113672 0.209491 0.0596354 0.0523148 
0 0.33151 0.735648 0.0578125 0.0712963 
0 0.346484 0.563889 0.0346354 0.0638889 
