0 0.798828 0.322917 0.0486979 0.143056 
0 0.463151 0.0502315 0.0408854 0.100463 
0 0.021875 0.179398 0.0375 0.193056 
0 0.561068 0.194907 0.0497396 0.108333 
0 0.121354 0.226852 0.0494792 0.137963 
0 0.52487 0.290741 0.0361979 0.182407 
0 0.557031 0.746991 0.0463542 0.0958333 
0 0.629818 0.178935 0.0549479 0.0828704 
0 0.752344 0.0777778 0.0354167 0.0787037 
0 0.860286 0.198611 0.0653646 0.107407 
0 0.35625 0.424769 0.046875 0.101389 
0 0.611849 0.628935 0.0492188 0.0699074 
0 0.699219 0.141667 0.0375 0.0592593 
0 0.70013 0.580787 0.0710938 0.105093 
0 0.0855469 0.575926 0.0440104 0.10463 
0 0.0878906 0.763889 0.0398437 0.0768519 
0 0.154036 0.630324 0.0497396 0.074537 
0 0.844271 0.270602 0.040625 0.178241 
0 0.67526 0.0412037 0.0421875 0.0555556 
0 0.554167 0.0555556 0.028125 0.0509259 
0 0.392839 0.102778 0.0549479 0.0712963 
0 0.605469 0.281481 0.071875 0.0703704 
0 0.38138 0.600926 0.0460938 0.0574074 
0 0.491276 0.956713 0.0377604 0.0847222 
0 0.833984 0.846296 0.0403646 0.0777778 
0 0.972135 0.8 0.0489583 0.0805556 
0 0.75 0.730556 0.0307292 0.0981481 
0 0.797917 0.893981 0.0546875 0.0925926 
0 0.404297 0.826852 0.0320312 0.12963 
0 0.761719 0.634954 0.0364583 0.138426 
0 0.666016 0.868056 0.0674479 0.122222 
0 0.5625 0.932407 0.0552083 0.119444 
0 0.96875 0.347222 0.046875 0.0944444 
0 0.0330729 0.475694 0.0479167 0.171759 
0 0.019401 0.747917 0.0372396 0.126389 
0 0.73138 0.529861 0.0580729 0.0921296 
0 0.9125 0.702546 0.0765625 0.0773148 
0 0.431641 0.601157 0.0559896 0.0810185 
0 0.194141 0.96713 0.0377604 0.062963 
0 0.328125 0.584028 0.0609375 0.0717593 
0 0.235807 0.416435 0.0445312 0.219907 
0 0.380339 0.328935 0.0820312 0.0912037 
0 0.544922 0.500926 0.0736979 0.0851852 
0 0.98724 0.152315 0.021875 0.075 
0 0.28763 0.963657 0.0700521 0.0699074 
0 0.0800781 0.506944 0.0460938 0.075 
0 0.645443 0.558796 0.0351562 0.132407 
0 0.22487 0.8625 0.0658854 0.0768519 
0 0.126953 0.79213 0.0507812 0.127778 
0 0.730078 0.295833 0.0471354 0.0564815 
0 0.231641 0.706944 0.0450521 0.0592593 
0 0.590885 0.777315 0.0234375 0.0787037 
0 0.405339 0.459259 0.0549479 0.0601852 
0 0.139844 0.865509 0.0526042 0.131944 
0 0.272526 0.848843 0.0393229 0.0523148 
0 0.868229 0.601852 0.065625 0.187037 
0 0.354818 0.638426 0.0263021 0.0722222 
0 0.863281 0.698843 0.0520833 0.129167 
