0 0.661198 0.731944 0.0385417 0.0712963 
0 0.739714 0.297685 0.0481771 0.0759259 
0 0.978125 0.834259 0.0427083 0.0601852 
0 0.858854 0.0631944 0.0588542 0.0597222 
0 0.130729 0.250926 0.0447917 0.0740741 
0 0.775391 0.81412 0.0346354 0.0680556 
0 0.0858073 0.836806 0.0315104 0.0763889 
0 0.0971354 0.482639 0.0375 0.106019 
0 0.820312 0.237037 0.0734375 0.0805556 
0 0.616667 0.771991 0.0333333 0.0847222 
0 0.694401 0.241435 0.0289063 0.0662037 
0 0.82474 0.812963 0.0302083 0.0675926 
0 0.576172 0.314815 0.0398437 0.0824074 
0 0.202214 0.422917 0.0356771 0.0875 
0 0.258984 0.333102 0.0403646 0.0847222 
0 0.764714 0.0534722 0.0424479 0.0486111 
0 0.0259115 0.401389 0.0414063 0.126852 
0 0.969661 0.697917 0.0403646 0.0597222 
0 0.571745 0.524306 0.0346354 0.1125 
0 0.307031 0.753241 0.0442708 0.0648148 
0 0.272656 0.541204 0.0385417 0.107407 
0 0.645443 0.372222 0.0273438 0.109259 
0 0.688932 0.452315 0.0419271 0.0722222 
0 0.635677 0.206481 0.0385417 0.106481 
0 0.48125 0.384954 0.0520833 0.0791667 
0 0.529297 0.932407 0.0403646 0.0675926 
0 0.776432 0.636111 0.0450521 0.0888889 
0 0.662109 0.568056 0.0528646 0.0453704 
0 0.488021 0.530093 0.0307292 0.0685185 
0 0.914453 0.204398 0.0752604 0.074537 
0 0.797786 0.428704 0.0351562 0.062037 
0 0.83099 0.684028 0.0505208 0.0717593 
0 0.7875 0.365509 0.0390625 0.0902778 
0 0.0330729 0.31713 0.040625 0.0694444 
0 0.192448 0.345139 0.0291667 0.074537 
