0 0.613281 0.212269 0.0432292 0.129167 
0 0.400911 0.15162 0.0388021 0.14213 
0 0.497135 0.82338 0.0744792 0.0912037 
0 0.690885 0.68912 0.0473958 0.0606481 
0 0.613281 0.42037 0.100521 0.0944444 
0 0.396094 0.514352 0.0505208 0.146296 
0 0.372526 0.399306 0.0320312 0.125463 
0 0.401432 0.828009 0.0455729 0.116204 
0 0.561979 0.229167 0.0494792 0.062037 
0 0.529297 0.0928241 0.0648438 0.133796 
0 0.478516 0.199769 0.0617188 0.0930556 
0 0.269922 0.381944 0.0549479 0.107407 
0 0.650781 0.534259 0.0265625 0.0509259 
0 0.567448 0.534028 0.0416667 0.0865741 
0 0.288802 0.0854167 0.0614583 0.0791667 
0 0.25026 0.741204 0.0625 0.0731481 
0 0.174219 0.0384259 0.0354167 0.075 
0 0.452865 0.958333 0.0380208 0.0657407 
0 0.17474 0.481481 0.0270833 0.114815 
0 0.650781 0.0305556 0.0505208 0.0574074 
0 0.104297 0.532407 0.0424479 0.0518519 
0 0.278125 0.215046 0.0270833 0.0467593 
0 0.130208 0.031713 0.0291667 0.0606481 
0 0.242708 0.218287 0.0458333 0.0875 
0 0.05625 0.122685 0.0338542 0.12037 
0 0.102214 0.225694 0.0424479 0.0763889 
0 0.139974 0.392361 0.0492188 0.0467593 
0 0.117969 0.612963 0.09375 0.0694444 
0 0.233854 0.535185 0.0453125 0.0842593 
0 0.329688 0.711343 0.0317708 0.075463 
0 0.252604 0.967824 0.0541667 0.0634259 
0 0.194141 0.595139 0.0684896 0.0662037 
0 0.0824219 0.856713 0.0440104 0.0726852 
0 0.123698 0.290278 0.0359375 0.0962963 
0 0.490755 0.699769 0.0434896 0.0726852 
0 0.489062 0.92963 0.0333333 0.0740741 
0 0.22487 0.212269 0.0408854 0.0606481 
0 0.174219 0.411574 0.0317708 0.0425926 
0 0.108073 0.0858796 0.0197917 0.0680556 
0 0.698307 0.796528 0.0414063 0.050463 
0 0.58151 0.0259259 0.0635417 0.0518519 
0 0.28737 0.656713 0.0455729 0.0856481 
0 0.48138 0.640278 0.0419271 0.149074 
0 0.744661 0.397454 0.0304688 0.0550926 
