0 0.70612 0.233796 0.0450521 0.0962963 
0 0.599609 0.140046 0.0518229 0.102315 
0 0.744141 0.437731 0.0372396 0.0569444 
0 0.709505 0.430324 0.0346354 0.0810185 
0 0.801302 0.400694 0.0375 0.108796 
0 0.307292 0.269444 0.0260417 0.123148 
0 0.977083 0.0662037 0.0395833 0.0842593 
0 0.593359 0.356481 0.0330729 0.0657407 
0 0.663151 0.0671296 0.0393229 0.0462963 
0 0.366276 0.229167 0.0263021 0.0740741 
0 0.745052 0.282407 0.0286458 0.107407 
0 0.79401 0.733102 0.040625 0.0708333 
0 0.773438 0.319213 0.0395833 0.0550926 
0 0.398438 0.532176 0.040625 0.0875 
0 0.717839 0.647917 0.0304688 0.109722 
0 0.867188 0.293056 0.0473958 0.05 
0 0.922786 0.161343 0.0799479 0.0837963 
0 0.0238281 0.726852 0.0367187 0.1 
0 0.417969 0.655787 0.0395833 0.075463 
0 0.532292 0.692824 0.0510417 0.0819444 
0 0.313021 0.406019 0.0364583 0.109259 
0 0.501432 0.100231 0.0585938 0.0587963 
0 0.0648438 0.487269 0.0260417 0.075463 
0 0.244792 0.486111 0.053125 0.0648148 
0 0.883203 0.0988426 0.0242187 0.0847222 
0 0.92526 0.328704 0.0421875 0.062037 
0 0.864323 0.571528 0.0453125 0.0662037 
0 0.526302 0.524769 0.0510417 0.0634259 
0 0.936458 0.10625 0.0296875 0.0875 
0 0.986719 0.25625 0.0229167 0.0810185 
0 0.930078 0.262731 0.0273438 0.0467593 
0 0.348568 0.531713 0.0372396 0.0708333 
0 0.623958 0.966204 0.0333333 0.0546296 
0 0.251693 0.546991 0.0299479 0.0828704 
0 0.782682 0.596759 0.0497396 0.0722222 
0 0.665495 0.156944 0.0429688 0.0555556 
0 0.422135 0.573843 0.0328125 0.0587963 
0 0.655208 0.748611 0.04375 0.0666667 
0 0.0759115 0.406481 0.0565104 0.0555556 
0 0.967839 0.35 0.0502604 0.112037 
0 0.879948 0.591204 0.0390625 0.0444444 
0 0.929167 0.508565 0.0322917 0.0800926 
0 0.757812 0.975463 0.0526042 0.0490741 
