0 0.73138 0.828935 0.0351562 0.140278 
0 0.588802 0.598843 0.0604167 0.100463 
0 0.58151 0.103241 0.0557292 0.127778 
0 0.495182 0.140278 0.0497396 0.0518519 
0 0.373828 0.402083 0.0356771 0.0800926 
0 0.308073 0.15162 0.0692708 0.0587963 
0 0.564974 0.28912 0.0414063 0.0523148 
0 0.160677 0.344444 0.0703125 0.0592593 
0 0.719271 0.0824074 0.0515625 0.110185 
0 0.509245 0.0893519 0.0377604 0.075 
0 0.667448 0.578472 0.0484375 0.0856481 
0 0.522005 0.260417 0.0528646 0.1375 
0 0.379167 0.144676 0.0541667 0.0828704 
0 0.790495 0.82338 0.0377604 0.0615741 
0 0.597266 0.916667 0.0549479 0.062037 
0 0.548828 0.66713 0.0783854 0.087037 
0 0.549349 0.511343 0.0283854 0.110648 
0 0.569792 0.0351852 0.0484375 0.0666667 
0 0.205859 0.355093 0.0304688 0.0444444 
0 0.0376302 0.0805556 0.0460938 0.0527778 
0 0.79349 0.360185 0.0260417 0.0490741 
0 0.386198 0.540741 0.0244792 0.0981481 
0 0.299609 0.68287 0.0507812 0.0574074 
0 0.417578 0.0539352 0.0361979 0.0393519 
0 0.294922 0.649306 0.0408854 0.0412037 
0 0.607943 0.406944 0.0710938 0.0740741 
0 0.689062 0.400231 0.0494792 0.0615741 
0 0.463672 0.681019 0.0445312 0.0722222 
0 0.598698 0.141435 0.034375 0.118056 
0 0.593359 0.23912 0.0346354 0.0967593 
0 0.0580729 0.36088 0.0520833 0.0921296 
0 0.642578 0.808102 0.0382813 0.0625 
0 0.615234 0.0189815 0.0622396 0.037037 
0 0.598047 0.339583 0.0419271 0.0949074 
