0 0.469531 0.788657 0.0354167 0.158796 
0 0.946875 0.964352 0.0703125 0.0712963 
0 0.316016 0.708333 0.10651 0.0703704 
0 0.764583 0.93912 0.034375 0.0773148 
0 0.939453 0.861574 0.0325521 0.0935185 
0 0.886719 0.965972 0.0666667 0.0652778 
0 0.432161 0.799306 0.0377604 0.118981 
0 0.409115 0.250463 0.03125 0.113889 
0 0.224349 0.935648 0.0658854 0.0740741 
0 0.760677 0.696991 0.0364583 0.0671296 
0 0.756771 0.811574 0.0317708 0.100926 
0 0.24375 0.866667 0.0338542 0.110185 
0 0.047526 0.643981 0.0356771 0.0722222 
0 0.351042 0.893287 0.0578125 0.0782407 
0 0.251563 0.482639 0.0541667 0.0837963 
0 0.154557 0.873843 0.0476562 0.133796 
0 0.0300781 0.37963 0.0361979 0.0462963 
0 0.92487 0.772454 0.0393229 0.0810185 
0 0.791016 0.64375 0.0268229 0.0393519 
0 0.937891 0.483102 0.0747396 0.106019 
0 0.392318 0.711574 0.0554687 0.0694444 
