0 0.865625 0.131944 0.0552083 0.130556 
0 0.758333 0.343056 0.0270833 0.062037 
0 0.950781 0.0842593 0.05625 0.103704 
0 0.6875 0.0956018 0.0604167 0.0912037 
0 0.604036 0.495139 0.0393229 0.0912037 
0 0.172526 0.168056 0.0580729 0.0694444 
0 0.963802 0.321528 0.0489583 0.176389 
0 0.510677 0.777315 0.0458333 0.087037 
0 0.878385 0.412269 0.0447917 0.0810185 
0 0.939062 0.435185 0.053125 0.118519 
0 0.797786 0.292824 0.0361979 0.0634259 
0 0.787109 0.14838 0.0476562 0.110648 
0 0.179688 0.971296 0.0390625 0.0537037 
0 0.751953 0.25162 0.0440104 0.0476852 
0 0.236849 0.670602 0.0424479 0.074537 
0 0.556641 0.508333 0.0393229 0.130556 
0 0.928776 0.303935 0.0497396 0.0791667 
0 0.116927 0.248148 0.0395833 0.0805556 
0 0.690885 0.509259 0.0630208 0.0777778 
0 0.791927 0.388426 0.0463542 0.0574074 
0 0.341927 0.314815 0.0322917 0.087037 
0 0.89401 0.209259 0.0885417 0.0611111 
0 0.489062 0.35463 0.0708333 0.0712963 
0 0.509245 0.172454 0.0414063 0.075463 
0 0.0518229 0.0349537 0.0432292 0.0699074 
0 0.589844 0.259954 0.0359375 0.0578704 
0 0.626432 0.933102 0.0539063 0.0847222 
0 0.466797 0.22963 0.0424479 0.0962963 
0 0.660547 0.296065 0.0466146 0.0865741 
0 0.233724 0.152546 0.0361979 0.0550926 
