0 0.619141 0.42963 0.0414063 0.112963 
0 0.733854 0.405556 0.05625 0.111111 
0 0.817318 0.230787 0.0372396 0.0800926 
0 0.394531 0.90463 0.0416667 0.0537037 
0 0.260677 0.485185 0.0380208 0.0851852 
0 0.546484 0.912269 0.0466146 0.131019 
0 0.589323 0.259954 0.0786458 0.128241 
0 0.405729 0.725694 0.0359375 0.0634259 
0 0.692448 0.325463 0.0604167 0.0509259 
0 0.686589 0.130324 0.0388021 0.0763889 
0 0.432943 0.881019 0.0440104 0.0953704 
0 0.51901 0.246296 0.0666667 0.0592593 
0 0.353776 0.652778 0.0414063 0.0703704 
0 0.0779948 0.411574 0.0476562 0.0740741 
0 0.243359 0.231019 0.0393229 0.0787037 
0 0.595312 0.107639 0.0463542 0.134722 
0 0.579167 0.502546 0.0348958 0.106944 
0 0.135807 0.645139 0.0440104 0.0726852 
0 0.480859 0.0513889 0.0361979 0.0990741 
0 0.119401 0.419213 0.0273438 0.0773148 
0 0.692839 0.443056 0.0914062 0.0731481 
0 0.36862 0.969676 0.0455729 0.0523148 
0 0.264453 0.701852 0.0388021 0.0462963 
0 0.0692708 0.268287 0.0453125 0.0837963 
0 0.504948 0.115278 0.0416667 0.0462963 
0 0.357682 0.30787 0.0559896 0.0666667 
0 0.701563 0.942824 0.0630208 0.106019 
0 0.316406 0.909722 0.0328125 0.05 
0 0.227995 0.748843 0.0299479 0.0486111 
0 0.592708 0.371528 0.0375 0.0884259 
0 0.201042 0.450926 0.0354167 0.062963 
0 0.476172 0.469676 0.0507812 0.075463 
0 0.477344 0.270833 0.0276042 0.0814815 
0 0.592318 0.969676 0.0320312 0.0550926 
0 0.505339 0.5125 0.0429688 0.0981481 
0 0.232682 0.0548611 0.0335938 0.0476852 
0 0.102604 0.772917 0.0411458 0.0643518 
0 0.425911 0.968056 0.0377604 0.0574074 
0 0.697266 0.872917 0.0684896 0.0763889 
0 0.0497396 0.36875 0.0270833 0.0486111 
0 0.652734 0.969676 0.0497396 0.0541667 
0 0.233854 0.525231 0.0416667 0.0763889 
0 0.302344 0.319444 0.0385417 0.0768519 
0 0.508203 0.0377315 0.0299479 0.075463 
0 0.800781 0.97963 0.05625 0.0407407 
0 0.459245 0.824537 0.0315104 0.0398148 
0 0.225521 0.437731 0.0432292 0.049537 
0 0.635807 0.624074 0.0294271 0.0981481 
0 0.470964 0.745139 0.0351562 0.0828704 
0 0.0169271 0.257407 0.0328125 0.062037 
0 0.457292 0.03125 0.0307292 0.0615741 
0 0.299219 0.270602 0.0479167 0.0837963 
0 0.244141 0.868981 0.0273438 0.0666667 
0 0.674349 0.73912 0.0539063 0.140278 
0 0.391797 0.59375 0.0570313 0.0578704 
0 0.158854 0.227315 0.0401042 0.0731481 
