0 0.535156 0.616435 0.0401042 0.0976852 
0 0.787109 0.623611 0.0388021 0.112963 
0 0.33112 0.156713 0.0471354 0.128241 
0 0.760677 0.447222 0.0666667 0.114815 
0 0.355729 0.236111 0.0546875 0.0814815 
0 0.736849 0.253704 0.0596354 0.126852 
0 0.899349 0.547454 0.0382813 0.0791667 
0 0.265104 0.188657 0.0651042 0.074537 
0 0.646875 0.594676 0.0442708 0.0523148 
0 0.148828 0.618519 0.0450521 0.0527778 
0 0.788021 0.27338 0.0380208 0.129167 
0 0.108594 0.448843 0.0447917 0.0699074 
0 0.914583 0.780093 0.0364583 0.118519 
0 0.407552 0.232407 0.0442708 0.140741 
0 0.461198 0.592824 0.0401042 0.103241 
0 0.146484 0.814583 0.0518229 0.0958333 
0 0.15612 0.320139 0.0382813 0.0726852 
0 0.53125 0.365046 0.0552083 0.099537 
0 0.542969 0.538194 0.0557292 0.0615741 
0 0.463932 0.12037 0.0325521 0.0666667 
0 0.476562 0.665046 0.0333333 0.0865741 
0 0.0983073 0.248611 0.0643229 0.110185 
0 0.326432 0.678009 0.0533854 0.125463 
0 0.691406 0.706481 0.0307292 0.0740741 
