0 0.540495 0.152083 0.0507812 0.122685 
0 0.594661 0.215278 0.0388021 0.137963 
0 0.966797 0.431019 0.0627604 0.115741 
0 0.13724 0.560417 0.0333333 0.108796 
0 0.021224 0.279861 0.0414063 0.0791667 
0 0.46901 0.700926 0.0401042 0.0861111 
0 0.189583 0.307407 0.0572917 0.0675926 
0 0.565885 0.399769 0.0536458 0.0884259 
0 0.511719 0.4 0.053125 0.0944444 
0 0.0955729 0.717824 0.028125 0.0689815 
0 0.28099 0.254398 0.0401042 0.124537 
0 0.0611979 0.686574 0.0380208 0.0888889 
0 0.452604 0.190509 0.0609375 0.0717593 
0 0.186589 0.572917 0.0398437 0.0671296 
0 0.0147135 0.685185 0.0268229 0.0731481 
0 0.548828 0.232176 0.0622396 0.0837963 
0 0.879297 0.677778 0.0356771 0.0722222 
0 0.644531 0.890741 0.0484375 0.0675926 
0 0.707552 0.52662 0.05625 0.0467593 
0 0.833854 0.6875 0.03125 0.0925926 
0 0.270964 0.858565 0.0507812 0.146759 
0 0.909635 0.751852 0.0333333 0.0935185 
0 0.664974 0.825694 0.0273438 0.110648 
0 0.695703 0.621991 0.0424479 0.110648 
0 0.139844 0.403472 0.0380208 0.0606481 
0 0.292448 0.622917 0.0489583 0.0513889 
0 0.204297 0.865278 0.0455729 0.0601852 
0 0.169922 0.768519 0.0289063 0.0527778 
0 0.12526 0.703704 0.0317708 0.0703704 
0 0.0376302 0.587269 0.0263021 0.0791667 
0 0.478776 0.616667 0.0414063 0.0518519 
0 0.891536 0.416204 0.0382813 0.10463 
0 0.95013 0.229398 0.0658854 0.114352 
0 0.41901 0.352315 0.028125 0.10463 
0 0.191797 0.961806 0.0507812 0.074537 
0 0.968359 0.288657 0.0325521 0.109722 
0 0.315234 0.834954 0.0372396 0.0634259 
0 0.0634115 0.792593 0.0617188 0.062963 
0 0.971615 0.617593 0.0411458 0.0972222 
0 0.369141 0.553704 0.0414063 0.0703704 
0 0.98776 0.24213 0.0244792 0.184259 
0 0.458854 0.51875 0.0546875 0.0671296 
0 0.189844 0.380556 0.0385417 0.0675926 
0 0.462891 0.913194 0.0367187 0.0921296 
0 0.983984 0.369907 0.0309896 0.0777778 
0 0.32526 0.321991 0.0328125 0.0912037 
0 0.385026 0.734491 0.0377604 0.0763889 
0 0.472005 0.854167 0.0471354 0.0574074 
0 0.480729 0.220833 0.0197917 0.0731481 
0 0.0880208 0.843287 0.0401042 0.0597222 
0 0.764714 0.335648 0.0440104 0.0833333 
