0 0.729948 0.288889 0.0994792 0.0805556 
0 0.658203 0.172454 0.0335938 0.188426 
0 0.455078 0.173843 0.102344 0.0949074 
0 0.4375 0.0854167 0.0838542 0.133796 
0 0.155208 0.289583 0.084375 0.133796 
0 0.840885 0.490972 0.04375 0.110648 
0 0.708073 0.576389 0.0552083 0.0787037 
0 0.259766 0.484954 0.0580729 0.11713 
0 0.341016 0.159491 0.0518229 0.103241 
0 0.288802 0.203009 0.0416667 0.174537 
0 0.0320312 0.9375 0.0640625 0.119444 
0 0.782292 0.184722 0.0484375 0.087037 
0 0.792057 0.48125 0.0575521 0.0939815 
0 0.440625 0.35162 0.0505208 0.118056 
0 0.844271 0.0446759 0.0723958 0.0606481 
0 0.426302 0.4 0.0494792 0.0981481 
0 0.479297 0.590972 0.0351562 0.173611 
0 0.973177 0.612037 0.0515625 0.107407 
0 0.385807 0.472917 0.0450521 0.0921296 
0 0.38776 0.570833 0.0322917 0.0759259 
0 0.0572917 0.309491 0.0666667 0.0865741 
0 0.800781 0.659954 0.0505208 0.075463 
0 0.623438 0.278241 0.0651042 0.122222 
0 0.898958 0.56412 0.0578125 0.103241 
0 0.335677 0.309491 0.04375 0.149537 
0 0.563411 0.477083 0.0429688 0.0662037 
0 0.296224 0.78912 0.0403646 0.101389 
0 0.783724 0.313889 0.0377604 0.12037 
0 0.251042 0.789815 0.0333333 0.132407 
0 0.740234 0.401852 0.0648438 0.116667 
0 0.163932 0.548148 0.0783854 0.0814815 
0 0.0998698 0.166898 0.0565104 0.0449074 
0 0.847135 0.809491 0.0359375 0.0699074 
0 0.29401 0.927778 0.0708333 0.0685185 
0 0.888672 0.639352 0.0388021 0.0814815 
0 0.0498698 0.405093 0.0497396 0.0916667 
0 0.70599 0.2 0.0489583 0.0796296 
0 0.44362 0.961111 0.0851562 0.0694444 
0 0.120052 0.642361 0.0364583 0.0791667 
0 0.182812 0.611574 0.046875 0.0611111 
0 0.139193 0.471759 0.0648438 0.0666667 
0 0.526302 0.310185 0.0229167 0.0648148 
0 0.129036 0.0759259 0.0429688 0.037963 
0 0.88724 0.787731 0.0364583 0.0810185 
0 0.384245 0.761574 0.0372396 0.0962963 
0 0.178776 0.889815 0.0382813 0.0583333 
0 0.698698 0.908796 0.0458333 0.1 
0 0.61224 0.917593 0.0317708 0.12037 
0 0.843359 0.137269 0.0356771 0.0569444 
0 0.492188 0.80463 0.0552083 0.0574074 
0 0.0360677 0.0386574 0.0325521 0.0449074 
0 0.0376302 0.644676 0.0294271 0.0800926 
0 0.300521 0.422685 0.03125 0.144444 
0 0.861849 0.909722 0.0450521 0.0611111 
0 0.0847656 0.929861 0.0518229 0.126389 
0 0.977083 0.962731 0.0390625 0.0689815 
0 0.629427 0.486343 0.0432292 0.0541667 
0 0.945312 0.962731 0.0286458 0.0717593 
0 0.826693 0.960185 0.0445312 0.0731481 
0 0.559635 0.757407 0.0322917 0.0787037 
0 0.780339 0.619907 0.0372396 0.0555556 
0 0.32474 0.854167 0.0421875 0.142593 
0 0.34401 0.696991 0.0421875 0.0819444 
0 0.0658854 0.73287 0.0703125 0.0666667 
0 0.589323 0.326852 0.0609375 0.0527778 
