0 0.353255 0.178935 0.0544271 0.0865741 
0 0.342839 0.0472222 0.0757812 0.0814815 
0 0.486328 0.0430556 0.0398437 0.0842593 
0 0.8375 0.112731 0.0380208 0.0652778 
0 0.225521 0.109259 0.0307292 0.118519 
0 0.0355469 0.184028 0.0492188 0.168056 
0 0.288151 0.420602 0.0533854 0.0634259 
0 0.371615 0.296065 0.046875 0.101389 
0 0.261719 0.0446759 0.034375 0.0884259 
0 0.170443 0.425694 0.0356771 0.099537 
0 0.261458 0.304398 0.0598958 0.102315 
0 0.0303385 0.455787 0.0445312 0.0708333 
0 0.213411 0.333102 0.0554687 0.0662037 
0 0.972656 0.169676 0.0494792 0.0773148 
0 0.472005 0.449306 0.0445312 0.0662037 
0 0.0273438 0.0215278 0.0510417 0.0430556 
0 0.184245 0.0800926 0.0460938 0.0703704 
0 0.866146 0.222685 0.0411458 0.0462963 
0 0.925781 0.485185 0.0640625 0.0481481 
0 0.983854 0.621991 0.0307292 0.0976852 
0 0.798828 0.349074 0.0346354 0.107407 
0 0.983464 0.0439815 0.0309896 0.0657407 
