0 0.749479 0.348843 0.0322917 0.121759 
0 0.362891 0.472222 0.0528646 0.0601852 
0 0.667448 0.363426 0.03125 0.0481481 
0 0.334245 0.839815 0.0544271 0.0777778 
0 0.645052 0.758796 0.0692708 0.119444 
0 0.255599 0.665046 0.0476562 0.0615741 
0 0.410156 0.551157 0.0375 0.0865741 
0 0.402995 0.455324 0.0278646 0.0421296 
0 0.372526 0.831944 0.0388021 0.0462963 
0 0.607943 0.661574 0.0492188 0.0759259 
0 0.541927 0.496991 0.0536458 0.0449074 
0 0.398828 0.913194 0.0674479 0.0708333 
0 0.383984 0.382176 0.0523437 0.0662037 
0 0.604557 0.295602 0.0455729 0.0893519 
0 0.427344 0.178935 0.0395833 0.0773148 
0 0.3 0.0921296 0.0411458 0.0796296 
0 0.460156 0.32338 0.0458333 0.0569444 
0 0.136198 0.718982 0.0546875 0.0805556 
0 0.633203 0.536343 0.0960938 0.0652778 
0 0.180729 0.8 0.0473958 0.0546296 
0 0.64987 0.126389 0.0419271 0.119444 
0 0.447526 0.466667 0.0539063 0.0814815 
0 0.113411 0.375231 0.0320312 0.0375 
0 0.526432 0.243519 0.0325521 0.0824074 
0 0.488542 0.564815 0.0395833 0.0657407 
0 0.452604 0.839352 0.04375 0.0546296 
0 0.539062 0.312269 0.0229167 0.0606481 
0 0.400911 0.63287 0.0596354 0.0472222 
0 0.197266 0.305324 0.0408854 0.049537 
0 0.712891 0.709259 0.0325521 0.0916667 
0 0.375781 0.765741 0.0385417 0.05 
0 0.236068 0.565972 0.0372396 0.0430556 
0 0.399479 0.32963 0.0520833 0.0453704 
0 0.441016 0.964352 0.0638021 0.0685185 
0 0.187891 0.190278 0.0367187 0.0851852 
0 0.489062 0.128472 0.0713542 0.0976852 
0 0.29401 0.230324 0.0401042 0.0541667 
0 0.596094 0.484028 0.0661458 0.104167 
0 0.0670573 0.0215278 0.0669271 0.0421296 
0 0.185026 0.743056 0.0388021 0.0490741 
0 0.354948 0.0893519 0.0416667 0.0703704 
0 0.552214 0.719676 0.0294271 0.0560185 
0 0.790495 0.107639 0.0346354 0.131019 
0 0.506771 0.9625 0.0546875 0.0731481 
0 0.29375 0.362731 0.0291667 0.0782407 
0 0.0829427 0.151852 0.0320312 0.0592593 
