0 0.830599 0.123611 0.0596354 0.127778 
0 0.85 0.344213 0.034375 0.14213 
0 0.896094 0.230093 0.0583333 0.0861111 
0 0.780729 0.17963 0.0953125 0.118519 
0 0.872526 0.524306 0.0632813 0.108796 
0 0.680729 0.2625 0.0520833 0.15 
0 0.71237 0.305324 0.0382813 0.0708333 
0 0.18724 0.506481 0.046875 0.112963 
0 0.492057 0.432639 0.0544271 0.0689815 
0 0.645443 0.459259 0.0638021 0.136111 
0 0.597135 0.337269 0.0578125 0.124537 
0 0.89362 0.774306 0.0393229 0.0680556 
0 0.967318 0.364815 0.0565104 0.0685185 
0 0.562891 0.584722 0.0419271 0.0694444 
0 0.257552 0.421759 0.0578125 0.0953704 
0 0.651823 0.801157 0.0494792 0.0856481 
0 0.336458 0.471991 0.0494792 0.0810185 
0 0.826172 0.259028 0.0528646 0.0958333 
0 0.0354167 0.436111 0.0552083 0.0740741 
0 0.445573 0.455093 0.0328125 0.0555556 
0 0.0639323 0.539815 0.0565104 0.0833333 
0 0.207552 0.876389 0.0411458 0.0731481 
0 0.515104 0.789583 0.0348958 0.0625 
0 0.818359 0.516898 0.0596354 0.0800926 
0 0.26862 0.586343 0.0518229 0.074537 
0 0.151172 0.738426 0.0455729 0.12037 
0 0.429688 0.037037 0.0416667 0.0675926 
0 0.635807 0.312037 0.0445312 0.0527778 
0 0.715755 0.568287 0.0367187 0.118981 
0 0.0799479 0.0689815 0.0536458 0.075 
0 0.732943 0.405324 0.0408854 0.0708333 
0 0.530729 0.0914352 0.053125 0.156019 
0 0.491927 0.294444 0.046875 0.0546296 
0 0.571224 0.747917 0.0294271 0.104167 
0 0.309245 0.750463 0.0414063 0.0638889 
0 0.501562 0.655324 0.0416667 0.0736111 
0 0.467448 0.622685 0.0432292 0.0833333 
0 0.95612 0.424537 0.0434896 0.0638889 
0 0.396094 0.802083 0.0645833 0.0587963 
0 0.96875 0.867593 0.040625 0.0675926 
0 0.392578 0.344676 0.0554687 0.147685 
0 0.442708 0.966204 0.0557292 0.0648148 
0 0.1375 0.58588 0.0401042 0.0930556 
