0 0.777344 0.509954 0.0723958 0.0884259 
0 0.706641 0.787037 0.0304688 0.111111 
0 0.729948 0.438426 0.0609375 0.0759259 
0 0.733464 0.703009 0.0330729 0.103241 
0 0.823828 0.871065 0.0382813 0.103241 
0 0.709505 0.623148 0.0283854 0.10463 
0 0.479036 0.631481 0.0361979 0.107407 
0 0.85638 0.615046 0.0351562 0.1125 
0 0.915625 0.818056 0.0390625 0.0518519 
0 0.0289063 0.924306 0.0510417 0.0717593 
0 0.814453 0.460185 0.0403646 0.075 
0 0.833984 0.743519 0.0335938 0.0583333 
0 0.656641 0.470602 0.0408854 0.0597222 
0 0.55625 0.898611 0.0427083 0.0722222 
0 0.548307 0.560648 0.0320312 0.113889 
0 0.765625 0.371296 0.0296875 0.107407 
0 0.230729 0.750694 0.05 0.0625 
0 0.952214 0.611111 0.0773437 0.106481 
0 0.175781 0.663194 0.075 0.0597222 
0 0.395703 0.895833 0.0445312 0.05 
0 0.304948 0.47963 0.0322917 0.10463 
0 0.89362 0.740509 0.0289063 0.0625 
0 0.652344 0.564583 0.0588542 0.0560185 
0 0.53763 0.723611 0.0372396 0.0592593 
0 0.519531 0.518981 0.025 0.075 
0 0.253516 0.607176 0.0533854 0.0523148 
0 0.477865 0.753009 0.0520833 0.0912037 
0 0.935547 0.718518 0.0481771 0.0675926 
0 0.773438 0.448843 0.0484375 0.074537 
0 0.646484 0.946296 0.0502604 0.0805556 
0 0.0141927 0.778935 0.0283854 0.050463 
0 0.113802 0.927778 0.0458333 0.0888889 
0 0.473958 0.917593 0.0328125 0.0935185 
0 0.177474 0.506019 0.0549479 0.087037 
