0 0.616146 0.531713 0.0515625 0.109722 
0 0.781771 0.177778 0.0291667 0.0842593 
0 0.898828 0.0361111 0.0434896 0.0712963 
0 0.770052 0.0918982 0.0369792 0.0865741 
0 0.603125 0.647222 0.040625 0.087037 
0 0.333724 0.461806 0.0398437 0.0699074 
0 0.219531 0.452083 0.0322917 0.0634259 
0 0.336198 0.588889 0.0421875 0.0953704 
0 0.736328 0.218519 0.0539063 0.0953704 
0 0.639583 0.247685 0.0401042 0.0925926 
0 0.541536 0.262269 0.0486979 0.0856481 
0 0.548828 0.926157 0.0372396 0.0717593 
0 0.978516 0.509954 0.0414063 0.109722 
0 0.823698 0.54375 0.0479167 0.0958333 
0 0.928255 0.938426 0.0440104 0.0842593 
0 0.694792 0.881944 0.0479167 0.0611111 
0 0.778385 0.599306 0.0369792 0.0643518 
0 0.129427 0.452778 0.0380208 0.0972222 
0 0.677734 0.671759 0.0372396 0.0703704 
0 0.946745 0.297454 0.0966146 0.0689815 
0 0.956641 0.735185 0.0523437 0.062963 
0 0.491667 0.634954 0.0390625 0.0865741 
0 0.294661 0.838426 0.0367187 0.062037 
0 0.172135 0.536574 0.0333333 0.087037 
0 0.828125 0.78125 0.0432292 0.075463 
0 0.641536 0.147454 0.0393229 0.0782407 
0 0.257292 0.621528 0.05 0.050463 
