0 0.795833 0.766667 0.0322917 0.0777778 
0 0.463672 0.302315 0.0450521 0.0768519 
0 0.256771 0.118519 0.0395833 0.0537037 
0 0.681641 0.777315 0.0356771 0.106481 
0 0.632292 0.899306 0.0442708 0.181944 
0 0.416016 0.878935 0.0471354 0.0662037 
0 0.806641 0.570139 0.0700521 0.0791667 
0 0.764583 0.408565 0.0328125 0.101389 
0 0.238932 0.879167 0.0445312 0.0768519 
0 0.319792 0.941898 0.0369792 0.0597222 
0 0.570312 0.340046 0.0380208 0.0865741 
0 0.197917 0.177778 0.053125 0.0916667 
0 0.750391 0.853009 0.0268229 0.0763889 
0 0.58112 0.196991 0.0507812 0.146759 
0 0.683073 0.428009 0.0380208 0.0597222 
0 0.23138 0.271296 0.0450521 0.0638889 
0 0.705599 0.549074 0.0273438 0.0462963 
0 0.640234 0.648843 0.0351562 0.122685 
0 0.274609 0.1875 0.0690104 0.0657407 
0 0.307422 0.86713 0.0570313 0.0962963 
0 0.369531 0.174074 0.0380208 0.0509259 
0 0.144922 0.212269 0.0205729 0.0634259 
0 0.51901 0.45 0.0588542 0.062963 
0 0.404557 0.924537 0.0591146 0.0583333 
0 0.509245 0.690509 0.0549479 0.100463 
0 0.766146 0.68287 0.0791667 0.0509259 
0 0.823307 0.899306 0.0466146 0.049537 
0 0.192318 0.403472 0.0414063 0.0810185 
0 0.305339 0.318981 0.0419271 0.0462963 
0 0.491016 0.201852 0.0596354 0.10463 
0 0.389974 0.693519 0.0533854 0.0564815 
0 0.2875 0.612037 0.0375 0.0916667 
0 0.465104 0.475694 0.0359375 0.0569444 
0 0.349609 0.951389 0.0429688 0.0861111 
0 0.227734 0.646759 0.0268229 0.101852 
0 0.429948 0.311111 0.028125 0.0944444 
0 0.182552 0.279167 0.05 0.0583333 
0 0.540104 0.731713 0.0322917 0.0736111 
0 0.360807 0.776852 0.0450521 0.0462963 
0 0.704036 0.46088 0.0325521 0.0597222 
0 0.416016 0.77037 0.0247396 0.0574074 
0 0.466536 0.662731 0.0591146 0.0634259 
0 0.0539063 0.834028 0.0182292 0.0810185 
0 0.242969 0.55463 0.0442708 0.0657407 
0 0.26901 0.339815 0.0401042 0.0444444 
0 0.426302 0.460185 0.0713542 0.0611111 
0 0.338932 0.122917 0.0330729 0.0541667 
0 0.0548177 0.677083 0.0570313 0.0421296 
0 0.0714844 0.213889 0.0455729 0.0638889 
0 0.505339 0.979167 0.0429688 0.0416667 
0 0.40625 0.410417 0.0302083 0.0578704 
0 0.445833 0.933102 0.0364583 0.1125 
0 0.235938 0.783333 0.028125 0.0953704 
