0 0.39349 0.417824 0.0515625 0.0736111 
0 0.463932 0.746065 0.0367187 0.0810185 
0 0.332031 0.898611 0.0333333 0.0444444 
0 0.270312 0.354398 0.0541667 0.0486111 
0 0.0355469 0.644213 0.0486979 0.0726852 
0 0.346094 0.37037 0.0286458 0.0416667 
0 0.189583 0.400926 0.0364583 0.0407407 
0 0.452474 0.787037 0.0325521 0.0481481 
0 0.255339 0.824769 0.0346354 0.0810185 
0 0.348437 0.974769 0.0390625 0.050463 
0 0.438542 0.596065 0.0359375 0.0458333 
0 0.534635 0.845602 0.053125 0.0486111 
0 0.589323 0.469676 0.0401042 0.0541667 
0 0.152474 0.229167 0.0372396 0.062037 
0 0.472917 0.625926 0.0333333 0.0361111 
0 0.0957031 0.880787 0.0398437 0.0467593 
0 0.292448 0.153472 0.0223958 0.0893519 
0 0.462891 0.578472 0.0283854 0.0541667 
0 0.074349 0.815046 0.0653646 0.0625 
0 0.166016 0.0412037 0.0419271 0.0574074 
0 0.911198 0.205324 0.04375 0.0652778 
0 0.298828 0.897685 0.0408854 0.0361111 
0 0.343359 0.0888889 0.0372396 0.0574074 
0 0.299349 0.675694 0.0361979 0.0569444 
0 0.289583 0.249306 0.0307292 0.0300926 
0 0.294141 0.44838 0.0346354 0.0541667 
0 0.130859 0.31875 0.0408854 0.0550926 
0 0.811979 0.150231 0.0359375 0.0597222 
