0 0.518099 0.438889 0.0638021 0.0907407 
0 0.025651 0.633565 0.0372396 0.138426 
0 0.946745 0.912269 0.0382813 0.0939815 
0 0.466016 0.545139 0.0502604 0.10787 
0 0.113021 0.583102 0.0333333 0.116204 
0 0.476172 0.343981 0.0518229 0.0592593 
0 0.764193 0.368287 0.0445312 0.100463 
0 0.369401 0.496528 0.0523437 0.0791667 
0 0.976562 0.226389 0.0421875 0.0796296 
0 0.965755 0.762731 0.0346354 0.0967593 
0 0.818359 0.756944 0.0356771 0.0944444 
0 0.608854 0.563657 0.0442708 0.0689815 
0 0.195964 0.586343 0.0471354 0.0856481 
0 0.0804688 0.646991 0.05625 0.0689815 
0 0.513151 0.743981 0.0513021 0.0546296 
0 0.611328 0.446296 0.0388021 0.0888889 
0 0.0742188 0.733102 0.0505208 0.0763889 
0 0.665625 0.846065 0.040625 0.0828704 
0 0.967839 0.355556 0.0388021 0.151852 
0 0.0644531 0.526157 0.0658854 0.0828704 
0 0.533203 0.597917 0.0664062 0.101389 
0 0.635286 0.328472 0.0398437 0.0791667 
0 0.724089 0.625694 0.0408854 0.0976852 
0 0.542057 0.321065 0.0257812 0.10787 
0 0.264583 0.428241 0.0786458 0.112037 
0 0.908724 0.300694 0.0523437 0.0856481 
0 0.245573 0.737037 0.0411458 0.0518519 
0 0.927734 0.454861 0.0429688 0.0958333 
0 0.311979 0.641435 0.046875 0.0930556 
0 0.571745 0.517824 0.0403646 0.101389 
0 0.917969 0.767824 0.0390625 0.0726852 
0 0.820312 0.45787 0.0395833 0.0898148 
0 0.745573 0.786111 0.0421875 0.0518519 
0 0.43099 0.34375 0.0333333 0.0467593 
0 0.434375 0.446296 0.0692708 0.0611111 
0 0.196875 0.815509 0.0489583 0.147685 
0 0.812891 0.647454 0.0502604 0.0625 
0 0.162891 0.521296 0.0622396 0.0694444 
0 0.721224 0.880324 0.0554687 0.0726852 
