0 0.911198 0.895139 0.0546875 0.0606481 
0 0.837891 0.288426 0.0606771 0.143519 
0 0.545964 0.181713 0.0408854 0.109722 
0 0.692318 0.0756944 0.0367187 0.131019 
0 0.390365 0.460417 0.0614583 0.0587963 
0 0.326953 0.43912 0.0315104 0.0606481 
0 0.822266 0.169676 0.0570313 0.0615741 
0 0.659115 0.434722 0.0817708 0.0898148 
0 0.756901 0.453704 0.0221354 0.0657407 
0 0.719271 0.151852 0.03125 0.0990741 
0 0.775 0.769676 0.0671875 0.0634259 
0 0.152083 0.579398 0.0348958 0.0402778 
0 0.494661 0.0793981 0.0445312 0.0726852 
0 0.758203 0.307407 0.0356771 0.0759259 
0 0.613281 0.380093 0.0380208 0.0694444 
0 0.707031 0.778241 0.0411458 0.0898148 
0 0.697656 0.291898 0.0307292 0.0625 
0 0.73151 0.800231 0.0505208 0.0689815 
0 0.149609 0.826389 0.0455729 0.0481481 
0 0.566016 0.523148 0.0747396 0.0564815 
0 0.408854 0.401389 0.0317708 0.0601852 
0 0.674349 0.17963 0.0304688 0.0416667 
0 0.235286 0.849074 0.0330729 0.0861111 
0 0.888672 0.165741 0.0716146 0.0685185 
0 0.740234 0.240046 0.0341146 0.0986111 
0 0.566406 0.294213 0.0348958 0.10787 
0 0.666016 0.490972 0.0471354 0.118056 
0 0.24974 0.143519 0.0458333 0.0555556 
0 0.3125 0.569907 0.028125 0.0796296 
0 0.557552 0.962731 0.0369792 0.0699074 
0 0.106641 0.0349537 0.0335938 0.0356481 
0 0.761198 0.229167 0.0380208 0.0675926 
0 0.388021 0.530324 0.0385417 0.0541667 
0 0.613281 0.0335648 0.0640625 0.0634259 
0 0.628906 0.733102 0.0359375 0.0634259 
0 0.229687 0.430556 0.0385417 0.0361111 
0 0.51849 0.146759 0.03125 0.0888889 
0 0.386198 0.0296296 0.0380208 0.0564815 
0 0.423828 0.715278 0.0648438 0.0481481 
0 0.515625 0.622685 0.0359375 0.0592593 
0 0.286849 0.0960648 0.0367187 0.0671296 
0 0.197526 0.843056 0.0492188 0.0694444 
0 0.526823 0.975926 0.0395833 0.0481481 
0 0.73099 0.0256944 0.0453125 0.049537 
0 0.642187 0.267824 0.0541667 0.0625 
0 0.539974 0.42037 0.0632813 0.0796296 
0 0.535156 0.857176 0.028125 0.0652778 
0 0.11862 0.418981 0.0299479 0.0462963 
0 0.725 0.904398 0.0447917 0.0875 
0 0.45599 0.237037 0.0630208 0.0731481 
0 0.608464 0.692824 0.0325521 0.0365741 
0 0.567318 0.884491 0.0414063 0.0810185 
0 0.308984 0.687963 0.0335938 0.0796296 
0 0.226042 0.0622685 0.0401042 0.0449074 
0 0.100651 0.274306 0.0195312 0.0828704 
0 0.241667 0.379167 0.028125 0.0425926 
0 0.0166667 0.64537 0.0307292 0.0611111 
0 0.386979 0.962731 0.0447917 0.0708333 
0 0.45625 0.344676 0.0359375 0.0597222 
0 0.58737 0.0766204 0.0346354 0.0402778 
0 0.650391 0.691898 0.0434896 0.050463 
0 0.544401 0.634722 0.0372396 0.0537037 
