0 0.5625 0.123148 0.0291667 0.125 
0 0.635156 0.0761574 0.040625 0.104167 
0 0.873047 0.401852 0.0606771 0.0925926 
0 0.730469 0.295833 0.0739583 0.0759259 
0 0.634245 0.294907 0.0424479 0.0666667 
0 0.864844 0.5875 0.0348958 0.0768519 
0 0.532161 0.306019 0.0351562 0.0925926 
0 0.629948 0.60463 0.0223958 0.0490741 
0 0.608333 0.397222 0.0369792 0.075 
0 0.989193 0.324306 0.0184896 0.118981 
0 0.474479 0.6 0.040625 0.0611111 
0 0.969792 0.956481 0.0546875 0.0592593 
0 0.913542 0.190741 0.0401042 0.0944444 
0 0.780339 0.418287 0.0580729 0.0662037 
0 0.356641 0.572454 0.0559896 0.0800926 
0 0.364974 0.449769 0.0403646 0.0902778 
0 0.358464 0.813194 0.0398437 0.0782407 
0 0.126432 0.84375 0.0481771 0.0819444 
0 0.481901 0.381713 0.0419271 0.0680556 
0 0.276302 0.0178241 0.0411458 0.0328704 
0 0.605469 0.599769 0.0234375 0.0782407 
0 0.467057 0.377546 0.0507812 0.0587963 
