0 0.700651 0.830324 0.0403646 0.143981 
0 0.23763 0.861574 0.0299479 0.116667 
0 0.777344 0.31412 0.0354167 0.0587963 
0 0.273438 0.746528 0.0546875 0.120833 
0 0.51862 0.676157 0.0653646 0.0986111 
0 0.697786 0.545833 0.0570313 0.0527778 
0 0.424089 0.522454 0.0497396 0.0773148 
0 0.976042 0.652778 0.0447917 0.135185 
0 0.583984 0.740509 0.0382813 0.101389 
0 0.80026 0.70787 0.0473958 0.0712963 
0 0.0654948 0.740972 0.0299479 0.101389 
0 0.688021 0.674537 0.0291667 0.108333 
0 0.152083 0.746528 0.0369792 0.0662037 
0 0.934635 0.798148 0.0703125 0.0824074 
0 0.395052 0.882407 0.0307292 0.103704 
0 0.775391 0.448611 0.0294271 0.130556 
0 0.888672 0.89838 0.0367187 0.109722 
0 0.0289063 0.917593 0.0380208 0.0583333 
0 0.443099 0.363889 0.0351562 0.0861111 
0 0.378125 0.0571759 0.0536458 0.0958333 
0 0.610807 0.709259 0.0497396 0.0759259 
0 0.270964 0.251157 0.0455729 0.0791667 
0 0.0651042 0.678241 0.0505208 0.0675926 
0 0.143099 0.981019 0.0658854 0.037963 
0 0.51276 0.337269 0.0484375 0.0421296 
0 0.933594 0.361111 0.034375 0.0444444 
0 0.378125 0.4 0.0375 0.0472222 
0 0.770964 0.793519 0.0247396 0.0805556 
0 0.10612 0.847917 0.0492188 0.0467593 
0 0.589323 0.438889 0.0385417 0.0805556 
