0 0.947266 0.356944 0.0361979 0.0712963 
0 0.933073 0.741898 0.046875 0.0800926 
0 0.845182 0.819444 0.0372396 0.115741 
0 0.179427 0.549074 0.0526042 0.0898148 
0 0.751953 0.807407 0.0606771 0.0777778 
0 0.867708 0.647454 0.0395833 0.0893519 
0 0.384245 0.425231 0.0606771 0.0726852 
0 0.739193 0.515972 0.0351562 0.0912037 
0 0.0511719 0.87037 0.0596354 0.109259 
0 0.807682 0.462731 0.0335938 0.0736111 
0 0.850651 0.393519 0.0294271 0.1 
0 0.613672 0.899306 0.0382813 0.0791667 
0 0.588932 0.587269 0.0424479 0.121759 
0 0.829036 0.283102 0.0398437 0.0615741 
0 0.740234 0.0930556 0.0403646 0.062963 
0 0.305859 0.591667 0.0335938 0.0805556 
0 0.661068 0.343519 0.0278646 0.0925926 
0 0.857422 0.947917 0.0476562 0.0893519 
0 0.628516 0.715278 0.0231771 0.0981481 
0 0.822786 0.0268519 0.0309896 0.05 
0 0.161979 0.436574 0.0442708 0.0814815 
0 0.115755 0.766898 0.0486979 0.0643518 
0 0.740625 0.330093 0.0635417 0.0555556 
0 0.607422 0.967824 0.0497396 0.0587963 
0 0.214193 0.774306 0.0320312 0.0837963 
0 0.522917 0.282176 0.04375 0.0449074 
0 0.948307 0.228241 0.0257812 0.0731481 
0 0.0264323 0.790741 0.0330729 0.0768519 
0 0.890625 0.191435 0.0494792 0.075463 
0 0.678255 0.6875 0.0341146 0.0675926 
0 0.58151 0.8 0.0536458 0.062037 
0 0.647005 0.961806 0.0476562 0.0726852 
0 0.369401 0.563426 0.0294271 0.0509259 
0 0.735807 0.17963 0.0497396 0.087037 
0 0.497786 0.575 0.0419271 0.0675926 
0 0.874089 0.464815 0.0273438 0.0564815 
0 0.92526 0.634722 0.0604167 0.0518519 
0 0.474089 0.777315 0.0283854 0.0925926 
0 0.867708 0.325463 0.0432292 0.0555556 
0 0.45651 0.446296 0.0375 0.0694444 
0 0.755339 0.410648 0.0257812 0.0935185 
0 0.181901 0.772222 0.0388021 0.0444444 
0 0.288411 0.704861 0.0502604 0.0773148 
0 0.86276 0.511343 0.0364583 0.0736111 
