0 0.79401 0.121296 0.034375 0.0972222 
0 0.958984 0.478704 0.0533854 0.0740741 
0 0.351562 0.305787 0.0572917 0.119907 
0 0.0532552 0.490972 0.0632813 0.0856481 
0 0.155859 0.595139 0.0419271 0.074537 
0 0.812891 0.433565 0.0424479 0.0541667 
0 0.302734 0.65625 0.0455729 0.0782407 
0 0.453125 0.936574 0.028125 0.0740741 
0 0.489193 0.430556 0.0335938 0.0861111 
0 0.18138 0.911343 0.0445312 0.0736111 
0 0.379167 0.437963 0.0296875 0.127778 
0 0.961849 0.839583 0.0497396 0.0671296 
0 0.892057 0.247917 0.0533854 0.0708333 
0 0.974609 0.0696759 0.0361979 0.113426 
0 0.641016 0.465046 0.0575521 0.0560185 
0 0.405729 0.432407 0.0302083 0.087037 
0 0.836979 0.244676 0.0515625 0.0587963 
0 0.757812 0.350463 0.0630208 0.0583333 
0 0.0175781 0.402778 0.0346354 0.0574074 
0 0.813542 0.631481 0.0380208 0.0555556 
0 0.397266 0.601157 0.0351562 0.0763889 
0 0.446484 0.567824 0.0554687 0.0569444 
0 0.157161 0.401852 0.0393229 0.0851852 
0 0.924219 0.521065 0.0354167 0.0986111 
0 0.600651 0.63125 0.0330729 0.075463 
0 0.536589 0.5125 0.0523437 0.0444444 
0 0.254687 0.43287 0.0630208 0.0768519 
0 0.621094 0.190278 0.0348958 0.062963 
0 0.485417 0.744676 0.034375 0.0865741 
0 0.726042 0.484722 0.0515625 0.0444444 
0 0.901302 0.0875 0.0296875 0.0777778 
0 0.11276 0.625926 0.0421875 0.0712963 
0 0.883724 0.965972 0.0476562 0.0597222 
0 0.0535156 0.583796 0.0434896 0.0805556 
0 0.583073 0.344444 0.0625 0.0592593 
0 0.141797 0.498843 0.0445312 0.0800926 
0 0.109245 0.488657 0.0408854 0.0625 
0 0.920443 0.721065 0.0606771 0.0634259 
0 0.38151 0.73912 0.03125 0.0884259 
0 0.86224 0.0412037 0.05 0.0444444 
0 0.731901 0.673843 0.0460938 0.0634259 
0 0.316406 0.497454 0.0401042 0.0541667 
0 0.773828 0.537731 0.0377604 0.113426 
