0 0.0647135 0.0569444 0.0367187 0.113889 
0 0.0748698 0.718287 0.0356771 0.0662037 
0 0.911719 0.506019 0.0338542 0.0703704 
0 0.354427 0.790741 0.0609375 0.0814815 
0 0.0690104 0.205787 0.0432292 0.0717593 
0 0.255339 0.686111 0.0424479 0.0703704 
0 0.598568 0.14213 0.0513021 0.0944444 
0 0.475781 0.325 0.0515625 0.0648148 
0 0.0542969 0.380556 0.0549479 0.0537037 
0 0.169661 0.228704 0.0320312 0.125926 
0 0.411719 0.513426 0.0427083 0.0805556 
0 0.541016 0.556481 0.0502604 0.0805556 
0 0.0347656 0.296065 0.0460938 0.0560185 
0 0.758724 0.665046 0.0440104 0.0949074 
0 0.788151 0.314815 0.0648438 0.0814815 
0 0.32474 0.236111 0.0421875 0.0944444 
0 0.298828 0.115972 0.0429688 0.0634259 
0 0.322005 0.361343 0.0351562 0.105093 
0 0.805599 0.520833 0.0361979 0.101852 
0 0.593229 0.870602 0.0375 0.0763889 
0 0.317187 0.217361 0.0348958 0.0930556 
0 0.667448 0.364352 0.05625 0.0638889 
0 0.844661 0.744676 0.0325521 0.0578704 
0 0.279557 0.375231 0.0398437 0.0717593 
0 0.758724 0.366204 0.0398437 0.0796296 
0 0.66901 0.178935 0.040625 0.0717593 
0 0.411198 0.427083 0.0588542 0.0773148 
0 0.361849 0.655324 0.0518229 0.0569444 
0 0.460026 0.81088 0.0372396 0.101389 
0 0.936979 0.718518 0.0421875 0.0740741 
0 0.157943 0.503472 0.0330729 0.074537 
0 0.527865 0.330093 0.0572917 0.0657407 
0 0.588411 0.692361 0.0476562 0.0800926 
0 0.36901 0.579861 0.0286458 0.105093 
0 0.718229 0.466898 0.0536458 0.0800926 
0 0.28099 0.459028 0.0442708 0.0467593 
0 0.810156 0.213426 0.0619792 0.0657407 
0 0.914583 0.815046 0.0411458 0.0819444 
0 0.0822917 0.482639 0.0734375 0.0856481 
0 0.954036 0.0365741 0.0388021 0.0703704 
