0 0.455078 0.487963 0.0653646 0.114815 
0 0.474609 0.674074 0.0471354 0.087963 
0 0.686068 0.75 0.0351562 0.106481 
0 0.632422 0.454861 0.0518229 0.0569444 
0 0.697266 0.575463 0.0377604 0.0953704 
0 0.253646 0.292361 0.0385417 0.0680556 
0 0.621615 0.264583 0.0796875 0.0662037 
0 0.192318 0.609491 0.0341146 0.0587963 
0 0.664583 0.347222 0.0333333 0.0574074 
0 0.561458 0.074537 0.0505208 0.0712963 
0 0.602083 0.840972 0.0427083 0.144907 
0 0.52487 0.631481 0.0372396 0.116667 
0 0.497135 0.284491 0.078125 0.0560185 
0 0.446484 0.100463 0.0289063 0.14537 
0 0.488542 0.093287 0.05 0.0439815 
0 0.69974 0.145139 0.0380208 0.0773148 
0 0.21888 0.186111 0.0361979 0.0546296 
0 0.385026 0.565509 0.0361979 0.0912037 
0 0.0955729 0.198148 0.025 0.0657407 
0 0.252995 0.878935 0.0361979 0.0689815 
0 0.346745 0.76088 0.0325521 0.0560185 
0 0.587891 0.398611 0.0575521 0.0472222 
0 0.348177 0.90625 0.0421875 0.0652778 
0 0.534635 0.723148 0.0453125 0.0851852 
0 0.367188 0.797685 0.0375 0.0527778 
0 0.0983073 0.365278 0.0304688 0.0583333 
0 0.290495 0.133102 0.0361979 0.0865741 
0 0.167969 0.882407 0.0244792 0.106481 
0 0.55612 0.971528 0.0252604 0.0550926 
0 0.568359 0.632176 0.0403646 0.161574 
0 0.141016 0.735648 0.0320312 0.0351852 
0 0.871484 0.534722 0.0710938 0.0657407 
0 0.39362 0.0905093 0.0726563 0.0773148 
0 0.169271 0.417361 0.0484375 0.0773148 
0 0.407682 0.63588 0.0414063 0.0486111 
0 0.236719 0.438194 0.0307292 0.0430556 
0 0.625391 0.909722 0.0372396 0.0546296 
0 0.541536 0.473148 0.0606771 0.0962963 
0 0.199089 0.519444 0.0367187 0.0592593 
0 0.663542 0.717361 0.053125 0.0513889 
0 0.139583 0.493981 0.0307292 0.0351852 
0 0.576693 0.82037 0.0367187 0.12037 
0 0.600521 0.962731 0.028125 0.074537 
0 0.229036 0.54213 0.0278646 0.0685185 
0 0.228776 0.335417 0.0466146 0.0458333 
0 0.0433594 0.188194 0.0268229 0.0837963 
0 0.285937 0.64537 0.0359375 0.0490741 
0 0.314193 0.911574 0.0205729 0.0814815 
0 0.277995 0.679167 0.0263021 0.0527778 
0 0.476562 0.567593 0.0619792 0.0796296 
0 0.141016 0.675694 0.0440104 0.0523148 
0 0.167318 0.761343 0.0257812 0.0791667 
0 0.322266 0.396065 0.0210938 0.0717593 
0 0.031901 0.296759 0.0486979 0.0638889 
0 0.308073 0.523148 0.0416667 0.0425926 
0 0.441406 0.592824 0.0401042 0.0726852 
0 0.21849 0.82338 0.0390625 0.0810185 
0 0.136589 0.0282407 0.0278646 0.0481481 
0 0.592708 0.0178241 0.0291667 0.0319444 
0 0.140755 0.373843 0.0335938 0.0337963 
0 0.0738281 0.131481 0.0325521 0.0731481 
0 0.314453 0.318056 0.0361979 0.0407407 
0 0.326432 0.565972 0.0221354 0.0736111 
0 0.338281 0.305787 0.0255208 0.0587963 
0 0.0561198 0.0493056 0.0481771 0.0587963 
0 0.694401 0.397222 0.0700521 0.0694444 
0 0.806641 0.370833 0.0278646 0.0472222 
0 0.315885 0.0914352 0.0421875 0.0634259 
0 0.328646 0.180787 0.0453125 0.0356481 
0 0.775 0.943519 0.025 0.0435185 
0 0.563932 0.893287 0.0289063 0.0689815 
0 0.512109 0.960185 0.0226563 0.0796296 
0 0.426042 0.289815 0.0328125 0.0527778 
0 0.389583 0.841204 0.025 0.0601852 
0 0.0723958 0.470139 0.0255208 0.0569444 
0 0.083724 0.298843 0.0476562 0.0337963 
0 0.418229 0.870602 0.0390625 0.0523148 
0 0.27487 0.019213 0.0580729 0.0375 
0 0.407292 0.203472 0.0442708 0.050463 
0 0.466797 0.376852 0.0726563 0.075 
0 0.283073 0.499537 0.0203125 0.0574074 
0 0.129167 0.920139 0.0375 0.0439815 
0 0.365755 0.307407 0.0205729 0.0962963 
0 0.015625 0.680556 0.03125 0.037037 
0 0.274609 0.823611 0.0273438 0.0722222 
