0 0.838411 0.231481 0.102865 0.140741 
0 0.592839 0.701389 0.0986979 0.075 
0 0.220313 0.855556 0.0635417 0.0472222 
0 0.679167 0.330093 0.103646 0.152778 
0 0.539062 0.240741 0.0427083 0.0759259 
0 0.454557 0.287963 0.0690104 0.128704 
0 0.599609 0.125463 0.0476562 0.0953704 
0 0.210286 0.0875 0.0815104 0.062963 
0 0.811458 0.932176 0.0380208 0.0967593 
0 0.75638 0.455556 0.0575521 0.0537037 
0 0.710417 0.423611 0.0890625 0.0657407 
0 0.717839 0.62662 0.0372396 0.075463 
0 0.101302 0.972222 0.0447917 0.0518519 
0 0.259766 0.601157 0.0497396 0.104167 
0 0.16888 0.940972 0.0747396 0.103241 
0 0.35013 0.688426 0.0440104 0.0407407 
0 0.820312 0.0643518 0.167187 0.125 
0 0.541536 0.0398148 0.0388021 0.0796296 
0 0.123958 0.0340278 0.0390625 0.0597222 
0 0.248177 0.199769 0.028125 0.0847222 
0 0.610807 0.84375 0.0861979 0.0643518 
0 0.458073 0.435648 0.0520833 0.0898148 
0 0.312109 0.621065 0.0809896 0.0486111 
0 0.475651 0.621759 0.0518229 0.0666667 
0 0.64362 0.525231 0.0367187 0.049537 
0 0.241667 0.387963 0.040625 0.0990741 
0 0.486068 0.15463 0.0377604 0.100926 
0 0.447917 0.963657 0.034375 0.0680556 
0 0.240234 0.0446759 0.0377604 0.0875 
0 0.555208 0.64375 0.0791667 0.0615741 
0 0.0209635 0.100694 0.0289063 0.0800926 
0 0.102865 0.209259 0.0390625 0.0833333 
0 0.175781 0.436111 0.0333333 0.0842593 
0 0.563932 0.526852 0.0382813 0.0777778 
0 0.0661458 0.959259 0.0260417 0.0462963 
0 0.0540365 0.412037 0.0367187 0.0398148 
0 0.254427 0.434028 0.0515625 0.0550926 
0 0.0626302 0.822917 0.0450521 0.0606481 
0 0.303255 0.514583 0.0476562 0.0578704 
0 0.389583 0.685185 0.0473958 0.105556 
0 0.566927 0.983102 0.0828125 0.0337963 
0 0.308203 0.178704 0.0356771 0.087963 
0 0.0404948 0.0266204 0.0622396 0.0532407 
0 0.555208 0.819444 0.0359375 0.0685185 
0 0.430599 0.0618056 0.0351562 0.1125 
0 0.648438 0.15162 0.0338542 0.0578704 
0 0.111849 0.856481 0.0585938 0.0648148 
0 0.555599 0.372454 0.0356771 0.0800926 
0 0.508854 0.763426 0.0442708 0.213889 
0 0.287109 0.855556 0.0346354 0.0953704 
0 0.208854 0.16875 0.0572917 0.0569444 
0 0.534245 0.319907 0.0507812 0.0685185 
