0 0.545964 0.840741 0.0705729 0.15463 
0 0.764063 0.4 0.059375 0.0953704 
0 0.163802 0.815509 0.05625 0.120833 
0 0.48138 0.820602 0.0372396 0.118056 
0 0.621094 0.224537 0.0973958 0.101852 
0 0.382161 0.948611 0.0554687 0.0944444 
0 0.71875 0.824537 0.0375 0.0481481 
0 0.529297 0.48125 0.0335938 0.049537 
0 0.464583 0.615509 0.05625 0.0625 
0 0.190755 0.897685 0.0377604 0.0814815 
0 0.479036 0.544676 0.0778646 0.139352 
0 0.33112 0.601157 0.0377604 0.121759 
0 0.106901 0.518519 0.0643229 0.0527778 
0 0.322526 0.794676 0.0617188 0.0810185 
0 0.379948 0.0708333 0.0359375 0.0703704 
0 0.439193 0.0530093 0.0674479 0.0717593 
0 0.53763 0.0928241 0.0789063 0.0532407 
0 0.622526 0.878935 0.0882813 0.110648 
0 0.47513 0.261111 0.0653646 0.110185 
0 0.520573 0.768519 0.0338542 0.087037 
0 0.204036 0.479167 0.0747396 0.062037 
0 0.756901 0.709722 0.0304688 0.0824074 
0 0.714323 0.193981 0.0588542 0.106481 
0 0.156641 0.182407 0.0664062 0.0666667 
0 0.17487 0.100463 0.0455729 0.0638889 
0 0.503385 0.952315 0.0635417 0.0824074 
0 0.217839 0.043287 0.0585938 0.0550926 
0 0.102734 0.944444 0.0424479 0.0425926 
0 0.0270833 0.452315 0.0307292 0.123148 
0 0.395052 0.400926 0.034375 0.125 
0 0.0782552 0.0358796 0.0294271 0.0699074 
0 0.0514323 0.513889 0.0393229 0.087963 
0 0.761719 0.149769 0.046875 0.0671296 
0 0.254427 0.81088 0.059375 0.0689815 
0 0.270312 0.71713 0.0375 0.0842593 
0 0.178516 0.354398 0.0481771 0.120833 
0 0.273177 0.634028 0.0369792 0.0875 
0 0.0292969 0.655556 0.0289063 0.0972222 
0 0.241797 0.222917 0.0434896 0.0967593 
0 0.34349 0.140046 0.0270833 0.075463 
0 0.134375 0.454398 0.046875 0.111574 
0 0.148438 0.971296 0.0369792 0.0518519 
0 0.476953 0.674306 0.0356771 0.0967593 
0 0.173828 0.63125 0.0664062 0.0828704 
0 0.179427 0.590278 0.040625 0.0842593 
0 0.1875 0.271759 0.0276042 0.0527778 
0 0.0829427 0.709259 0.0408854 0.075 
0 0.11901 0.67963 0.0463542 0.0611111 
0 0.399479 0.320833 0.0416667 0.0712963 
