0 0.603516 0.711806 0.0544271 0.0782407 
0 0.661198 0.41875 0.0291667 0.0513889 
0 0.6875 0.878935 0.0328125 0.0634259 
0 0.588932 0.530324 0.0664062 0.115278 
0 0.327344 0.874074 0.0375 0.0666667 
0 0.634245 0.818981 0.0757812 0.127778 
0 0.743229 0.397685 0.0348958 0.123148 
0 0.504427 0.0263889 0.0296875 0.0490741 
0 0.408984 0.589815 0.0382813 0.0944444 
0 0.537109 0.534722 0.0440104 0.05 
0 0.645573 0.180324 0.0421875 0.115278 
0 0.255339 0.696296 0.0471354 0.0638889 
0 0.398438 0.945139 0.0682292 0.0587963 
0 0.777865 0.792593 0.0651042 0.1 
0 0.58737 0.795833 0.0502604 0.062963 
0 0.449479 0.858565 0.0473958 0.0560185 
0 0.523828 0.287037 0.0309896 0.0842593 
0 0.563411 0.294444 0.0367187 0.125926 
0 0.372396 0.790741 0.0354167 0.0537037 
0 0.397526 0.666667 0.0528646 0.0407407 
0 0.444792 0.509491 0.0536458 0.0791667 
0 0.296094 0.125694 0.0348958 0.075463 
0 0.0450521 0.724074 0.0354167 0.0814815 
0 0.372786 0.858565 0.0408854 0.0513889 
0 0.477995 0.17037 0.0414063 0.062963 
0 0.293099 0.392361 0.0268229 0.0791667 
0 0.416536 0.0541667 0.0242187 0.0462963 
0 0.257292 0.598611 0.0473958 0.0518519 
0 0.601562 0.336111 0.0416667 0.0768519 
0 0.370573 0.420602 0.0427083 0.0560185 
0 0.178646 0.825 0.05 0.0574074 
0 0.472135 0.355556 0.0692708 0.0759259 
0 0.363802 0.503472 0.0526042 0.0430556 
0 0.447005 0.043287 0.0377604 0.0708333 
0 0.664062 0.975926 0.0588542 0.0481481 
0 0.400911 0.489583 0.0294271 0.0412037 
0 0.426302 0.217593 0.0432292 0.0796296 
0 0.784245 0.17338 0.0294271 0.0967593 
0 0.140104 0.73912 0.0557292 0.0939815 
0 0.0566406 0.0282407 0.0476562 0.0564815 
0 0.0385417 0.0923611 0.0505208 0.0606481 
0 0.633203 0.583333 0.0841146 0.0685185 
0 0.517057 0.878472 0.0320312 0.115278 
0 0.602083 0.031713 0.0395833 0.0625 
0 0.48125 0.597685 0.0421875 0.075 
0 0.351562 0.965278 0.0572917 0.0657407 
0 0.351302 0.130324 0.0515625 0.0736111 
0 0.467057 0.419213 0.0247396 0.0810185 
0 0.245182 0.118056 0.0346354 0.0712963 
