0 0.311458 0.233565 0.0739583 0.108796 
0 0.890104 0.177083 0.0598958 0.14213 
0 0.772917 0.055787 0.0723958 0.101389 
0 0.619141 0.473843 0.0424479 0.100463 
0 0.3625 0.106481 0.0625 0.0833333 
0 0.0497396 0.399537 0.0354167 0.151852 
0 0.93112 0.38125 0.0429688 0.105093 
0 0.425521 0.415046 0.0473958 0.126389 
0 0.766016 0.222685 0.0809896 0.103704 
0 0.536068 0.642824 0.0674479 0.099537 
0 0.690495 0.462269 0.0554687 0.105093 
0 0.333073 0.749537 0.0671875 0.112037 
0 0.945312 0.294213 0.0390625 0.0865741 
0 0.708464 0.0768519 0.0570313 0.131481 
0 0.133464 0.21088 0.0382813 0.0689815 
0 0.464453 0.688426 0.0460938 0.0944444 
0 0.864844 0.625463 0.0567708 0.0833333 
0 0.0834635 0.59213 0.0611979 0.101852 
0 0.171224 0.410185 0.0440104 0.0842593 
0 0.263672 0.12037 0.0330729 0.0675926 
0 0.221094 0.677083 0.0489583 0.0949074 
0 0.0546875 0.977083 0.0578125 0.0458333 
0 0.308594 0.613194 0.053125 0.120833 
0 0.98138 0.187037 0.0351562 0.0935185 
0 0.489193 0.192361 0.0523437 0.0662037 
0 0.0807292 0.497454 0.0625 0.0615741 
0 0.685547 0.271528 0.0361979 0.0986111 
0 0.114714 0.63287 0.0544271 0.0768519 
0 0.529297 0.142361 0.0356771 0.0763889 
0 0.682161 0.346065 0.0601562 0.0736111 
0 0.138281 0.516898 0.0520833 0.116204 
0 0.789453 0.797222 0.0658854 0.0657407 
0 0.661068 0.19213 0.0398437 0.103704 
0 0.234635 0.578241 0.0390625 0.0694444 
0 0.846224 0.119444 0.0210938 0.0648148 
0 0.376172 0.743981 0.0372396 0.0990741 
0 0.0923177 0.711343 0.0455729 0.0763889 
0 0.395573 0.674074 0.0348958 0.109259 
