0 0.95651 0.408102 0.0598958 0.105093 
0 0.902734 0.400463 0.0382813 0.0935185 
0 0.650391 0.560185 0.0320312 0.0685185 
0 0.139062 0.434028 0.0395833 0.0967593 
0 0.410807 0.121759 0.0893229 0.0564815 
0 0.479297 0.0988426 0.0523437 0.0615741 
0 0.114583 0.375 0.0442708 0.0935185 
0 0.261719 0.869907 0.05 0.0722222 
0 0.284245 0.184028 0.0325521 0.105093 
0 0.578516 0.404398 0.0419271 0.0597222 
0 0.5625 0.296296 0.0328125 0.0944444 
0 0.713281 0.224306 0.0291667 0.115278 
0 0.117708 0.0337963 0.0317708 0.0601852 
0 0.860937 0.0335648 0.0395833 0.0671296 
0 0.835938 0.128241 0.0494792 0.0546296 
0 0.147917 0.537731 0.0395833 0.0736111 
0 0.978516 0.338194 0.0388021 0.115278 
0 0.742708 0.61412 0.0369792 0.106019 
0 0.686458 0.341898 0.0447917 0.0597222 
0 0.191536 0.0469907 0.0497396 0.0837963 
0 0.511198 0.175926 0.0609375 0.0657407 
0 0.369141 0.659491 0.0361979 0.102315 
0 0.93112 0.678704 0.0304688 0.0796296 
0 0.651823 0.187269 0.0666667 0.0810185 
0 0.774349 0.546065 0.0533854 0.074537 
0 0.666536 0.0912037 0.0273438 0.112963 
0 0.043099 0.270602 0.0325521 0.109722 
0 0.423828 0.438426 0.0492188 0.087037 
0 0.721224 0.473148 0.0486979 0.0601852 
0 0.521875 0.0743056 0.0510417 0.0615741 
0 0.828125 0.344907 0.0208333 0.0601852 
0 0.792969 0.960185 0.0364583 0.0731481 
0 0.182161 0.418981 0.0377604 0.116667 
0 0.904297 0.797917 0.0372396 0.0967593 
0 0.415755 0.322917 0.0492188 0.0634259 
0 0.861328 0.880556 0.0247396 0.0944444 
0 0.107813 0.474769 0.04375 0.0550926 
0 0.126432 0.18125 0.0341146 0.130093 
0 0.225911 0.768287 0.0341146 0.0939815 
0 0.261979 0.487037 0.0630208 0.111111 
0 0.527865 0.381481 0.040625 0.0490741 
0 0.0338542 0.104167 0.0322917 0.100926 
0 0.205599 0.62338 0.0429688 0.0421296 
0 0.48737 0.478241 0.0528646 0.0546296 
0 0.149479 0.595139 0.0333333 0.0476852 
0 0.967318 0.0361111 0.0533854 0.0694444 
0 0.941016 0.227315 0.0539063 0.0935185 
0 0.722135 0.3 0.0385417 0.087963 
0 0.0447917 0.642361 0.040625 0.0513889 
0 0.431901 0.259028 0.0460938 0.0976852 
0 0.257031 0.587731 0.0244792 0.0625 
0 0.776302 0.689815 0.0395833 0.0805556 
0 0.257812 0.199769 0.0317708 0.101389 
0 0.602083 0.225694 0.0276042 0.0680556 
0 0.634245 0.106481 0.0372396 0.119444 
0 0.644531 0.36713 0.0239583 0.0777778 
0 0.429427 0.16875 0.0510417 0.0560185 
0 0.501042 0.35463 0.046875 0.0888889 
0 0.0622396 0.336806 0.0661458 0.105093 
0 0.064974 0.507407 0.0257812 0.0666667 
0 0.675781 0.48125 0.0338542 0.0689815 
0 0.351562 0.96713 0.05625 0.0657407 
0 0.819401 0.651852 0.0528646 0.0953704 
0 0.916016 0.149306 0.0393229 0.14213 
0 0.163021 0.578241 0.0364583 0.0648148 
0 0.203646 0.866898 0.0395833 0.0689815 
