0 0.971745 0.406019 0.0393229 0.0925926 
0 0.682552 0.153009 0.0598958 0.140278 
0 0.28125 0.400926 0.04375 0.0935185 
0 0.924349 0.241435 0.0325521 0.0717593 
0 0.644531 0.770833 0.0390625 0.0777778 
0 0.982161 0.0921296 0.0356771 0.0861111 
0 0.875911 0.75 0.0544271 0.0611111 
0 0.846094 0.340509 0.0317708 0.130093 
0 0.0886719 0.374537 0.0544271 0.0490741 
0 0.14362 0.437963 0.0341146 0.109259 
0 0.392057 0.36713 0.0481771 0.0712963 
0 0.76862 0.384028 0.0565104 0.0643518 
0 0.510286 0.759028 0.0309896 0.075463 
0 0.367969 0.291435 0.0416667 0.0893519 
0 0.585547 0.759028 0.0377604 0.0763889 
0 0.89362 0.0460648 0.0466146 0.0643518 
0 0.34349 0.384259 0.034375 0.0518519 
0 0.566927 0.67963 0.0390625 0.0694444 
0 0.245443 0.43912 0.0393229 0.0763889 
0 0.898828 0.62963 0.0539063 0.0694444 
0 0.46862 0.789815 0.0507812 0.101852 
0 0.928125 0.0398148 0.0515625 0.0703704 
0 0.389453 0.476157 0.0450521 0.0587963 
0 0.715234 0.371065 0.0335938 0.0958333 
0 0.60638 0.563426 0.0492188 0.062037 
0 0.714323 0.663426 0.0333333 0.0694444 
0 0.598568 0.389352 0.0367187 0.0648148 
0 0.958464 0.596065 0.0460938 0.0939815 
0 0.786589 0.0574074 0.0518229 0.0675926 
0 0.0851562 0.641435 0.0489583 0.0680556 
0 0.832031 0.153241 0.08125 0.0990741 
0 0.278906 0.62963 0.0510417 0.0842593 
0 0.727995 0.193519 0.0497396 0.0814815 
0 0.431901 0.384954 0.0502604 0.0560185 
0 0.324089 0.802083 0.0596354 0.0578704 
0 0.745182 0.767361 0.0257812 0.108796 
0 0.844271 0.458333 0.0588542 0.0851852 
0 0.25 0.303241 0.0395833 0.0546296 
0 0.176823 0.768287 0.0427083 0.0791667 
0 0.750391 0.450463 0.0507812 0.0537037 
0 0.56888 0.423148 0.0299479 0.0638889 
0 0.682682 0.337963 0.0471354 0.0787037 
0 0.66849 0.961111 0.0479167 0.0481481 
0 0.103125 0.586343 0.0416667 0.0430556 
0 0.638672 0.102778 0.0346354 0.0722222 
0 0.914062 0.836343 0.0364583 0.0662037 
0 0.33138 0.900231 0.0335938 0.050463 
0 0.775 0.517824 0.0661458 0.0458333 
0 0.967708 0.67963 0.0359375 0.0666667 
0 0.64349 0.630093 0.0604167 0.062037 
0 0.408464 0.608565 0.0398437 0.075463 
0 0.902865 0.274537 0.0390625 0.109259 
0 0.692448 0.232639 0.04375 0.0569444 
0 0.676693 0.45625 0.0460938 0.0634259 
0 0.922917 0.397685 0.0390625 0.0703704 
0 0.796875 0.41088 0.0359375 0.0699074 
0 0.0996094 0.491435 0.0429688 0.103241 
0 0.536719 0.421065 0.0385417 0.0800926 
0 0.57513 0.286806 0.0377604 0.0810185 
