0 0.376302 0.683565 0.04375 0.131944 
0 0.251042 0.853704 0.046875 0.0759259 
0 0.542057 0.884722 0.0658854 0.0694444 
0 0.628385 0.435648 0.0432292 0.121296 
0 0.691927 0.486111 0.0411458 0.0685185 
0 0.703646 0.372222 0.0338542 0.0722222 
0 0.489062 0.727083 0.05 0.0699074 
0 0.566927 0.551157 0.0583333 0.0532407 
0 0.749089 0.485185 0.0398437 0.0805556 
0 0.811979 0.477778 0.0489583 0.153704 
0 0.109766 0.802546 0.0664062 0.0615741 
0 0.89987 0.51875 0.0434896 0.0634259 
0 0.894531 0.856944 0.0364583 0.0564815 
0 0.944792 0.714352 0.0442708 0.0833333 
0 0.933073 0.641435 0.0276042 0.0976852 
