0 0.702214 0.40625 0.0325521 0.118056 
0 0.699219 0.880324 0.0427083 0.114352 
0 0.722656 0.93588 0.0401042 0.128241 
0 0.703646 0.567593 0.0651042 0.0777778 
0 0.0817708 0.0467593 0.0260417 0.0657407 
0 0.772396 0.474306 0.0265625 0.0717593 
0 0.53125 0.363889 0.053125 0.101852 
0 0.816406 0.150694 0.0713542 0.0680556 
0 0.322656 0.567824 0.053125 0.0865741 
0 0.851042 0.549769 0.0447917 0.0523148 
0 0.822266 0.391898 0.0367187 0.0958333 
0 0.357422 0.927083 0.0341146 0.100463 
0 0.476823 0.186806 0.0338542 0.0671296 
0 0.219531 0.903704 0.0375 0.0759259 
0 0.244922 0.379167 0.0268229 0.117593 
0 0.48151 0.328704 0.0625 0.0694444 
0 0.288542 0.0972222 0.0526042 0.0490741 
0 0.546354 0.946991 0.0494792 0.0662037 
0 0.801823 0.928009 0.0520833 0.0569444 
0 0.430729 0.504861 0.0317708 0.0486111 
0 0.246094 0.0319444 0.0484375 0.062963 
0 0.656641 0.247917 0.0393229 0.11713 
0 0.0494792 0.223843 0.0380208 0.0486111 
0 0.397917 0.924537 0.0546875 0.0537037 
0 0.546875 0.765278 0.0322917 0.0907407 
0 0.250521 0.62963 0.0395833 0.0768519 
0 0.723698 0.151852 0.025 0.0444444 
0 0.207292 0.0456019 0.0604167 0.0689815 
0 0.116146 0.0625 0.03125 0.0564815 
0 0.651302 0.965278 0.0473958 0.0648148 
0 0.307161 0.37338 0.0361979 0.0773148 
0 0.335417 0.682639 0.0411458 0.0708333 
0 0.226953 0.730787 0.0481771 0.0939815 
0 0.45651 0.775926 0.0286458 0.0638889 
0 0.416797 0.965278 0.0372396 0.0675926 
0 0.804167 0.281713 0.059375 0.0513889 
0 0.428776 0.571991 0.0497396 0.0606481 
0 0.788151 0.0421296 0.0455729 0.0777778 
0 0.33724 0.11088 0.0572917 0.0680556 
0 0.651432 0.452546 0.0414063 0.1625 
0 0.528255 0.660648 0.0492188 0.0666667 
0 0.529297 0.081713 0.0585938 0.0587963 
0 0.902344 0.119444 0.0515625 0.103704 
0 0.096224 0.817824 0.0507812 0.0412037 
0 0.547917 0.0900463 0.0364583 0.0569444 
0 0.0972656 0.766898 0.0403646 0.0384259 
0 0.167839 0.650694 0.0429688 0.074537 
0 0.117578 0.583333 0.0393229 0.0703704 
