0 0.671354 0.872222 0.0354167 0.0712963 
0 0.429688 0.817593 0.0651042 0.128704 
0 0.51263 0.464815 0.0622396 0.112963 
0 0.275911 0.946991 0.0393229 0.105093 
0 0.356901 0.628472 0.0481771 0.100463 
0 0.316406 0.786574 0.05 0.0694444 
0 0.0604167 0.809491 0.0333333 0.074537 
0 0.25638 0.386574 0.0523437 0.087963 
0 0.117318 0.316667 0.0471354 0.112963 
0 0.791536 0.85162 0.0304688 0.0819444 
0 0.121094 0.856019 0.0369792 0.0768519 
0 0.249089 0.878935 0.0341146 0.0717593 
0 0.925781 0.904398 0.034375 0.106019 
0 0.730469 0.858333 0.0645833 0.0703704 
0 0.173568 0.58588 0.0299479 0.101389 
0 0.977474 0.768981 0.0388021 0.118519 
0 0.428776 0.930556 0.0549479 0.0981481 
0 0.448047 0.514815 0.0471354 0.0990741 
0 0.633854 0.435185 0.0307292 0.0722222 
0 0.698307 0.797685 0.0460938 0.0851852 
0 0.772526 0.402315 0.0580729 0.0592593 
0 0.118359 0.546991 0.0466146 0.0847222 
