0 0.497135 0.589815 0.0291667 0.0472222 
0 0.716406 0.340046 0.0744792 0.0699074 
0 0.278646 0.934028 0.0359375 0.050463 
0 0.536589 0.924537 0.0450521 0.101852 
0 0.369661 0.319676 0.0471354 0.0449074 
0 0.464323 0.632407 0.04375 0.0564815 
0 0.26875 0.81875 0.0354167 0.0763889 
0 0.068099 0.875463 0.0398437 0.037037 
0 0.61276 0.0821759 0.0375 0.129167 
0 0.661719 0.26875 0.0848958 0.124537 
0 0.567839 0.31713 0.0393229 0.112037 
0 0.364974 0.0259259 0.0398437 0.0518519 
0 0.575651 0.5625 0.0617188 0.0666667 
0 0.566406 0.121528 0.0651042 0.0597222 
0 0.166016 0.629861 0.0513021 0.0615741 
0 0.980859 0.218981 0.0361979 0.0694444 
0 0.358594 0.537731 0.0541667 0.0708333 
0 0.142057 0.375694 0.0585938 0.0736111 
0 0.805729 0.40787 0.0864583 0.0703704 
0 0.671354 0.800694 0.075 0.113426 
0 0.70599 0.144676 0.0703125 0.0893519 
0 0.502995 0.963426 0.0341146 0.0537037 
0 0.413802 0.708796 0.0375 0.0731481 
0 0.590365 0.876852 0.034375 0.0592593 
0 0.438802 0.437037 0.0354167 0.0453704 
0 0.389323 0.39537 0.0338542 0.0925926 
0 0.122266 0.124074 0.0330729 0.062963 
0 0.149479 0.78125 0.0182292 0.0717593 
0 0.236198 0.55787 0.034375 0.0703704 
0 0.215365 0.84537 0.0307292 0.0731481 
0 0.316016 0.815972 0.0361979 0.106019 
0 0.176693 0.544213 0.0294271 0.049537 
0 0.242318 0.245833 0.0466146 0.0351852 
0 0.571224 0.936806 0.0497396 0.0726852 
0 0.355469 0.0791667 0.0276042 0.062037 
0 0.309766 0.138657 0.0351562 0.075463 
0 0.644922 0.874074 0.0669271 0.118519 
0 0.281641 0.848148 0.0335938 0.0675926 
0 0.746094 0.927083 0.0447917 0.0560185 
