0 0.0196615 0.780787 0.0335938 0.0902778 
0 0.910156 0.601157 0.05625 0.0763889 
0 0.849219 0.248843 0.040625 0.11713 
0 0.0938802 0.51875 0.0377604 0.0819444 
0 0.258984 0.265046 0.0341146 0.159722 
0 0.50625 0.793981 0.05625 0.075 
0 0.470703 0.596759 0.0638021 0.0787037 
0 0.308854 0.570139 0.0609375 0.0837963 
0 0.376302 0.715509 0.0317708 0.0865741 
0 0.904818 0.294676 0.0315104 0.125463 
0 0.813932 0.509491 0.0388021 0.126389 
0 0.158984 0.524769 0.0440104 0.11713 
0 0.335938 0.728472 0.0375 0.0856481 
0 0.907161 0.669907 0.0388021 0.111111 
0 0.457031 0.735648 0.0322917 0.115741 
0 0.905729 0.460417 0.05 0.0680556 
0 0.95651 0.802546 0.0354167 0.0708333 
0 0.784635 0.418519 0.0354167 0.0527778 
0 0.527344 0.924306 0.0401042 0.0550926 
0 0.18776 0.308796 0.0458333 0.0638889 
0 0.410156 0.940278 0.0432292 0.0657407 
0 0.534635 0.391667 0.0583333 0.0648148 
0 0.911719 0.762963 0.0296875 0.0953704 
0 0.126823 0.419676 0.0578125 0.0680556 
0 0.528385 0.588657 0.0447917 0.0634259 
0 0.983724 0.902778 0.0325521 0.05 
0 0.959505 0.382407 0.0539063 0.0564815 
0 0.957552 0.719676 0.0390625 0.0717593 
0 0.0208333 0.481481 0.0359375 0.100926 
0 0.498828 0.481481 0.0408854 0.087963 
0 0.734766 0.702315 0.0388021 0.0611111 
0 0.564974 0.592361 0.0257812 0.1125 
0 0.291536 0.459722 0.0393229 0.0722222 
0 0.0622396 0.870139 0.0390625 0.103241 
0 0.180599 0.227315 0.0309896 0.05 
0 0.708464 0.975694 0.0429688 0.0486111 
0 0.213151 0.654167 0.0361979 0.0601852 
0 0.43737 0.2625 0.0554687 0.0648148 
0 0.795833 0.786111 0.0375 0.0555556 
0 0.148047 0.908796 0.0440104 0.0787037 
