0 0.130729 0.74537 0.0416667 0.1 
0 0.536719 0.535648 0.0458333 0.0916667 
0 0.296615 0.512269 0.0307292 0.1125 
0 0.242839 0.556944 0.0497396 0.119444 
0 0.41849 0.441435 0.0328125 0.0902778 
0 0.47487 0.603704 0.0554687 0.103704 
0 0.914583 0.774769 0.0421875 0.0662037 
0 0.48724 0.696065 0.0364583 0.0856481 
0 0.620182 0.909722 0.0382813 0.0740741 
0 0.401172 0.755093 0.0455729 0.0611111 
0 0.444792 0.550463 0.0432292 0.0777778 
0 0.828125 0.422917 0.0348958 0.0569444 
0 0.332031 0.63287 0.0338542 0.0703704 
0 0.683594 0.587731 0.0302083 0.106019 
0 0.651302 0.57338 0.0432292 0.0671296 
0 0.66263 0.454167 0.0268229 0.0842593 
0 0.432943 0.250694 0.0424479 0.156019 
0 0.667969 0.379398 0.0578125 0.0587963 
0 0.428255 0.957407 0.0466146 0.0824074 
0 0.0192708 0.37338 0.0354167 0.0652778 
0 0.326172 0.291435 0.0559896 0.0773148 
0 0.59375 0.585648 0.0520833 0.0685185 
0 0.471875 0.258565 0.0375 0.0439815 
0 0.0135417 0.515509 0.0255208 0.100463 
0 0.335026 0.194213 0.0372396 0.0736111 
0 0.0897135 0.932176 0.0523437 0.0726852 
0 0.117057 0.481481 0.0361979 0.0555556 
0 0.97513 0.704861 0.0351562 0.0782407 
0 0.230469 0.494444 0.034375 0.0861111 
0 0.801823 0.97037 0.0338542 0.0555556 
0 0.273177 0.402083 0.0625 0.0671296 
0 0.661198 0.977083 0.0395833 0.0458333 
0 0.069401 0.502083 0.0377604 0.0578704 
0 0.607422 0.784722 0.0492188 0.0703704 
0 0.973568 0.912269 0.0460938 0.0699074 
0 0.160026 0.838426 0.0388021 0.0842593 
0 0.567969 0.727083 0.0302083 0.0976852 
