0 0.504818 0.203009 0.0549479 0.0986111 
0 0.899349 0.295833 0.0518229 0.0685185 
0 0.29349 0.289352 0.0265625 0.0666667 
0 0.611328 0.291204 0.0335938 0.0601852 
0 0.412891 0.161343 0.0627604 0.0550926 
0 0.669922 0.46088 0.0398437 0.0541667 
0 0.963411 0.45625 0.0325521 0.0791667 
0 0.777344 0.147454 0.0239583 0.0800926 
0 0.963411 0.299074 0.0382813 0.124074 
0 0.938411 0.050463 0.0559896 0.0537037 
0 0.0270833 0.452546 0.0541667 0.050463 
0 0.790495 0.587963 0.0497396 0.0759259 
0 0.471224 0.712731 0.0544271 0.0912037 
0 0.653385 0.324306 0.0239583 0.1125 
0 0.946354 0.551157 0.0432292 0.0615741 
0 0.728906 0.318519 0.0380208 0.0592593 
0 0.238802 0.32662 0.0276042 0.108796 
0 0.585938 0.117593 0.040625 0.0583333 
0 0.63724 0.660185 0.034375 0.125926 
0 0.769531 0.329398 0.0427083 0.0513889 
0 0.688932 0.358565 0.0367187 0.0523148 
0 0.70612 0.282176 0.0393229 0.0569444 
0 0.335938 0.569444 0.0401042 0.0768519 
0 0.445833 0.56088 0.0385417 0.0615741 
0 0.832031 0.0354167 0.0296875 0.0662037 
0 0.580599 0.206019 0.0377604 0.0453704 
0 0.541536 0.540972 0.0388021 0.0550926 
0 0.878385 0.113194 0.071875 0.10787 
0 0.169531 0.522685 0.0421875 0.062037 
0 0.100781 0.516898 0.0401042 0.0680556 
0 0.634766 0.458333 0.0351562 0.0777778 
0 0.102865 0.582176 0.0416667 0.0708333 
0 0.441927 0.815509 0.0255208 0.0550926 
0 0.695833 0.612037 0.0348958 0.062037 
0 0.713932 0.524306 0.0367187 0.0578704 
0 0.714844 0.429861 0.0328125 0.101389 
0 0.568359 0.362731 0.0304688 0.0689815 
0 0.258073 0.0909722 0.0375 0.0578704 
0 0.978906 0.352315 0.03125 0.0648148 
0 0.432682 0.406019 0.0268229 0.0740741 
