0 0.694401 0.500926 0.0445312 0.0925926 
0 0.653776 0.676157 0.0335938 0.160648 
0 0.503906 0.187963 0.0411458 0.0796296 
0 0.511198 0.0918982 0.0432292 0.0819444 
0 0.630859 0.228704 0.0335938 0.224074 
0 0.145833 0.495602 0.0609375 0.0847222 
0 0.372266 0.66412 0.0690104 0.0652778 
0 0.568359 0.318519 0.0601562 0.0712963 
0 0.140365 0.340509 0.0286458 0.0902778 
0 0.561979 0.894907 0.103646 0.0759259 
0 0.39401 0.5 0.0786458 0.106481 
0 0.592188 0.212037 0.05 0.101852 
0 0.31875 0.580787 0.0401042 0.0689815 
0 0.192448 0.150926 0.040625 0.107407 
0 0.208984 0.529167 0.0419271 0.0555556 
0 0.283464 0.324074 0.0757812 0.0592593 
0 0.553776 0.668056 0.0372396 0.168519 
0 0.306641 0.493981 0.0283854 0.0731481 
0 0.353125 0.419676 0.0317708 0.119907 
0 0.783594 0.428935 0.0286458 0.0578704 
0 0.461979 0.0699074 0.0739583 0.138889 
0 0.508333 0.58125 0.0453125 0.0523148 
0 0.78125 0.0446759 0.0875 0.0875 
0 0.35638 0.601157 0.0507812 0.0486111 
0 0.273958 0.712963 0.034375 0.0546296 
0 0.396484 0.290046 0.0367187 0.11713 
0 0.456771 0.215741 0.0375 0.0953704 
0 0.723177 0.559028 0.0286458 0.0662037 
0 0.314974 0.251852 0.0377604 0.108333 
0 0.10638 0.318519 0.0440104 0.0648148 
0 0.525391 0.298843 0.0309896 0.130093 
0 0.376953 0.0502315 0.0361979 0.100463 
0 0.621094 0.793056 0.04375 0.161111 
0 0.685026 0.924537 0.0356771 0.05 
0 0.170703 0.775 0.0393229 0.113889 
0 0.156771 0.566435 0.0786458 0.0625 
0 0.348568 0.152778 0.0643229 0.0953704 
0 0.488802 0.820139 0.0552083 0.103241 
0 0.400911 0.90787 0.0565104 0.112963 
0 0.108724 0.611574 0.0460938 0.0546296 
0 0.458203 0.508565 0.0591146 0.130093 
0 0.50638 0.682407 0.0554687 0.0555556 
0 0.378906 0.413426 0.0458333 0.110185 
0 0.551302 0.417593 0.0473958 0.0509259 
0 0.0876302 0.687037 0.0700521 0.0648148 
0 0.279427 0.422685 0.0567708 0.0638889 
0 0.638672 0.421296 0.0591146 0.150926 
0 0.661589 0.506481 0.0466146 0.0453704 
0 0.120052 0.426389 0.0354167 0.062037 
0 0.790495 0.31713 0.0408854 0.0611111 
0 0.0890625 0.389583 0.0359375 0.0791667 
0 0.316667 0.96088 0.0385417 0.0726852 
0 0.841797 0.458796 0.0263021 0.0361111 
0 0.592318 0.48912 0.0283854 0.0532407 
0 0.0128906 0.236343 0.0257812 0.0384259 
0 0.477083 0.3875 0.0317708 0.0712963 
0 0.192578 0.0476852 0.0460938 0.0425926 
