0 0.56888 0.0905093 0.0471354 0.099537 
0 0.588932 0.0393519 0.0903646 0.0777778 
0 0.627474 0.203935 0.0492188 0.0902778 
0 0.664062 0.161574 0.0505208 0.139815 
0 0.284245 0.261111 0.0476562 0.0805556 
0 0.391016 0.118287 0.0507812 0.115278 
0 0.70651 0.26875 0.0427083 0.0458333 
0 0.173177 0.276852 0.0541667 0.087037 
0 0.247005 0.106713 0.0606771 0.074537 
0 0.466406 0.133565 0.0296875 0.100463 
0 0.439974 0.687037 0.0414063 0.0861111 
0 0.472135 0.307407 0.034375 0.0648148 
0 0.573177 0.383796 0.0479167 0.0796296 
0 0.438932 0.515972 0.0294271 0.119907 
0 0.48724 0.40625 0.046875 0.0680556 
0 0.73138 0.372222 0.0471354 0.0666667 
0 0.195573 0.175926 0.034375 0.107407 
0 0.414583 0.449537 0.0473958 0.0666667 
0 0.701172 0.465278 0.0304688 0.0675926 
0 0.110417 0.878472 0.0546875 0.0763889 
0 0.450651 0.387269 0.0289063 0.0800926 
0 0.913542 0.155556 0.0432292 0.0759259 
0 0.70651 0.206713 0.0229167 0.0800926 
0 0.555599 0.33287 0.0497396 0.0768519 
0 0.48138 0.0520833 0.0554687 0.0736111 
0 0.820833 0.250926 0.0677083 0.0916667 
0 0.180469 0.882407 0.040625 0.0777778 
0 0.740755 0.216898 0.0252604 0.0884259 
0 0.0882813 0.286574 0.0463542 0.062963 
0 0.0869792 0.405787 0.0359375 0.0421296 
0 0.819922 0.0206019 0.0268229 0.0402778 
0 0.66888 0.607176 0.0335938 0.0736111 
0 0.907292 0.71713 0.0447917 0.0990741 
0 0.775911 0.0398148 0.0440104 0.0731481 
0 0.227214 0.370139 0.0658854 0.0856481 
0 0.345052 0.761343 0.0229167 0.0800926 
0 0.0175781 0.679167 0.0325521 0.0731481 
0 0.715885 0.104398 0.0796875 0.050463 
0 0.560547 0.978472 0.0450521 0.0430556 
0 0.0197917 0.828935 0.0364583 0.0643518 
0 0.245833 0.467824 0.0484375 0.0587963 
0 0.565885 0.256713 0.0510417 0.0560185 
0 0.96237 0.424769 0.0528646 0.0689815 
0 0.100651 0.53912 0.0393229 0.0671296 
0 0.401823 0.210185 0.0479167 0.0592593 
0 0.769922 0.0951389 0.0393229 0.0819444 
0 0.40625 0.573843 0.040625 0.0819444 
0 0.384896 0.0335648 0.0453125 0.0615741 
0 0.0235677 0.493519 0.0471354 0.0648148 
0 0.891536 0.405324 0.0544271 0.0680556 
0 0.399219 0.692361 0.0364583 0.0402778 
0 0.840755 0.371528 0.0455729 0.0662037 
0 0.599089 0.933333 0.0351562 0.0768519 
