0 0.780729 0.898611 0.0427083 0.0953704 
0 0.583594 0.293056 0.0348958 0.111111 
0 0.83151 0.436574 0.05625 0.0972222 
0 0.0716146 0.430556 0.0494792 0.149074 
0 0.188932 0.242361 0.0419271 0.0986111 
0 0.71875 0.397917 0.0291667 0.109722 
0 0.346224 0.436111 0.0716146 0.0694444 
0 0.974609 0.565509 0.0382813 0.102315 
0 0.895573 0.318519 0.0536458 0.0490741 
0 0.260677 0.439583 0.0411458 0.0800926 
0 0.719792 0.76088 0.0385417 0.0689815 
0 0.395703 0.124537 0.0304688 0.124074 
0 0.817839 0.309722 0.0486979 0.0842593 
0 0.376953 0.643287 0.0351562 0.0717593 
0 0.792057 0.61412 0.0408854 0.074537 
0 0.0203125 0.926157 0.0375 0.0726852 
0 0.528255 0.615046 0.0377604 0.0615741 
0 0.672786 0.813889 0.0341146 0.0703704 
0 0.959896 0.0793981 0.0557292 0.0578704 
0 0.285677 0.643287 0.0333333 0.0865741 
0 0.328906 0.319907 0.04375 0.0490741 
0 0.828125 0.846296 0.0338542 0.0712963 
0 0.660156 0.121528 0.03125 0.0597222 
0 0.146484 0.488657 0.0341146 0.102315 
0 0.872526 0.540741 0.0606771 0.0546296 
0 0.881771 0.84375 0.0322917 0.0837963 
0 0.666536 0.329861 0.0408854 0.0708333 
0 0.869661 0.391667 0.0388021 0.0824074 
0 0.251563 0.347222 0.0286458 0.0694444 
0 0.765625 0.451389 0.0614583 0.130556 
0 0.525391 0.763889 0.0388021 0.0796296 
0 0.617188 0.668056 0.0317708 0.0907407 
0 0.326693 0.556944 0.0361979 0.106481 
0 0.913151 0.255556 0.0888021 0.087963 
0 0.560026 0.386806 0.0690104 0.0912037 
0 0.546354 0.549074 0.0395833 0.0518519 
0 0.725521 0.590741 0.0515625 0.0453704 
0 0.327474 0.953009 0.0434896 0.074537 
0 0.897917 0.235417 0.0625 0.0708333 
0 0.0434896 0.521991 0.040625 0.0689815 
0 0.127865 0.959259 0.0473958 0.0731481 
0 0.911589 0.699306 0.0315104 0.0819444 
0 0.643099 0.539352 0.0372396 0.125926 
0 0.866276 0.9375 0.0330729 0.0462963 
0 0.28724 0.539815 0.034375 0.0796296 
