0 0.805729 0.294676 0.0401042 0.0800926 
0 0.78125 0.569444 0.0286458 0.112963 
0 0.546484 0.769444 0.0351562 0.100926 
0 0.857943 0.479167 0.0398437 0.107407 
0 0.41263 0.762037 0.0450521 0.0944444 
0 0.83112 0.590046 0.0434896 0.0689815 
0 0.219792 0.218056 0.0427083 0.134259 
0 0.337891 0.603009 0.0544271 0.0625 
0 0.0792969 0.647917 0.0273438 0.0615741 
0 0.848568 0.182176 0.0231771 0.0810185 
0 0.794922 0.920139 0.0492188 0.0763889 
0 0.269531 0.781713 0.0286458 0.0791667 
0 0.3875 0.299306 0.0447917 0.0615741 
0 0.332552 0.879861 0.0567708 0.074537 
0 0.367969 0.932407 0.0338542 0.123148 
0 0.580599 0.388889 0.0283854 0.132407 
0 0.263281 0.9125 0.028125 0.0935185 
0 0.876432 0.746528 0.0429688 0.0689815 
0 0.310026 0.53125 0.0315104 0.050463 
0 0.848568 0.892361 0.0627604 0.0912037 
0 0.492839 0.571065 0.0455729 0.0921296 
0 0.98151 0.877083 0.0369792 0.075463 
0 0.397005 0.46412 0.0315104 0.0597222 
0 0.296615 0.196991 0.05625 0.155093 
0 0.631771 0.677083 0.0458333 0.0550926 
0 0.950781 0.363194 0.0645833 0.0939815 
0 0.784635 0.37963 0.0484375 0.0638889 
0 0.379948 0.144213 0.0572917 0.0893519 
0 0.0578125 0.732407 0.0223958 0.0712963 
0 0.89349 0.385417 0.075 0.0958333 
0 0.882422 0.839815 0.0393229 0.0648148 
0 0.630859 0.895139 0.0403646 0.0643518 
0 0.75638 0.769444 0.0466146 0.062037 
0 0.904297 0.156944 0.0356771 0.121296 
0 0.653776 0.121065 0.0330729 0.0467593 
0 0.742708 0.5625 0.0494792 0.0574074 
0 0.565365 0.546991 0.03125 0.0625 
0 0.921354 0.261806 0.0526042 0.0949074 
0 0.946875 0.442824 0.05625 0.0708333 
0 0.800781 0.853241 0.0411458 0.0518519 
0 0.270833 0.505093 0.0401042 0.0712963 
0 0.697266 0.228704 0.0205729 0.0685185 
0 0.0988281 0.753472 0.0424479 0.0902778 
0 0.113411 0.871065 0.0460938 0.0560185 
0 0.619661 0.723611 0.0309896 0.0925926 
0 0.212109 0.813426 0.0393229 0.105556 
0 0.177734 0.842824 0.0221354 0.0597222 
0 0.724609 0.82037 0.0513021 0.062963 
0 0.499349 0.371759 0.0278646 0.0814815 
0 0.320833 0.472917 0.0510417 0.0541667 
