0 0.176693 0.0636574 0.0528646 0.075463 
0 0.454818 0.791204 0.0565104 0.0648148 
0 0.319531 0.703935 0.0484375 0.0486111 
0 0.407943 0.104398 0.0356771 0.0523148 
0 0.0429688 0.309491 0.0421875 0.0708333 
0 0.424349 0.220139 0.0570313 0.0689815 
0 0.275651 0.242593 0.0466146 0.075 
0 0.229036 0.917593 0.0575521 0.0814815 
0 0.34349 0.821065 0.0572917 0.0921296 
0 0.24362 0.772222 0.0455729 0.062963 
0 0.192578 0.594213 0.0351562 0.0634259 
0 0.403125 0.751852 0.0265625 0.0537037 
0 0.662109 0.780556 0.0403646 0.0916667 
0 0.305599 0.0606481 0.0565104 0.0611111 
0 0.371745 0.146065 0.0335938 0.0837963 
0 0.526302 0.96088 0.04375 0.0541667 
0 0.284635 0.62338 0.0484375 0.0486111 
0 0.391797 0.584954 0.0398437 0.103241 
0 0.216667 0.211343 0.0505208 0.0791667 
0 0.0395833 0.565278 0.0723958 0.0925926 
