0 0.591276 0.153009 0.0460938 0.103241 
0 0.98099 0.393519 0.0375 0.1 
0 0.883724 0.678704 0.0565104 0.0787037 
0 0.197526 0.318056 0.0460938 0.0824074 
0 0.104297 0.402778 0.0367187 0.0555556 
0 0.429167 0.364815 0.0354167 0.0759259 
0 0.652344 0.628935 0.0359375 0.0847222 
0 0.481641 0.446528 0.0559896 0.0708333 
0 0.034375 0.378472 0.0307292 0.0865741 
0 0.780729 0.567824 0.0703125 0.0671296 
0 0.939453 0.649769 0.0330729 0.074537 
0 0.979948 0.563426 0.0401042 0.0796296 
0 0.747526 0.470602 0.0476562 0.0717593 
0 0.163411 0.572685 0.0283854 0.0833333 
0 0.917969 0.42963 0.071875 0.0546296 
0 0.241016 0.483102 0.0455729 0.0625 
0 0.571745 0.760417 0.0299479 0.0523148 
0 0.61237 0.50625 0.0325521 0.0597222 
0 0.108984 0.686574 0.0382813 0.0787037 
0 0.82513 0.330556 0.0257812 0.100926 
