0 0.655729 0.746065 0.0578125 0.106944 
0 0.698177 0.519907 0.0385417 0.118519 
0 0.396745 0.49213 0.0388021 0.0666667 
0 0.310026 0.296759 0.0721354 0.0611111 
0 0.617708 0.335417 0.0385417 0.0717593 
0 0.630339 0.889583 0.0434896 0.113426 
0 0.699219 0.242824 0.040625 0.0828704 
0 0.646484 0.540972 0.0382813 0.050463 
0 0.05625 0.146991 0.0458333 0.0597222 
0 0.303125 0.240972 0.0567708 0.0550926 
0 0.70651 0.709259 0.0296875 0.0564815 
0 0.459505 0.267361 0.0440104 0.0634259 
0 0.505859 0.688889 0.0424479 0.0648148 
0 0.523958 0.522685 0.0380208 0.115741 
0 0.266146 0.0662037 0.0572917 0.0444444 
0 0.556641 0.944444 0.0513021 0.105556 
0 0.401432 0.342361 0.0429688 0.0958333 
0 0.634766 0.259491 0.0466146 0.0606481 
0 0.605469 0.195833 0.0244792 0.087037 
0 0.322266 0.706481 0.0638021 0.0638889 
0 0.685547 0.458565 0.0382813 0.0689815 
0 0.303255 0.144907 0.0486979 0.0638889 
0 0.486849 0.547222 0.0492188 0.05 
0 0.196354 0.0831019 0.0359375 0.049537 
0 0.529818 0.104398 0.0388021 0.0449074 
0 0.41849 0.444213 0.0354167 0.075463 
0 0.251302 0.869907 0.0552083 0.0962963 
0 0.414714 0.783796 0.0289063 0.0953704 
0 0.0746094 0.59375 0.0408854 0.0458333 
0 0.138932 0.805093 0.0304688 0.0416667 
0 0.329036 0.396065 0.0367187 0.0717593 
0 0.402995 0.975926 0.0414063 0.0481481 
0 0.455078 0.563426 0.0367187 0.087037 
0 0.195833 0.553009 0.0270833 0.0689815 
0 0.675781 0.364583 0.0302083 0.074537 
0 0.633333 0.446991 0.0645833 0.0578704 
0 0.370703 0.0516204 0.0507812 0.0680556 
0 0.245182 0.506481 0.0398437 0.0388889 
0 0.500911 0.966898 0.0486979 0.0643518 
0 0.173698 0.711343 0.028125 0.0458333 
0 0.291016 0.828704 0.0445312 0.0796296 
0 0.309766 0.769444 0.0236979 0.0574074 
0 0.692448 0.8125 0.0369792 0.0453704 
0 0.441406 0.661111 0.0276042 0.109259 
0 0.356901 0.246528 0.0398437 0.0976852 
0 0.188542 0.809491 0.0359375 0.050463 
0 0.464063 0.980787 0.0369792 0.0365741 
0 0.608854 0.510417 0.0359375 0.116204 
0 0.633333 0.634954 0.0526042 0.0578704 
0 0.357161 0.983796 0.0388021 0.0324074 
0 0.278776 0.159259 0.0434896 0.0435185 
0 0.687109 0.0421296 0.0356771 0.0842593 
0 0.436849 0.803935 0.0372396 0.0800926 
0 0.46862 0.60625 0.0367187 0.0449074 
0 0.342969 0.531713 0.0296875 0.0726852 
0 0.235677 0.580324 0.0322917 0.050463 
0 0.0175781 0.461343 0.0320312 0.0550926 
0 0.0884115 0.555093 0.0236979 0.0564815 
0 0.242839 0.713889 0.0518229 0.0527778 
0 0.219922 0.625 0.0367187 0.0694444 
0 0.761198 0.184259 0.0479167 0.118519 
0 0.439844 0.39213 0.0421875 0.0425926 
0 0.11862 0.561111 0.0486979 0.0351852 
0 0.115495 0.421759 0.0466146 0.0425926 
0 0.0192708 0.770833 0.0369792 0.0546296 
0 0.423568 0.86713 0.0325521 0.0518519 
0 0.592839 0.389815 0.0263021 0.106481 
0 0.169922 0.27037 0.0388021 0.0537037 
0 0.027474 0.0324074 0.0247396 0.0648148 
0 0.424089 0.100231 0.0481771 0.0523148 
0 0.114844 0.309259 0.0276042 0.0407407 
0 0.417057 0.175926 0.0309896 0.0564815 
0 0.508724 0.153935 0.0273438 0.0884259 
0 0.204818 0.890509 0.0335938 0.0587963 
0 0.660547 0.805556 0.0335938 0.105556 
0 0.405729 0.0196759 0.0364583 0.0393519 
0 0.0867188 0.875926 0.0322917 0.0675926 
0 0.359115 0.42963 0.0354167 0.0555556 
0 0.381901 0.262731 0.0429688 0.0550926 
0 0.606901 0.613194 0.0419271 0.0939815 
0 0.0583333 0.488657 0.0416667 0.0486111 
