0 0.61276 0.348148 0.0666667 0.101852 
0 0.206641 0.631944 0.0533854 0.114815 
0 0.0880208 0.166667 0.122396 0.10463 
0 0.561589 0.0405093 0.0304688 0.0810185 
0 0.748958 0.652083 0.0427083 0.0782407 
0 0.910156 0.217593 0.0609375 0.0703704 
0 0.340755 0.104861 0.0460938 0.111574 
0 0.538021 0.344907 0.0328125 0.146296 
0 0.0984375 0.386574 0.0713542 0.121296 
0 0.214583 0.105093 0.0526042 0.0657407 
0 0.227734 0.215741 0.0325521 0.130556 
0 0.386719 0.193056 0.0526042 0.0787037 
0 0.430599 0.753009 0.0367187 0.0643518 
0 0.260547 0.669213 0.0481771 0.0782407 
0 0.496875 0.17037 0.0421875 0.0777778 
0 0.679167 0.346065 0.04375 0.114352 
0 0.871094 0.62338 0.0541667 0.074537 
0 0.46901 0.28125 0.065625 0.106944 
0 0.817448 0.428472 0.0416667 0.0930556 
0 0.877474 0.0319444 0.0544271 0.062037 
0 0.594271 0.564352 0.0427083 0.0768519 
0 0.879427 0.390741 0.0385417 0.0712963 
0 0.963281 0.0770833 0.046875 0.0476852 
0 0.635807 0.809028 0.0377604 0.140278 
0 0.270052 0.511343 0.0744792 0.0587963 
0 0.426302 0.385648 0.0442708 0.0861111 
0 0.378906 0.444907 0.0692708 0.0805556 
0 0.46875 0.926389 0.0578125 0.062037 
0 0.238802 0.408102 0.0682292 0.0717593 
0 0.507812 0.955787 0.0333333 0.0865741 
0 0.23737 0.795602 0.0591146 0.0615741 
0 0.35638 0.789815 0.0664062 0.087037 
0 0.0873698 0.742593 0.0393229 0.0851852 
0 0.830078 0.500926 0.0596354 0.0481481 
0 0.323047 0.436574 0.0346354 0.0916667 
0 0.519531 0.70625 0.0395833 0.0625 
0 0.0485677 0.780787 0.0367187 0.0587963 
0 0.69388 0.697222 0.0356771 0.0944444 
0 0.83112 0.0814815 0.0460938 0.128704 
0 0.323307 0.0194444 0.0252604 0.0388889 
0 0.979948 0.364352 0.0390625 0.0861111 
0 0.3625 0.66875 0.040625 0.0541667 
0 0.93125 0.842361 0.0354167 0.0875 
0 0.252214 0.916667 0.0591146 0.123148 
