0 0.649349 0.152315 0.0481771 0.101852 
0 0.689453 0.428472 0.0330729 0.0532407 
0 0.63125 0.563889 0.0458333 0.0537037 
0 0.477214 0.559491 0.0361979 0.0486111 
0 0.708073 0.384491 0.0260417 0.0921296 
0 0.663021 0.371296 0.0625 0.0462963 
0 0.713411 0.116898 0.0434896 0.0486111 
0 0.683984 0.291898 0.0299479 0.0865741 
0 0.798828 0.203704 0.0705729 0.0490741 
0 0.333984 0.882407 0.0419271 0.0425926 
0 0.604427 0.0756944 0.0380208 0.0699074 
0 0.47487 0.413657 0.0263021 0.0699074 
0 0.585026 0.396759 0.0309896 0.0907407 
0 0.576693 0.236343 0.0289063 0.0273148 
0 0.58112 0.569444 0.0283854 0.100926 
0 0.494531 0.794213 0.0380208 0.0652778 
0 0.211849 0.974769 0.0278646 0.0467593 
0 0.403385 0.283102 0.0395833 0.0476852 
0 0.497786 0.198611 0.0372396 0.0694444 
0 0.291276 0.643981 0.0445312 0.0416667 
0 0.253385 0.736806 0.0390625 0.0384259 
0 0.477734 0.653704 0.0429688 0.0555556 
0 0.511719 0.582407 0.0192708 0.0888889 
0 0.2625 0.259722 0.040625 0.0675926 
0 0.526823 0.279398 0.0359375 0.0439815 
0 0.360547 0.96088 0.0481771 0.0597222 
0 0.0846354 0.111343 0.0421875 0.0402778 
0 0.445833 0.897685 0.0359375 0.0546296 
0 0.45625 0.311111 0.0317708 0.0833333 
0 0.242448 0.662269 0.0473958 0.0476852 
0 0.518099 0.0868056 0.0289063 0.0486111 
0 0.180729 0.0467593 0.0317708 0.0694444 
0 0.488281 0.0956018 0.040625 0.0597222 
0 0.103646 0.0199074 0.03125 0.037037 
0 0.631901 0.243056 0.0377604 0.0740741 
0 0.603516 0.284491 0.0278646 0.0560185 
0 0.613281 0.878009 0.0473958 0.049537 
0 0.38138 0.869444 0.0388021 0.0638889 
0 0.0695312 0.449537 0.0307292 0.0805556 
0 0.558594 0.378704 0.0260417 0.0537037 
0 0.673307 0.893287 0.0486979 0.0615741 
0 0.254687 0.481481 0.0427083 0.0648148 
