0 0.662109 0.0789352 0.0518229 0.0532407 
0 0.6 0.77338 0.0552083 0.0773148 
0 0.370573 0.821528 0.0390625 0.0560185 
0 0.580078 0.840741 0.0429688 0.0564815 
0 0.683594 0.928935 0.0348958 0.0634259 
0 0.548828 0.797685 0.0315104 0.0564815 
0 0.397526 0.521759 0.0346354 0.05 
0 0.405469 0.628241 0.0380208 0.0907407 
0 0.642057 0.214815 0.0377604 0.126852 
0 0.458333 0.404861 0.0515625 0.0726852 
0 0.639193 0.853241 0.0747396 0.121296 
0 0.135026 0.769213 0.0554687 0.0865741 
0 0.177083 0.431019 0.0322917 0.0444444 
0 0.323958 0.909722 0.040625 0.0712963 
0 0.173307 0.614815 0.0393229 0.075 
0 0.478906 0.633333 0.0411458 0.0759259 
0 0.40013 0.971759 0.0710938 0.0564815 
0 0.654297 0.466435 0.0346354 0.0532407 
0 0.359115 0.536111 0.05625 0.0453704 
0 0.719661 0.0590278 0.0492188 0.0986111 
0 0.161849 0.470833 0.0330729 0.0407407 
0 0.0414063 0.738194 0.0369792 0.0902778 
0 0.521875 0.324769 0.0317708 0.0856481 
0 0.17526 0.852778 0.0421875 0.0564815 
0 0.779297 0.203241 0.0294271 0.124074 
0 0.582552 0.574769 0.0583333 0.10787 
0 0.391927 0.705324 0.046875 0.0476852 
0 0.501953 0.0643518 0.0309896 0.0425926 
0 0.445052 0.540741 0.053125 0.0777778 
0 0.0697917 0.109028 0.0270833 0.0587963 
0 0.703125 0.816435 0.034375 0.101389 
0 0.290755 0.427778 0.0283854 0.0861111 
0 0.739323 0.434028 0.0348958 0.113426 
0 0.648438 0.631019 0.0484375 0.0537037 
0 0.121094 0.333333 0.0286458 0.0435185 
0 0.634766 0.569907 0.0403646 0.05 
0 0.184896 0.234722 0.040625 0.0833333 
0 0.607422 0.660648 0.0653646 0.075 
0 0.257812 0.630324 0.0442708 0.0458333 
0 0.754427 0.812963 0.046875 0.0861111 
0 0.271484 0.506481 0.0346354 0.0648148 
0 0.110156 0.415278 0.034375 0.0361111 
0 0.43138 0.0523148 0.0486979 0.1 
0 0.457031 0.687963 0.0296875 0.101852 
0 0.476823 0.20625 0.0703125 0.104167 
0 0.428516 0.237963 0.0528646 0.112963 
0 0.533203 0.578009 0.0466146 0.0393519 
0 0.448958 0.884722 0.0494792 0.0537037 
