0 0.0231771 0.402778 0.0442708 0.131481 
0 0.115885 0.06875 0.0552083 0.124537 
0 0.86276 0.135417 0.05 0.143056 
0 0.441667 0.466667 0.0640625 0.109259 
0 0.0367187 0.147222 0.0317708 0.0601852 
0 0.161458 0.187269 0.0671875 0.0625 
0 0.565885 0.327546 0.078125 0.0856481 
0 0.89349 0.65625 0.0640625 0.0625 
0 0.644531 0.571991 0.0572917 0.130093 
0 0.791016 0.0388889 0.0846354 0.0574074 
0 0.804688 0.242361 0.0359375 0.172685 
0 0.175781 0.788194 0.0911458 0.0782407 
0 0.337891 0.427778 0.0346354 0.12037 
0 0.265104 0.4875 0.0802083 0.0759259 
0 0.0207031 0.0361111 0.0403646 0.0648148 
0 0.167448 0.6875 0.0546875 0.0703704 
0 0.696224 0.764815 0.0315104 0.102778 
0 0.820833 0.862731 0.0609375 0.0597222 
0 0.283073 0.65787 0.03125 0.0574074 
0 0.971224 0.366898 0.0507812 0.100463 
0 0.127344 0.275463 0.034375 0.106481 
0 0.339063 0.941667 0.0572917 0.0990741 
0 0.303255 0.055787 0.0752604 0.0819444 
0 0.413411 0.152546 0.0778646 0.0865741 
0 0.576693 0.480093 0.0731771 0.202778 
0 0.686068 0.206019 0.0877604 0.0648148 
0 0.471875 0.629861 0.0604167 0.106019 
0 0.709505 0.667593 0.0736979 0.0759259 
0 0.0789063 0.732639 0.0494792 0.121759 
0 0.239583 0.374537 0.0328125 0.0574074 
0 0.945703 0.685648 0.0559896 0.0638889 
0 0.411458 0.429398 0.040625 0.0893519 
0 0.875 0.374537 0.034375 0.126852 
0 0.236068 0.571991 0.0653646 0.110648 
0 0.0317708 0.690046 0.053125 0.0689815 
0 0.300781 0.318287 0.0369792 0.0902778 
0 0.64349 0.919213 0.0666667 0.14213 
0 0.426042 0.940046 0.0427083 0.102315 
0 0.0980469 0.487037 0.0325521 0.0722222 
