0 0.877995 0.588657 0.0549479 0.0893519 
0 0.750521 0.375463 0.034375 0.106481 
0 0.569792 0.331713 0.0317708 0.0819444 
0 0.223177 0.674537 0.0505208 0.0768519 
0 0.614193 0.351389 0.0575521 0.0833333 
0 0.488802 0.287037 0.0401042 0.0925926 
0 0.67526 0.225694 0.0390625 0.099537 
0 0.502344 0.0534722 0.0546875 0.0958333 
0 0.0802083 0.397222 0.0401042 0.0842593 
0 0.0946615 0.656713 0.0575521 0.109722 
0 0.685026 0.0821759 0.0419271 0.128241 
0 0.128906 0.320602 0.0541667 0.0532407 
0 0.878385 0.163426 0.0333333 0.062963 
0 0.0582031 0.234259 0.0257812 0.100926 
0 0.579557 0.0421296 0.0539063 0.0796296 
0 0.174349 0.319444 0.0304688 0.0703704 
0 0.384766 0.196759 0.0544271 0.0814815 
0 0.71237 0.653472 0.0492188 0.0689815 
0 0.443359 0.461343 0.0382813 0.0847222 
0 0.182552 0.649306 0.0229167 0.0893519 
0 0.279818 0.690972 0.0335938 0.0912037 
0 0.214583 0.306944 0.0380208 0.0601852 
0 0.961979 0.930556 0.0442708 0.110185 
0 0.516146 0.232639 0.0380208 0.131944 
0 0.912109 0.253009 0.0794271 0.0513889 
0 0.917448 0.0449074 0.0286458 0.0898148 
0 0.880339 0.440741 0.0361979 0.100926 
0 0.555729 0.167824 0.0385417 0.119907 
0 0.183984 0.106481 0.0273438 0.0796296 
0 0.960938 0.0273148 0.0291667 0.0546296 
0 0.876953 0.0967593 0.0648438 0.0925926 
0 0.612891 0.289352 0.0268229 0.0731481 
0 0.835417 0.0233796 0.0666667 0.0467593 
0 0.457031 0.606019 0.0447917 0.102778 
0 0.698307 0.577315 0.0434896 0.0527778 
0 0.799349 0.203704 0.0476562 0.0777778 
0 0.279036 0.581944 0.0450521 0.0601852 
0 0.628906 0.866898 0.0244792 0.0680556 
0 0.83151 0.347222 0.0364583 0.0694444 
0 0.73151 0.130787 0.0526042 0.0875 
0 0.240495 0.17662 0.0507812 0.0893519 
0 0.849609 0.491898 0.0440104 0.0671296 
0 0.536589 0.809491 0.0398437 0.0476852 
0 0.578125 0.822454 0.0328125 0.0513889 
0 0.0277344 0.727083 0.0539063 0.0606481 
0 0.323047 0.395602 0.0575521 0.0625 
0 0.78763 0.340509 0.0429688 0.074537 
0 0.571745 0.758796 0.0507812 0.0648148 
0 0.769922 0.199074 0.0377604 0.100926 
