0 0.436068 0.794676 0.0460938 0.124537 
0 0.608854 0.956481 0.0427083 0.087037 
0 0.574219 0.879861 0.0385417 0.158796 
0 0.598047 0.735417 0.0669271 0.0800926 
0 0.539062 0.558102 0.0385417 0.153241 
0 0.480729 0.726389 0.0609375 0.0740741 
0 0.450391 0.565509 0.0356771 0.146759 
0 0.019401 0.852083 0.0325521 0.134722 
0 0.1625 0.670602 0.0385417 0.101389 
0 0.619141 0.611111 0.0460938 0.0601852 
0 0.539583 0.29375 0.03125 0.11713 
0 0.217969 0.806944 0.0375 0.0666667 
0 0.930208 0.96875 0.046875 0.0606481 
0 0.05625 0.909028 0.0385417 0.126389 
0 0.0699219 0.587269 0.0341146 0.1125 
