0 0.744141 0.624537 0.0356771 0.0592593 
0 0.826563 0.762963 0.0395833 0.116667 
0 0.750521 0.258565 0.0432292 0.140278 
0 0.916927 0.301157 0.0401042 0.0763889 
0 0.946224 0.884491 0.0481771 0.149537 
0 0.0428385 0.750463 0.0398437 0.0768519 
0 0.523828 0.919213 0.0716146 0.0773148 
0 0.254167 0.963657 0.0338542 0.0569444 
0 0.554167 0.851157 0.0375 0.108796 
0 0.522005 0.801389 0.0591146 0.062037 
0 0.757292 0.696296 0.0703125 0.0851852 
0 0.189453 0.417361 0.0544271 0.0486111 
0 0.112109 0.541898 0.0617188 0.0550926 
0 0.835026 0.656713 0.0393229 0.0634259 
0 0.57474 0.934028 0.0541667 0.0523148 
0 0.0553385 0.68912 0.0481771 0.0587963 
0 0.455599 0.853704 0.0419271 0.137963 
0 0.630339 0.972222 0.0414063 0.0537037 
0 0.479688 0.677546 0.0692708 0.0819444 
0 0.572786 0.464352 0.0377604 0.0962963 
0 0.238542 0.897454 0.0520833 0.0532407 
0 0.791927 0.809954 0.0645833 0.110648 
0 0.0540365 0.438889 0.0393229 0.0694444 
0 0.317578 0.633333 0.0257812 0.0740741 
