0 0.932161 0.825 0.0585938 0.0703704 
0 0.861328 0.190278 0.0549479 0.138889 
0 0.557682 0.106944 0.0434896 0.113889 
0 0.776823 0.365509 0.0276042 0.0625 
0 0.914453 0.0729167 0.0841146 0.0708333 
0 0.397266 0.399306 0.0585938 0.0597222 
0 0.686979 0.407176 0.0546875 0.123611 
0 0.782161 0.928009 0.0815104 0.0652778 
0 0.580078 0.45 0.0799479 0.062037 
0 0.626042 0.311574 0.0359375 0.0685185 
0 0.142839 0.84375 0.0351562 0.0430556 
0 0.547396 0.792824 0.03125 0.0791667 
0 0.580599 0.212963 0.0346354 0.119444 
0 0.304688 0.338657 0.0484375 0.0671296 
0 0.676302 0.247917 0.0265625 0.10787 
0 0.510286 0.025 0.0382813 0.05 
0 0.481901 0.543519 0.0377604 0.0555556 
0 0.663542 0.184491 0.065625 0.0708333 
0 0.841276 0.0805556 0.0611979 0.0574074 
0 0.443099 0.493056 0.0299479 0.0842593 
0 0.316146 0.659722 0.0333333 0.0638889 
0 0.336198 0.388889 0.0338542 0.0592593 
0 0.713932 0.213426 0.0393229 0.0583333 
0 0.715885 0.0201389 0.0375 0.0402778 
0 0.240104 0.811574 0.0333333 0.0851852 
0 0.661198 0.624074 0.0411458 0.037037 
0 0.369531 0.343287 0.0182292 0.0708333 
0 0.363281 0.236111 0.0208333 0.0888889 
0 0.340495 0.26875 0.0315104 0.0736111 
0 0.666927 0.493981 0.0526042 0.0898148 
0 0.772917 0.521759 0.0270833 0.0592593 
0 0.790495 0.701157 0.0700521 0.0634259 
0 0.471224 0.232639 0.0632813 0.0532407 
0 0.211979 0.369444 0.0286458 0.0527778 
0 0.460677 0.377778 0.0333333 0.0666667 
0 0.692448 0.0962963 0.0338542 0.0444444 
0 0.291536 0.0462963 0.0429688 0.0777778 
0 0.764583 0.145602 0.0380208 0.105093 
0 0.530208 0.0699074 0.0380208 0.0916667 
0 0.55612 0.567824 0.0393229 0.0439815 
0 0.686589 0.924537 0.0492188 0.075 
0 0.736328 0.0743056 0.0309896 0.099537 
0 0.706641 0.428704 0.0580729 0.087037 
0 0.728516 0.693056 0.0356771 0.0712963 
0 0.232682 0.391898 0.0351562 0.0337963 
0 0.31888 0.526157 0.0263021 0.0763889 
0 0.479036 0.28588 0.0518229 0.0652778 
0 0.0838542 0.551157 0.0276042 0.050463 
0 0.429427 0.672454 0.0625 0.0541667 
0 0.333724 0.453935 0.0367187 0.0800926 
0 0.613281 0.80162 0.0338542 0.0625 
0 0.416797 0.344676 0.0289063 0.0569444 
0 0.198437 0.812963 0.0442708 0.0722222 
0 0.464193 0.703009 0.0414063 0.0763889 
0 0.296745 0.493519 0.0361979 0.0740741 
0 0.370052 0.642824 0.0276042 0.0625 
0 0.676823 0.357639 0.0875 0.0930556 
0 0.96875 0.516898 0.0296875 0.0875 
0 0.39362 0.47662 0.0377604 0.0523148 
0 0.320443 0.15162 0.0455729 0.0458333 
0 0.119792 0.384954 0.040625 0.0458333 
0 0.363021 0.89838 0.0333333 0.0717593 
0 0.579167 0.639815 0.0458333 0.0675926 
0 0.0863281 0.870833 0.0341146 0.0574074 
0 0.539974 0.331713 0.0455729 0.0717593 
0 0.32474 0.791667 0.0338542 0.0611111 
0 0.647917 0.664583 0.0302083 0.0597222 
0 0.477995 0.17662 0.0434896 0.0625 
0 0.149089 0.801389 0.0523437 0.05 
0 0.460677 0.907176 0.0338542 0.0717593 
0 0.463932 0.158333 0.0643229 0.0777778 
0 0.171224 0.247917 0.0341146 0.0662037 
