0 0.291797 0.391435 0.0575521 0.119907 
0 0.683073 0.355324 0.0526042 0.10787 
0 0.68151 0.26412 0.0703125 0.146759 
0 0.539062 0.121065 0.0536458 0.183796 
0 0.500521 0.198843 0.0333333 0.0819444 
0 0.419531 0.316667 0.0822917 0.0694444 
0 0.139323 0.607639 0.0442708 0.0902778 
0 0.57474 0.321296 0.0989583 0.0888889 
0 0.451953 0.555787 0.0513021 0.0986111 
0 0.0833333 0.369444 0.0489583 0.0731481 
0 0.417318 0.954861 0.0377604 0.0699074 
0 0.13724 0.360185 0.0354167 0.0657407 
0 0.507422 0.517824 0.0559896 0.102315 
0 0.601042 0.409954 0.08125 0.0606481 
0 0.386068 0.690972 0.0486979 0.0486111 
0 0.0585938 0.648843 0.0390625 0.0939815 
0 0.24987 0.290509 0.0966146 0.0837963 
0 0.228776 0.50463 0.0497396 0.0694444 
0 0.634766 0.52963 0.0377604 0.0518519 
0 0.251302 0.648843 0.0348958 0.101389 
0 0.376042 0.0666667 0.0640625 0.087037 
0 0.447005 0.72037 0.0377604 0.142593 
0 0.19388 0.0224537 0.0497396 0.0449074 
0 0.134766 0.0386574 0.0299479 0.0513889 
0 0.0183594 0.518981 0.0346354 0.0777778 
0 0.403385 0.623148 0.0625 0.0453704 
0 0.276823 0.205787 0.0364583 0.106019 
0 0.313542 0.267824 0.0484375 0.0680556 
0 0.0683594 0.920139 0.0335938 0.0930556 
0 0.213281 0.684491 0.0651042 0.0643518 
0 0.44375 0.0974537 0.0473958 0.0782407 
0 0.395573 0.795602 0.0671875 0.0652778 
0 0.149219 0.879398 0.0447917 0.0587963 
0 0.947786 0.416898 0.0289063 0.049537 
0 0.0808594 0.200231 0.0888021 0.0717593 
