0 0.415365 0.344444 0.0458333 0.10463 
0 0.280469 0.255556 0.0348958 0.147222 
0 0.463281 0.596759 0.0401042 0.062037 
0 0.0807292 0.435185 0.0697917 0.132407 
0 0.0851562 0.705324 0.0416667 0.0856481 
0 0.544401 0.516898 0.0528646 0.0773148 
0 0.867708 0.54213 0.0520833 0.0814815 
0 0.373828 0.454398 0.0445312 0.099537 
0 0.885286 0.141435 0.0882813 0.0893519 
0 0.321484 0.248843 0.0460938 0.0689815 
0 0.214974 0.297685 0.0309896 0.062037 
0 0.28737 0.563889 0.0278646 0.0601852 
0 0.697266 0.478704 0.0320312 0.0712963 
0 0.204948 0.484722 0.0567708 0.0768519 
0 0.400391 0.822454 0.0544271 0.0791667 
0 0.572266 0.355324 0.0544271 0.0615741 
0 0.83737 0.805556 0.0351562 0.0703704 
0 0.788151 0.209028 0.0351562 0.0912037 
0 0.180078 0.442593 0.0294271 0.0935185 
0 0.954557 0.287037 0.0627604 0.0703704 
0 0.494661 0.422222 0.0429688 0.0518519 
0 0.499349 0.707639 0.0335938 0.0837963 
0 0.796875 0.880787 0.0578125 0.0708333 
0 0.517057 0.630093 0.0268229 0.105556 
0 0.885677 0.348148 0.0354167 0.115741 
0 0.195182 0.712963 0.0450521 0.112037 
0 0.13724 0.755093 0.0453125 0.0731481 
0 0.0334635 0.594213 0.0585938 0.0893519 
0 0.295833 0.440046 0.0328125 0.0856481 
0 0.22474 0.203935 0.0291667 0.0523148 
0 0.933594 0.571991 0.0395833 0.0708333 
0 0.736328 0.43287 0.0309896 0.0759259 
0 0.380339 0.562963 0.0507812 0.0851852 
0 0.120052 0.643056 0.0385417 0.0648148 
0 0.96237 0.148843 0.0653646 0.0893519 
0 0.129036 0.511806 0.0263021 0.0680556 
0 0.0865885 0.541667 0.0658854 0.0462963 
0 0.33151 0.453935 0.0609375 0.0625 
0 0.652865 0.702778 0.0494792 0.0546296 
0 0.0298177 0.958333 0.0544271 0.0759259 
0 0.77487 0.301389 0.0539063 0.0731481 
0 0.665625 0.782639 0.0291667 0.0912037 
0 0.347135 0.695602 0.0567708 0.0773148 
0 0.267578 0.746528 0.0471354 0.0837963 
0 0.599609 0.5 0.0414063 0.0944444 
