0 0.16901 0.290278 0.0380208 0.131481 
0 0.702604 0.191435 0.0713542 0.0902778 
0 0.30638 0.358565 0.0445312 0.0958333 
0 0.57513 0.490046 0.0257812 0.0810185 
0 0.723177 0.559954 0.0489583 0.0671296 
0 0.589453 0.343056 0.0356771 0.0638889 
0 0.385286 0.431019 0.0455729 0.062037 
0 0.65625 0.363426 0.0510417 0.0833333 
0 0.721745 0.420139 0.0315104 0.0662037 
0 0.482943 0.5 0.0403646 0.0925926 
0 0.635156 0.675 0.0479167 0.0898148 
0 0.215885 0.278935 0.0541667 0.0634259 
0 0.511198 0.723611 0.0375 0.0527778 
0 0.0322917 0.675694 0.0375 0.075463 
0 0.693359 0.412731 0.0257812 0.0791667 
0 0.359375 0.594213 0.034375 0.0625 
0 0.317839 0.79838 0.0554687 0.0708333 
0 0.11862 0.322917 0.0273438 0.0560185 
0 0.285417 0.5625 0.0479167 0.0861111 
0 0.433333 0.52662 0.0510417 0.0671296 
0 0.942448 0.36713 0.0411458 0.0944444 
0 0.789062 0.201852 0.0666667 0.0962963 
0 0.240885 0.463194 0.071875 0.074537 
0 0.129036 0.471759 0.0455729 0.0648148 
0 0.936458 0.692824 0.0526042 0.0884259 
0 0.803776 0.965278 0.0539063 0.0675926 
0 0.455078 0.37963 0.0565104 0.0601852 
0 0.933594 0.282639 0.0666667 0.106944 
0 0.647526 0.577546 0.0424479 0.0893519 
