0 0.602995 0.678009 0.0841146 0.13287 
0 0.541016 0.47963 0.0825521 0.0861111 
0 0.353255 0.533102 0.0393229 0.0708333 
0 0.853516 0.0520833 0.0335938 0.0736111 
0 0.683594 0.395602 0.046875 0.0625 
0 0.690885 0.624074 0.0619792 0.118519 
0 0.548828 0.0636574 0.0466146 0.113426 
0 0.604948 0.57338 0.0729167 0.129167 
0 0.705599 0.89838 0.0789063 0.0828704 
0 0.46237 0.458796 0.0382813 0.0805556 
0 0.832031 0.55162 0.0348958 0.0560185 
0 0.278776 0.565046 0.0710938 0.103241 
0 0.786068 0.602315 0.0341146 0.0675926 
0 0.348568 0.32338 0.0403646 0.0958333 
0 0.470182 0.902778 0.0580729 0.0833333 
0 0.111458 0.575463 0.0416667 0.0435185 
0 0.871094 0.57037 0.0494792 0.0537037 
0 0.389714 0.0303241 0.0752604 0.0578704 
0 0.138672 0.302083 0.0559896 0.0458333 
0 0.182552 0.836111 0.0416667 0.0712963 
0 0.309635 0.88588 0.0359375 0.0643518 
0 0.308984 0.645833 0.0674479 0.0518519 
0 0.550391 0.658333 0.0346354 0.109259 
0 0.30013 0.409259 0.0263021 0.0731481 
0 0.489974 0.266435 0.0393229 0.0921296 
0 0.078125 0.563657 0.0375 0.0532407 
0 0.66901 0.792593 0.04375 0.138889 
0 0.484375 0.359028 0.0822917 0.0643518 
0 0.45651 0.77037 0.0276042 0.062963 
0 0.475911 0.0652778 0.0361979 0.0472222 
0 0.389844 0.143056 0.0401042 0.0583333 
0 0.352604 0.859028 0.0541667 0.0773148 
0 0.433594 0.959954 0.065625 0.0662037 
0 0.298568 0.0263889 0.0523437 0.0527778 
0 0.582031 0.878009 0.0640625 0.0662037 
0 0.241016 0.266204 0.0981771 0.062963 
0 0.270964 0.366898 0.0575521 0.0615741 
0 0.477344 0.683333 0.05625 0.062963 
0 0.503906 0.843287 0.0302083 0.0902778 
0 0.232682 0.819444 0.0486979 0.0509259 
0 0.119661 0.977778 0.0424479 0.0444444 
0 0.021224 0.727546 0.0377604 0.0726852 
0 0.13737 0.193287 0.0325521 0.0467593 
0 0.130859 0.535185 0.0398437 0.0444444 
0 0.114063 0.431713 0.0453125 0.0662037 
0 0.140104 0.375231 0.0359375 0.0699074 
0 0.0414063 0.234028 0.0322917 0.0569444 
0 0.27513 0.0791667 0.0382813 0.0583333 
0 0.64987 0.0868056 0.0898438 0.0587963 
0 0.127344 0.651852 0.0390625 0.0490741 
0 0.148307 0.755556 0.0403646 0.0435185 
0 0.770052 0.678935 0.0776042 0.0476852 
