0 0.206901 0.262037 0.0367187 0.0935185 
0 0.404818 0.474769 0.0398437 0.106944 
0 0.772917 0.50162 0.0427083 0.0708333 
0 0.652344 0.212731 0.0786458 0.149537 
0 0.656771 0.587731 0.059375 0.0736111 
0 0.746615 0.558565 0.0338542 0.0587963 
0 0.221745 0.0268519 0.0388021 0.0537037 
0 0.694922 0.0368056 0.0570313 0.0736111 
0 0.66888 0.391898 0.0606771 0.0671296 
0 0.413151 0.309028 0.0492188 0.111574 
0 0.508724 0.496991 0.0591146 0.0773148 
0 0.296875 0.351157 0.0619792 0.101389 
0 0.864193 0.728241 0.0445312 0.107407 
0 0.585547 0.378009 0.0497396 0.0717593 
0 0.899479 0.656713 0.0546875 0.0930556 
0 0.703646 0.513889 0.0302083 0.0592593 
0 0.460417 0.379861 0.0786458 0.0486111 
0 0.790495 0.818056 0.0330729 0.0888889 
0 0.0440104 0.558102 0.0796875 0.129167 
0 0.6 0.256713 0.0432292 0.0986111 
0 0.601562 0.608565 0.0213542 0.101389 
0 0.166016 0.553241 0.0559896 0.0694444 
0 0.8125 0.404861 0.0526042 0.0652778 
0 0.221094 0.114352 0.0510417 0.0564815 
0 0.347396 0.556713 0.0572917 0.0837963 
0 0.726172 0.480556 0.0361979 0.062037 
0 0.317578 0.379861 0.0481771 0.115278 
0 0.0738281 0.556481 0.0320312 0.111111 
0 0.494922 0.65625 0.0638021 0.0930556 
0 0.195573 0.479861 0.0765625 0.0967593 
0 0.246224 0.223843 0.0533854 0.102315 
0 0.635286 0.434722 0.0341146 0.0888889 
0 0.753906 0.916667 0.0635417 0.146296 
0 0.532292 0.0229167 0.0390625 0.0449074 
