0 0.530859 0.129167 0.0341146 0.0953704 
0 0.691406 0.699537 0.0338542 0.0814815 
0 0.572266 0.554861 0.0377604 0.0560185 
0 0.784635 0.705787 0.0270833 0.0930556 
0 0.457292 0.967824 0.0583333 0.0634259 
0 0.619531 0.479167 0.0385417 0.0925926 
0 0.244661 0.953241 0.0299479 0.0490741 
0 0.609375 0.87662 0.0447917 0.100463 
0 0.667969 0.595833 0.0453125 0.0703704 
0 0.510677 0.479398 0.03125 0.0578704 
0 0.0746094 0.605093 0.0460938 0.0435185 
0 0.461328 0.2625 0.0518229 0.0537037 
0 0.135677 0.611806 0.028125 0.0458333 
0 0.435286 0.667593 0.0408854 0.075 
0 0.485286 0.658565 0.0419271 0.0819444 
0 0.28112 0.871528 0.0299479 0.0921296 
0 0.694792 0.455324 0.0427083 0.116204 
0 0.083724 0.376389 0.0268229 0.0546296 
0 0.51263 0.0576389 0.0440104 0.074537 
0 0.370833 0.93125 0.0578125 0.049537 
0 0.66901 0.159722 0.0614583 0.0490741 
0 0.667448 0.980093 0.0348958 0.0388889 
0 0.369922 0.529167 0.0570313 0.0694444 
0 0.178516 0.398148 0.0393229 0.0555556 
0 0.0196615 0.386111 0.0377604 0.0675926 
0 0.308854 0.609954 0.0473958 0.0615741 
0 0.382943 0.834259 0.0486979 0.0814815 
0 0.58099 0.803241 0.0520833 0.140741 
0 0.280078 0.1875 0.0632813 0.0453704 
0 0.404557 0.848148 0.0408854 0.075 
0 0.448177 0.434954 0.0359375 0.0791667 
0 0.12513 0.53287 0.0356771 0.0555556 
0 0.291276 0.0231481 0.0486979 0.0462963 
0 0.413281 0.115509 0.0796875 0.0763889 
0 0.957031 0.815972 0.0416667 0.050463 
0 0.585547 0.482176 0.0361979 0.0875 
0 0.135937 0.240972 0.0453125 0.0476852 
0 0.908203 0.0458333 0.0388021 0.0805556 
0 0.724089 0.531713 0.0565104 0.0689815 
0 0.94974 0.184722 0.0588542 0.0759259 
0 0.413802 0.291435 0.0276042 0.0773148 
0 0.753385 0.45162 0.0833333 0.0643518 
0 0.884375 0.345602 0.0682292 0.099537 
0 0.0882813 0.201157 0.0338542 0.0532407 
0 0.202734 0.561574 0.0341146 0.0712963 
0 0.158203 0.191667 0.0455729 0.0518519 
0 0.0876302 0.749074 0.0330729 0.0592593 
0 0.75638 0.530556 0.0382813 0.0444444 
0 0.25612 0.371759 0.0408854 0.0453704 
0 0.119271 0.025 0.0302083 0.0490741 
0 0.48125 0.848148 0.0651042 0.0731481 
0 0.226042 0.206019 0.0307292 0.0777778 
0 0.360547 0.976852 0.0356771 0.0462963 
0 0.642187 0.025 0.0401042 0.05 
0 0.030599 0.511574 0.0335938 0.0472222 
