0 0.315234 0.733333 0.0372396 0.0916667 
0 0.0240885 0.393981 0.0382813 0.0805556 
0 0.784635 0.392361 0.03125 0.134722 
0 0.0785156 0.50625 0.0502604 0.0902778 
0 0.852995 0.118519 0.0294271 0.117593 
0 0.635286 0.38588 0.0611979 0.0893519 
0 0.0934896 0.594676 0.0515625 0.0717593 
0 0.241276 0.495602 0.0434896 0.0597222 
0 0.311458 0.449074 0.0276042 0.0824074 
0 0.49388 0.363194 0.0528646 0.0467593 
0 0.88138 0.24375 0.0361979 0.0791667 
0 0.55612 0.156019 0.0393229 0.0398148 
0 0.676302 0.14537 0.0276042 0.062963 
0 0.802734 0.956713 0.0471354 0.0550926 
0 0.455729 0.183565 0.0270833 0.0671296 
0 0.823698 0.703472 0.0567708 0.0773148 
0 0.858854 0.440278 0.0473958 0.135185 
0 0.90625 0.79375 0.0317708 0.0800926 
0 0.208073 0.528704 0.0473958 0.0796296 
0 0.494141 0.948843 0.0445312 0.0699074 
0 0.790625 0.545833 0.0322917 0.0722222 
0 0.94974 0.963426 0.0442708 0.0648148 
0 0.851562 0.962731 0.040625 0.0671296 
0 0.63724 0.497222 0.0510417 0.0435185 
0 0.353255 0.575231 0.0440104 0.0569444 
0 0.253646 0.337963 0.0755208 0.146296 
0 0.842318 0.49213 0.0554687 0.0666667 
0 0.819271 0.538426 0.0380208 0.0787037 
0 0.870573 0.732176 0.0385417 0.0902778 
0 0.944401 0.89838 0.0335938 0.0625 
0 0.67526 0.55463 0.0255208 0.0722222 
0 0.924349 0.743981 0.0408854 0.0759259 
0 0.768099 0.271528 0.0460938 0.0680556 
