0 0.352344 0.683796 0.0494792 0.0953704 
0 0.266276 0.442361 0.0518229 0.121759 
0 0.792057 0.430787 0.0424479 0.125463 
0 0.28125 0.566898 0.0411458 0.0819444 
0 0.650391 0.742593 0.0414063 0.0972222 
0 0.587891 0.492361 0.0388021 0.118056 
0 0.0393229 0.31875 0.0401042 0.140278 
0 0.342578 0.588194 0.0565104 0.0773148 
0 0.902865 0.47662 0.0578125 0.105093 
0 0.877865 0.838657 0.0322917 0.0662037 
0 0.758333 0.769444 0.0494792 0.0898148 
0 0.354948 0.370602 0.040625 0.0671296 
0 0.971094 0.244676 0.0578125 0.0606481 
0 0.102995 0.255556 0.0440104 0.10463 
0 0.138151 0.798611 0.0507812 0.15 
0 0.67526 0.96875 0.0453125 0.0597222 
0 0.644531 0.588657 0.0390625 0.0717593 
0 0.203906 0.7625 0.0557292 0.0814815 
0 0.920833 0.297222 0.0354167 0.0694444 
0 0.0272135 0.797222 0.0419271 0.0981481 
0 0.0369792 0.966898 0.0463542 0.0615741 
