0 0.726953 0.238889 0.0414063 0.0509259 
0 0.745573 0.178704 0.0328125 0.103704 
0 0.285156 0.390741 0.0359375 0.0675926 
0 0.701172 0.187037 0.0643229 0.0453704 
0 0.667578 0.393287 0.0424479 0.0439815 
0 0.682161 0.338657 0.0263021 0.0689815 
0 0.602995 0.0412037 0.0382813 0.0472222 
0 0.530339 0.0344907 0.0335938 0.0652778 
0 0.717188 0.102778 0.0255208 0.0768519 
0 0.173047 0.912269 0.0455729 0.050463 
0 0.591276 0.22037 0.0304688 0.0546296 
0 0.395703 0.848611 0.0533854 0.062963 
0 0.719271 0.713657 0.0583333 0.0569444 
0 0.648438 0.0780093 0.04375 0.0939815 
0 0.747526 0.502546 0.0533854 0.0560185 
0 0.863281 0.283565 0.0255208 0.0486111 
0 0.513151 0.901852 0.0325521 0.0796296 
0 0.485286 0.77037 0.0398437 0.0527778 
0 0.432031 0.141667 0.0489583 0.0388889 
0 0.167187 0.506019 0.0333333 0.0388889 
0 0.640234 0.587269 0.0283854 0.100463 
0 0.262891 0.26088 0.0351562 0.0476852 
0 0.510286 0.515509 0.0403646 0.0625 
0 0.633333 0.699537 0.0473958 0.0592593 
0 0.177604 0.0539352 0.0401042 0.0560185 
0 0.490755 0.0451389 0.0294271 0.0726852 
0 0.551302 0.770139 0.0401042 0.0689815 
0 0.486328 0.158796 0.0341146 0.0916667 
0 0.555729 0.113657 0.034375 0.0597222 
0 0.61862 0.240046 0.0268229 0.0884259 
0 0.657682 0.713657 0.0356771 0.0365741 
0 0.517057 0.572454 0.0356771 0.0412037 
0 0.371094 0.216898 0.0317708 0.0578704 
0 0.675781 0.822685 0.0416667 0.0759259 
0 0.620052 0.931481 0.0541667 0.0666667 
0 0.284635 0.517361 0.0359375 0.0467593 
0 0.658203 0.479167 0.0351562 0.0796296 
0 0.209635 0.542593 0.0359375 0.0537037 
0 0.963932 0.79213 0.0361979 0.062037 
0 0.50625 0.280324 0.028125 0.0726852 
0 0.339323 0.385648 0.0375 0.0324074 
0 0.139974 0.0923611 0.0304688 0.0476852 
0 0.303255 0.831019 0.0382813 0.0324074 
0 0.457682 0.692824 0.0231771 0.0856481 
0 0.200651 0.768519 0.0315104 0.0648148 
0 0.247396 0.750694 0.0239583 0.074537 
0 0.525911 0.658565 0.0299479 0.0699074 
0 0.327083 0.846759 0.0348958 0.0481481 
0 0.517578 0.955787 0.0278646 0.0449074 
0 0.467578 0.397454 0.0361979 0.0347222 
0 0.679167 0.769444 0.0244792 0.0694444 
0 0.105859 0.0372685 0.0388021 0.0412037 
0 0.590755 0.565972 0.0216146 0.101389 
0 0.64349 0.980093 0.0296875 0.0398148 
0 0.244661 0.183565 0.0460938 0.0597222 
0 0.322656 0.537269 0.0390625 0.0356481 
0 0.740755 0.0314815 0.0289063 0.037037 
0 0.384766 0.411574 0.0429688 0.0398148 
0 0.640104 0.882176 0.0322917 0.0773148 
0 0.603125 0.0972222 0.04375 0.0611111 
0 0.36263 0.349074 0.0388021 0.0333333 
0 0.0213542 0.577315 0.0380208 0.0361111 
0 0.509245 0.502083 0.0299479 0.0356481 
0 0.605859 0.764583 0.0450521 0.0606481 
0 0.729948 0.976157 0.0359375 0.0476852 
0 0.704167 0.763889 0.0208333 0.0638889 
0 0.425781 0.425463 0.0270833 0.0481481 
0 0.535156 0.398843 0.0375 0.0476852 
0 0.127734 0.8625 0.0403646 0.0611111 
0 0.177995 0.233102 0.0419271 0.0449074 
0 0.334245 0.0185185 0.0471354 0.0342593 
0 0.129427 0.126852 0.0322917 0.0416667 
0 0.391406 0.479167 0.0364583 0.0444444 
0 0.286719 0.338657 0.025 0.0587963 
0 0.615234 0.422222 0.0283854 0.0824074 
0 0.173568 0.453935 0.0388021 0.050463 
