0 0.670964 0.799306 0.0606771 0.0958333 
0 0.461979 0.118519 0.0453125 0.0777778 
0 0.515625 0.260185 0.0666667 0.0675926 
0 0.684115 0.589815 0.0401042 0.105556 
0 0.797396 0.576389 0.0354167 0.0898148 
0 0.79401 0.357176 0.0604167 0.0680556 
0 0.46224 0.319907 0.0380208 0.0574074 
0 0.313932 0.793056 0.0325521 0.0601852 
0 0.509245 0.520139 0.0539063 0.0967593 
0 0.630339 0.67963 0.0476562 0.178704 
0 0.439453 0.777778 0.0335938 0.102778 
0 0.175521 0.13588 0.0494792 0.0587963 
0 0.570833 0.149769 0.0453125 0.0986111 
0 0.272656 0.203241 0.0567708 0.0537037 
0 0.51901 0.828241 0.0755208 0.0740741 
0 0.70599 0.352546 0.0255208 0.0449074 
0 0.228255 0.129398 0.0486979 0.074537 
0 0.703125 0.265046 0.0322917 0.0615741 
0 0.15651 0.400231 0.0348958 0.0921296 
0 0.30625 0.705787 0.0567708 0.075463 
0 0.429948 0.272222 0.0880208 0.0657407 
0 0.235938 0.72963 0.0427083 0.0694444 
0 0.273177 0.0328704 0.0661458 0.0537037 
0 0.0253906 0.280093 0.0476562 0.0425926 
0 0.203776 0.966898 0.0429688 0.0625 
0 0.483203 0.0416667 0.0476562 0.0805556 
0 0.75 0.659259 0.0291667 0.0907407 
0 0.826172 0.723148 0.0492188 0.0425926 
0 0.172266 0.330324 0.0236979 0.050463 
0 0.761719 0.480787 0.0984375 0.0615741 
0 0.188542 0.264352 0.0369792 0.0638889 
0 0.627995 0.230324 0.0841146 0.0726852 
0 0.327344 0.0782407 0.0369792 0.0407407 
0 0.0592448 0.102546 0.0289063 0.0523148 
0 0.466667 0.484722 0.0682292 0.062037 
0 0.405469 0.713426 0.0494792 0.0768519 
0 0.229557 0.422454 0.0585938 0.0791667 
0 0.347135 0.815972 0.0359375 0.0615741 
0 0.526953 0.913194 0.0351562 0.0800926 
0 0.143359 0.0800926 0.0268229 0.0564815 
0 0.0182292 0.0180556 0.0265625 0.0351852 
0 0.767578 0.186111 0.0346354 0.0777778 
0 0.635807 0.43912 0.0361979 0.119907 
0 0.283854 0.462963 0.0385417 0.103704 
0 0.376563 0.541667 0.0463542 0.0444444 
0 0.0980469 0.201389 0.0455729 0.0574074 
0 0.0204427 0.678472 0.0367187 0.0643518 
0 0.185156 0.0555556 0.0421875 0.0833333 
0 0.573177 0.0486111 0.0385417 0.0953704 
0 0.0514323 0.212963 0.0664062 0.0435185 
