0 0.335677 0.543287 0.0536458 0.0949074 
0 0.635156 0.536111 0.0458333 0.117593 
0 0.97513 0.358333 0.0471354 0.109259 
0 0.967318 0.438194 0.0429688 0.109722 
0 0.604427 0.314815 0.0416667 0.0777778 
0 0.604036 0.932176 0.0429688 0.0791667 
0 0.0229167 0.673611 0.0364583 0.0907407 
0 0.268359 0.536111 0.0325521 0.105556 
0 0.258333 0.655787 0.0354167 0.111574 
0 0.75 0.509722 0.0385417 0.110185 
0 0.697266 0.589352 0.0591146 0.0833333 
0 0.258854 0.439583 0.0552083 0.0634259 
0 0.0432292 0.55 0.040625 0.0694444 
0 0.855859 0.66088 0.0361979 0.0458333 
0 0.159245 0.585417 0.0382813 0.152315 
0 0.851042 0.324769 0.025 0.103241 
0 0.124349 0.403704 0.0356771 0.0824074 
0 0.127604 0.508333 0.0260417 0.0712963 
0 0.849219 0.898611 0.0541667 0.0888889 
0 0.91849 0.61713 0.0411458 0.126852 
0 0.434505 0.870139 0.0367187 0.0810185 
0 0.789453 0.558102 0.0648438 0.0828704 
0 0.338672 0.618981 0.0351562 0.0777778 
0 0.606901 0.422917 0.0809896 0.0615741 
0 0.935547 0.493056 0.0388021 0.124074 
0 0.229687 0.60162 0.0744792 0.0634259 
0 0.531771 0.475231 0.0463542 0.0625 
0 0.451693 0.41412 0.0476562 0.0671296 
0 0.200911 0.477083 0.0565104 0.0680556 
0 0.0567708 0.485648 0.0614583 0.0759259 
0 0.313932 0.472222 0.0570313 0.0675926 
0 0.104557 0.754398 0.0460938 0.0597222 
0 0.172005 0.725231 0.0533854 0.106019 
0 0.33099 0.807639 0.0354167 0.0615741 
0 0.071875 0.633565 0.05 0.0875 
0 0.978516 0.772685 0.0361979 0.0935185 
0 0.500911 0.955787 0.0388021 0.074537 
0 0.830078 0.303009 0.0325521 0.0597222 
0 0.80612 0.452778 0.0403646 0.0685185 
0 0.452344 0.605324 0.0463542 0.0671296 
0 0.306641 0.746296 0.0341146 0.0796296 
0 0.426042 0.924537 0.0536458 0.0712963 
0 0.878906 0.884954 0.0453125 0.075463 
0 0.682552 0.312731 0.0609375 0.0569444 
0 0.084375 0.899306 0.0333333 0.0449074 
0 0.613281 0.67963 0.0473958 0.087037 
0 0.74362 0.919213 0.0309896 0.0689815 
0 0.474349 0.907176 0.0299479 0.0726852 
0 0.70612 0.43287 0.0747396 0.0796296 
0 0.593359 0.129167 0.0450521 0.0518519 
0 0.897917 0.741204 0.0489583 0.0537037 
0 0.0204427 0.779167 0.0372396 0.0842593 
0 0.657161 0.735648 0.0591146 0.0666667 
0 0.516536 0.754861 0.0377604 0.0699074 
0 0.884766 0.811574 0.0372396 0.0425926 
0 0.548307 0.674537 0.0419271 0.0648148 
0 0.162109 0.921065 0.0476562 0.0643518 
0 0.503906 0.624537 0.0234375 0.0694444 
