0 0.80612 0.237731 0.0638021 0.110648 
0 0.849219 0.0377315 0.0609375 0.075463 
0 0.723177 0.840278 0.0572917 0.0712963 
0 0.303776 0.0344907 0.0690104 0.0689815 
0 0.776432 0.595833 0.110677 0.0694444 
0 0.490495 0.296528 0.0570313 0.075463 
0 0.740755 0.1875 0.0585938 0.0703704 
0 0.504427 0.574306 0.0572917 0.0708333 
0 0.401823 0.330093 0.0703125 0.0740741 
0 0.413281 0.548843 0.0744792 0.106944 
0 0.0738281 0.32037 0.0361979 0.0694444 
0 0.0346354 0.827083 0.0421875 0.0597222 
0 0.111979 0.576389 0.0338542 0.111111 
0 0.471354 0.441898 0.0390625 0.0523148 
0 0.849089 0.969676 0.11224 0.0606481 
0 0.295052 0.220602 0.0354167 0.0782407 
0 0.365755 0.125926 0.0554687 0.0990741 
0 0.0441406 0.652315 0.0330729 0.0481481 
0 0.158333 0.560417 0.0463542 0.134722 
0 0.550781 0.532176 0.0322917 0.155093 
0 0.525391 0.887963 0.0585938 0.0805556 
0 0.488542 0.73912 0.0901042 0.0875 
0 0.173047 0.928009 0.0356771 0.106944 
0 0.69974 0.699537 0.0619792 0.111111 
0 0.25625 0.221991 0.0317708 0.0689815 
0 0.405208 0.470602 0.0494792 0.0523148 
0 0.439193 0.869444 0.0716146 0.062037 
0 0.250651 0.856019 0.0471354 0.0453704 
0 0.975651 0.0972222 0.0398437 0.062037 
0 0.477995 0.971296 0.0929687 0.0537037 
0 0.0950521 0.675926 0.0270833 0.0694444 
0 0.33724 0.965278 0.053125 0.0657407 
0 0.13112 0.0909722 0.0455729 0.075463 
0 0.340104 0.188889 0.0489583 0.0555556 
0 0.118359 0.28588 0.0320312 0.0875 
0 0.0946615 0.815278 0.0356771 0.0898148 
0 0.577734 0.323148 0.0309896 0.130556 
0 0.173698 0.763889 0.0302083 0.075 
0 0.458984 0.234954 0.0382813 0.0578704 
0 0.0265625 0.763889 0.053125 0.0444444 
0 0.766667 0.0259259 0.0807292 0.0518519 
0 0.230729 0.111574 0.0515625 0.0592593 
0 0.534635 0.0201389 0.0484375 0.0402778 
0 0.959505 0.369213 0.0434896 0.050463 
0 0.328125 0.341898 0.0723958 0.0476852 
0 0.236328 0.444213 0.0507812 0.0847222 
0 0.26875 0.739583 0.0276042 0.130093 
0 0.286198 0.405787 0.0296875 0.0875 
0 0.621094 0.297917 0.0291667 0.114352 
0 0.693359 0.633102 0.0825521 0.136574 
0 0.132943 0.0344907 0.0382813 0.0689815 
0 0.132422 0.431713 0.0497396 0.0708333 
0 0.933594 0.785417 0.0380208 0.0532407 
0 0.259505 0.336111 0.0736979 0.0592593 
0 0.602604 0.734259 0.0473958 0.150926 
0 0.0721354 0.787731 0.0286458 0.0523148 
0 0.163151 0.81088 0.0481771 0.0662037 
0 0.619661 0.561574 0.0924479 0.125 
0 0.49349 0.817593 0.0546875 0.0888889 
0 0.674349 0.144213 0.0320312 0.0569444 
0 0.26263 0.0627315 0.0481771 0.0513889 
0 0.234766 0.598843 0.0664062 0.0587963 
