0 0.953125 0.0736111 0.0333333 0.137037 
0 0.814974 0.0537037 0.0341146 0.107407 
0 0.120312 0.529861 0.0432292 0.10787 
0 0.383333 0.168519 0.0614583 0.0824074 
0 0.787109 0.366204 0.0450521 0.0888889 
0 0.532292 0.269907 0.040625 0.107407 
0 0.83151 0.159954 0.0546875 0.0736111 
0 0.673437 0.396759 0.0307292 0.133333 
0 0.522005 0.548148 0.0414063 0.113889 
0 0.256771 0.0599537 0.0489583 0.0708333 
0 0.160547 0.218287 0.0507812 0.0560185 
0 0.982943 0.571991 0.0341146 0.0708333 
0 0.944401 0.791204 0.0450521 0.0638889 
0 0.944271 0.548611 0.0489583 0.0777778 
0 0.701172 0.254167 0.0356771 0.0824074 
0 0.516146 0.0944444 0.0333333 0.0537037 
0 0.128906 0.299537 0.0479167 0.0787037 
0 0.0260417 0.446991 0.0354167 0.109722 
0 0.0345052 0.211806 0.0585938 0.0773148 
0 0.0984375 0.09375 0.0885417 0.0912037 
0 0.736849 0.431481 0.0403646 0.0796296 
0 0.546354 0.388889 0.0546875 0.0657407 
0 0.527865 0.0266204 0.0625 0.0532407 
0 0.792448 0.754167 0.0385417 0.0518519 
0 0.948828 0.271296 0.0429688 0.112037 
0 0.944401 0.4875 0.0549479 0.0925926 
0 0.43138 0.251157 0.0622396 0.0958333 
0 0.28737 0.188889 0.0408854 0.0675926 
0 0.881771 0.900231 0.0510417 0.0865741 
0 0.554167 0.549074 0.03125 0.116667 
0 0.0171875 0.358565 0.0322917 0.0884259 
0 0.838281 0.500926 0.0296875 0.0861111 
0 0.419922 0.318519 0.0320312 0.0972222 
0 0.621094 0.396991 0.0510417 0.144907 
0 0.640625 0.249537 0.0682292 0.106481 
0 0.663672 0.187269 0.0533854 0.0837963 
0 0.598568 0.293981 0.0408854 0.0592593 
0 0.958464 0.642361 0.0679687 0.0819444 
0 0.586979 0.514352 0.0317708 0.0972222 
0 0.486589 0.442361 0.0518229 0.075463 
0 0.198047 0.495602 0.0372396 0.0763889 
0 0.284115 0.103241 0.0453125 0.0611111 
