0 0.61875 0.113194 0.0473958 0.134722 
0 0.0770833 0.549769 0.0791667 0.148611 
0 0.978516 0.598611 0.0388021 0.166667 
0 0.505859 0.0428241 0.0783854 0.0763889 
0 0.80612 0.677083 0.0549479 0.143056 
0 0.680729 0.846296 0.0348958 0.132407 
0 0.645964 0.819444 0.0434896 0.087037 
0 0.265885 0.875926 0.0296875 0.121296 
0 0.792578 0.852778 0.0393229 0.112037 
0 0.614714 0.0300926 0.0513021 0.0601852 
0 0.784115 0.26875 0.0348958 0.101389 
0 0.711458 0.767824 0.0411458 0.120833 
0 0.863281 0.815972 0.0552083 0.10787 
0 0.204297 0.959491 0.0710938 0.0810185 
0 0.861328 0.410648 0.0643229 0.0703704 
0 0.303516 0.670139 0.0606771 0.120833 
0 0.389193 0.307639 0.0382813 0.118981 
0 0.657682 0.952315 0.0809896 0.0916667 
0 0.735417 0.126157 0.0494792 0.111574 
0 0.36276 0.83588 0.0317708 0.0967593 
0 0.909245 0.449074 0.0403646 0.148148 
0 0.69974 0.595833 0.0765625 0.0611111 
0 0.928255 0.0361111 0.111719 0.0722222 
0 0.206901 0.55162 0.0585938 0.123611 
0 0.165104 0.705324 0.0427083 0.0893519 
0 0.888151 0.508333 0.0367187 0.0638889 
0 0.314583 0.3375 0.0796875 0.0574074 
0 0.532292 0.736574 0.0583333 0.062963 
0 0.745052 0.878472 0.0317708 0.135648 
0 0.585026 0.442824 0.0773437 0.131019 
0 0.370833 0.121528 0.0333333 0.075463 
0 0.920833 0.0976852 0.04375 0.0814815 
0 0.751042 0.749074 0.0416667 0.121296 
0 0.647396 0.745833 0.0567708 0.087963 
0 0.377865 0.207176 0.0755208 0.0532407 
0 0.744661 0.346991 0.0638021 0.0680556 
0 0.222005 0.449074 0.0815104 0.0666667 
0 0.535547 0.645833 0.0315104 0.1 
0 0.534635 0.503009 0.059375 0.101389 
0 0.649479 0.568519 0.0401042 0.0888889 
0 0.414062 0.451389 0.0760417 0.0462963 
0 0.0466146 0.29213 0.0755208 0.0740741 
0 0.0204427 0.975694 0.0388021 0.0476852 
0 0.0703125 0.974769 0.040625 0.0486111 
0 0.933594 0.72963 0.05625 0.0407407 
0 0.269792 0.791667 0.0536458 0.0833333 
