0 0.791016 0.249769 0.0742188 0.156019 
0 0.850521 0.0502315 0.0541667 0.100463 
0 0.854036 0.519213 0.0408854 0.0773148 
0 0.395182 0.384259 0.0539063 0.112037 
0 0.339844 0.0474537 0.0447917 0.0689815 
0 0.769531 0.41875 0.0640625 0.0763889 
0 0.826172 0.57963 0.0330729 0.0555556 
0 0.577083 0.514815 0.0578125 0.0685185 
0 0.0511719 0.4875 0.0554687 0.153704 
0 0.740234 0.612037 0.0684896 0.087963 
0 0.901823 0.425 0.0427083 0.0601852 
0 0.862891 0.45625 0.0335938 0.0597222 
0 0.680599 0.626157 0.0398437 0.103241 
0 0.314453 0.134259 0.0502604 0.0601852 
0 0.70599 0.282176 0.0369792 0.0930556 
0 0.34401 0.237963 0.0390625 0.0796296 
0 0.475651 0.493056 0.0388021 0.0916667 
0 0.245052 0.564583 0.046875 0.075463 
0 0.726562 0.459722 0.0322917 0.0935185 
0 0.289062 0.372222 0.0463542 0.0953704 
0 0.49362 0.347454 0.0497396 0.075463 
0 0.67487 0.40162 0.0497396 0.0634259 
0 0.413932 0.567361 0.0539063 0.0773148 
0 0.806641 0.501157 0.0335938 0.0606481 
0 0.225 0.471528 0.0291667 0.0606481 
0 0.714844 0.864583 0.0380208 0.075463 
0 0.559115 0.687037 0.0635417 0.0731481 
0 0.33151 0.410185 0.05 0.169444 
0 0.0894531 0.486111 0.0445312 0.0907407 
0 0.539583 0.397454 0.0713542 0.0615741 
0 0.429948 0.650463 0.0375 0.121296 
0 0.0947917 0.588194 0.0494792 0.0865741 
0 0.442318 0.333796 0.0257812 0.126852 
0 0.716797 0.347917 0.0263021 0.0912037 
0 0.766146 0.709722 0.0270833 0.0787037 
0 0.818359 0.727083 0.0184896 0.075463 
0 0.0394531 0.811343 0.0486979 0.075463 
0 0.370573 0.287037 0.040625 0.0787037 
0 0.955599 0.75463 0.0372396 0.122222 
0 0.136458 0.562037 0.028125 0.1 
0 0.624609 0.32662 0.0231771 0.0930556 
0 0.297656 0.280787 0.0354167 0.0921296 
0 0.738802 0.253241 0.0505208 0.0574074 
0 0.0641927 0.566898 0.0289063 0.129167 
