0 0.0377604 0.178704 0.0557292 0.125 
0 0.428646 0.953935 0.0489583 0.0921296 
0 0.0427083 0.365509 0.0375 0.111574 
0 0.275781 0.356481 0.0354167 0.126852 
0 0.317448 0.346759 0.0380208 0.114815 
0 0.0395833 0.835648 0.0364583 0.0953704 
0 0.821745 0.552083 0.0434896 0.0837963 
0 0.279687 0.80463 0.040625 0.0972222 
0 0.659115 0.382639 0.0692708 0.0893519 
0 0.121875 0.312037 0.0317708 0.0592593 
0 0.117188 0.246065 0.0697917 0.075463 
0 0.638672 0.766435 0.0356771 0.127315 
0 0.407422 0.676389 0.0309896 0.131481 
0 0.0813802 0.689815 0.0346354 0.0768519 
0 0.402344 0.775926 0.0489583 0.0731481 
0 0.724089 0.796759 0.0914062 0.0916667 
0 0.180078 0.305787 0.0424479 0.122685 
0 0.742188 0.333333 0.0625 0.123148 
0 0.350521 0.0844907 0.0322917 0.0865741 
0 0.86237 0.504861 0.0341146 0.0680556 
0 0.929688 0.424074 0.090625 0.0611111 
0 0.591276 0.605556 0.0424479 0.1 
0 0.864193 0.934028 0.0497396 0.123611 
0 0.913151 0.890509 0.0492188 0.0689815 
0 0.79987 0.335417 0.0851562 0.0717593 
0 0.897917 0.230787 0.0489583 0.0930556 
0 0.0276042 0.605093 0.0484375 0.0944444 
0 0.352344 0.270602 0.040625 0.104167 
0 0.719271 0.657407 0.0546875 0.0537037 
0 0.352865 0.891435 0.04375 0.0865741 
0 0.877474 0.818981 0.0304688 0.0907407 
0 0.391276 0.568981 0.0304688 0.05 
0 0.154036 0.629861 0.0398437 0.0662037 
0 0.143229 0.486806 0.0505208 0.0736111 
0 0.0808594 0.422222 0.0252604 0.0509259 
0 0.659766 0.0449074 0.0341146 0.0898148 
0 0.345703 0.799074 0.0518229 0.110185 
0 0.0335938 0.959954 0.0453125 0.074537 
0 0.767057 0.923611 0.0502604 0.119444 
0 0.577083 0.855556 0.0416667 0.0814815 
0 0.696354 0.0655093 0.0234375 0.099537 
0 0.034375 0.129167 0.0401042 0.0657407 
0 0.939062 0.763889 0.0333333 0.117593 
0 0.240365 0.255556 0.0317708 0.0777778 
0 0.633854 0.875 0.0432292 0.117593 
0 0.822786 0.814583 0.0403646 0.111574 
0 0.752474 0.711343 0.0289063 0.0541667 
0 0.639063 0.445602 0.0640625 0.0625 
0 0.269531 0.094213 0.0598958 0.10787 
0 0.150911 0.769907 0.0408854 0.075 
0 0.464844 0.103935 0.053125 0.0671296 
0 0.983464 0.183333 0.0330729 0.05 
0 0.173177 0.192824 0.0380208 0.0597222 
0 0.464323 0.552083 0.0604167 0.0643518 
0 0.347135 0.493981 0.06875 0.0638889 
0 0.29375 0.908102 0.0619792 0.0819444 
0 0.413021 0.210648 0.0192708 0.0722222 
0 0.587891 0.669213 0.0325521 0.104167 
0 0.0240885 0.309028 0.0257812 0.104167 
