0 0.611719 0.258102 0.053125 0.100463 
0 0.777865 0.147454 0.0328125 0.130093 
0 0.816927 0.541898 0.0541667 0.0708333 
0 0.357422 0.180787 0.0341146 0.0513889 
0 0.861328 0.798611 0.0424479 0.0777778 
0 0.511328 0.0428241 0.0513021 0.0837963 
0 0.39987 0.764815 0.0481771 0.0648148 
0 0.210547 0.271065 0.0486979 0.0800926 
0 0.618099 0.382639 0.0721354 0.0717593 
0 0.819271 0.253704 0.0265625 0.0657407 
0 0.280339 0.196065 0.0523437 0.0634259 
0 0.337891 0.320139 0.0544271 0.0569444 
0 0.939453 0.598611 0.0351562 0.0722222 
0 0.683073 0.814352 0.0401042 0.0509259 
0 0.935547 0.322685 0.0450521 0.062037 
0 0.0895833 0.0671296 0.0338542 0.126852 
0 0.596615 0.806481 0.04375 0.0842593 
0 0.978125 0.719213 0.0364583 0.114352 
0 0.664583 0.694444 0.04375 0.0935185 
0 0.790495 0.590278 0.0382813 0.0703704 
0 0.707552 0.653704 0.04375 0.0851852 
0 0.516146 0.262731 0.0505208 0.075463 
0 0.632812 0.623148 0.0317708 0.0842593 
0 0.833464 0.125694 0.0669271 0.0875 
0 0.883203 0.368056 0.0273438 0.0611111 
0 0.711849 0.526389 0.0372396 0.0861111 
0 0.63763 0.181019 0.0335938 0.0953704 
0 0.688411 0.395139 0.0502604 0.128241 
0 0.69974 0.960185 0.0536458 0.0787037 
0 0.188932 0.445833 0.0320312 0.0490741 
0 0.517187 0.116667 0.0453125 0.05 
0 0.914453 0.91412 0.0611979 0.0763889 
0 0.703125 0.286806 0.034375 0.0439815 
0 0.415495 0.45625 0.0518229 0.0476852 
0 0.876432 0.281944 0.0445312 0.0462963 
0 0.911719 0.409028 0.0536458 0.0606481 
0 0.342969 0.628704 0.0307292 0.0638889 
0 0.70651 0.093287 0.0265625 0.0597222 
0 0.57526 0.138889 0.0473958 0.0527778 
0 0.285937 0.447454 0.0333333 0.0652778 
0 0.492188 0.697917 0.0395833 0.0643518 
0 0.930208 0.225 0.0484375 0.0638889 
0 0.504297 0.559954 0.0533854 0.0625 
0 0.780339 0.338657 0.0377604 0.0643518 
0 0.156641 0.539815 0.0434896 0.0537037 
0 0.447005 0.265741 0.0414063 0.0935185 
0 0.984375 0.894907 0.0302083 0.0842593 
0 0.976042 0.0270833 0.0359375 0.0541667 
0 0.0175781 0.240046 0.0330729 0.0652778 
0 0.810547 0.712731 0.0481771 0.0569444 
0 0.0136719 0.491898 0.0273438 0.0800926 
0 0.483984 0.447454 0.0460938 0.0671296 
0 0.245052 0.509722 0.04375 0.0537037 
0 0.76862 0.734259 0.0247396 0.0925926 
0 0.566406 0.9375 0.0484375 0.0842593 
0 0.75625 0.884491 0.0489583 0.0800926 
0 0.522526 0.655787 0.0414063 0.0532407 
0 0.116536 0.401389 0.0648438 0.0453704 
0 0.148828 0.459259 0.0294271 0.062037 
0 0.749609 0.281019 0.0341146 0.103704 
0 0.461979 0.563194 0.0244792 0.050463 
0 0.166536 0.688194 0.0559896 0.0689815 
0 0.669401 0.541898 0.0341146 0.114352 
0 0.344271 0.268056 0.0364583 0.0638889 
