0 0.58151 0.443056 0.0713542 0.111111 
0 0.347005 0.244444 0.0549479 0.15463 
0 0.33151 0.652778 0.040625 0.111111 
0 0.813411 0.324537 0.0789063 0.123148 
0 0.48724 0.1125 0.03125 0.121296 
0 0.25625 0.279398 0.0510417 0.166204 
0 0.257292 0.767361 0.0526042 0.0689815 
0 0.949219 0.700926 0.0359375 0.135185 
0 0.473698 0.878009 0.0505208 0.121759 
0 0.350911 0.0233796 0.0388021 0.0467593 
0 0.929167 0.184259 0.065625 0.0888889 
0 0.640104 0.854167 0.0427083 0.0962963 
0 0.402344 0.380324 0.0442708 0.106019 
0 0.748568 0.290972 0.0382813 0.116204 
0 0.292318 0.51088 0.0393229 0.0810185 
0 0.123828 0.538194 0.0257812 0.0958333 
0 0.221094 0.689352 0.0333333 0.1 
0 0.715755 0.268287 0.0445312 0.128241 
0 0.777344 0.526157 0.0526042 0.113426 
0 0.971094 0.300463 0.053125 0.144444 
0 0.290495 0.71875 0.0356771 0.118981 
0 0.216406 0.386343 0.0317708 0.0902778 
0 0.527865 0.484028 0.0427083 0.0587963 
0 0.573307 0.237731 0.0429688 0.0791667 
0 0.934505 0.854167 0.0507812 0.128704 
0 0.568359 0.150694 0.0236979 0.101389 
0 0.674349 0.849537 0.0424479 0.130556 
0 0.441927 0.587269 0.0510417 0.0791667 
0 0.627865 0.272917 0.0729167 0.0634259 
0 0.602083 0.362037 0.0734375 0.0601852 
0 0.212109 0.190741 0.0471354 0.075 
0 0.592839 0.883565 0.0388021 0.0587963 
0 0.926172 0.0976852 0.0388021 0.062037 
0 0.470182 0.65787 0.0789063 0.0805556 
0 0.565495 0.557639 0.0330729 0.0652778 
0 0.147786 0.682407 0.0414063 0.0768519 
0 0.246875 0.921991 0.0239583 0.0856481 
0 0.534766 0.128935 0.0398437 0.0958333 
0 0.977604 0.466667 0.0432292 0.114815 
0 0.0371094 0.354167 0.0361979 0.101852 
0 0.732422 0.753472 0.0481771 0.0569444 
0 0.240495 0.624537 0.0539063 0.0935185 
0 0.34349 0.843056 0.0338542 0.0546296 
0 0.88724 0.140509 0.0291667 0.0587963 
0 0.0457031 0.955556 0.0361979 0.0759259 
0 0.29349 0.978935 0.0432292 0.0421296 
0 0.798828 0.80162 0.0341146 0.0902778 
0 0.355208 0.925231 0.0494792 0.0782407 
0 0.797786 0.893056 0.0481771 0.0675926 
0 0.0907552 0.474769 0.0617188 0.0560185 
0 0.61862 0.924537 0.0445312 0.100926 
0 0.183594 0.199074 0.065625 0.136111 
0 0.801823 0.771759 0.0380208 0.114815 
0 0.983464 0.927083 0.0320312 0.118056 
