0 0.947266 0.124769 0.0429688 0.113426 
0 0.699219 0.28588 0.0651042 0.0986111 
0 0.948698 0.618056 0.0604167 0.101852 
0 0.615625 0.0675926 0.0567708 0.0796296 
0 0.550781 0.0675926 0.06875 0.110185 
0 0.739844 0.834259 0.0541667 0.0981481 
0 0.900781 0.281481 0.0567708 0.143519 
0 0.147135 0.519907 0.0765625 0.0666667 
0 0.275911 0.691898 0.0674479 0.074537 
0 0.89362 0.540972 0.0367187 0.0569444 
0 0.951172 0.413657 0.0471354 0.0578704 
0 0.868229 0.477315 0.040625 0.160185 
0 0.425521 0.343981 0.05 0.10463 
0 0.386719 0.73588 0.0375 0.0865741 
0 0.156771 0.620833 0.0677083 0.0666667 
0 0.55612 0.954861 0.0419271 0.0902778 
0 0.971224 0.493056 0.0335938 0.0712963 
0 0.214714 0.260648 0.0611979 0.117593 
0 0.0884115 0.83287 0.0486979 0.112037 
0 0.348307 0.533565 0.0351562 0.144907 
0 0.32526 0.586806 0.0640625 0.0837963 
0 0.227474 0.796065 0.0606771 0.116204 
0 0.496484 0.814583 0.0429688 0.110648 
0 0.0480469 0.868056 0.0398437 0.105556 
0 0.241536 0.421991 0.0429688 0.0662037 
0 0.755469 0.0849537 0.0390625 0.0652778 
0 0.360026 0.386343 0.0335938 0.0902778 
0 0.0703125 0.210648 0.0890625 0.117593 
0 0.0757812 0.488194 0.053125 0.0763889 
0 0.024349 0.363657 0.0450521 0.0800926 
0 0.264453 0.306481 0.0570313 0.0740741 
0 0.619141 0.34838 0.0445312 0.0587963 
0 0.686458 0.784954 0.0494792 0.103241 
0 0.764193 0.404861 0.0471354 0.109722 
0 0.697786 0.959491 0.0747396 0.0810185 
0 0.694922 0.58287 0.11276 0.14537 
0 0.233984 0.503009 0.0523437 0.0819444 
0 0.83099 0.406481 0.0385417 0.0768519 
0 0.171354 0.351852 0.0625 0.0712963 
0 0.449479 0.590741 0.0515625 0.139815 
0 0.297135 0.237269 0.0588542 0.0476852 
0 0.573307 0.554167 0.0539063 0.062963 
0 0.788542 0.0872685 0.0791667 0.1625 
0 0.80612 0.860185 0.0846354 0.0777778 
0 0.389453 0.907176 0.0653646 0.0819444 
0 0.797786 0.0451389 0.0669271 0.0902778 
0 0.590755 0.35162 0.0346354 0.0763889 
0 0.386979 0.191667 0.0625 0.0666667 
0 0.166927 0.270833 0.0364583 0.0694444 
0 0.491667 0.548148 0.053125 0.0814815 
0 0.517578 0.148611 0.0377604 0.0555556 
0 0.901432 0.623611 0.0533854 0.0518519 
0 0.736849 0.462731 0.0398437 0.0865741 
0 0.147135 0.9375 0.0348958 0.0583333 
