0 0.711849 0.197917 0.0950521 0.160648 
0 0.902344 0.118056 0.11875 0.169444 
0 0.741146 0.258102 0.0458333 0.099537 
0 0.808594 0.762731 0.0416667 0.0578704 
0 0.86276 0.250231 0.122396 0.0736111 
0 0.651823 0.547917 0.0427083 0.0652778 
0 0.131771 0.878704 0.0359375 0.0583333 
0 0.582552 0.0423611 0.034375 0.0800926 
0 0.629818 0.300694 0.0486979 0.0550926 
0 0.833464 0.204167 0.111719 0.0694444 
0 0.611849 0.395602 0.0736979 0.0652778 
0 0.529297 0.299537 0.0773437 0.0833333 
0 0.695312 0.648843 0.046875 0.0967593 
0 0.579167 0.169213 0.0317708 0.119907 
0 0.623958 0.122454 0.0291667 0.0439815 
0 0.404427 0.572917 0.0635417 0.0569444 
0 0.409766 0.166667 0.0591146 0.0509259 
0 0.654688 0.0486111 0.0385417 0.0972222 
0 0.638672 0.909722 0.0445312 0.152778 
0 0.609375 0.827315 0.0328125 0.062963 
0 0.516016 0.443981 0.0606771 0.0592593 
0 0.536589 0.205093 0.0434896 0.105556 
0 0.563932 0.566435 0.0570313 0.0458333 
0 0.0259115 0.0483796 0.0408854 0.0717593 
0 0.629948 0.466204 0.0630208 0.0851852 
0 0.705469 0.333102 0.0786458 0.0726852 
0 0.272005 0.328241 0.0658854 0.0648148 
0 0.597135 0.762963 0.0625 0.0777778 
0 0.770052 0.477546 0.0697917 0.0819444 
0 0.409896 0.230324 0.0635417 0.0671296 
0 0.409375 0.713426 0.0427083 0.0759259 
0 0.332552 0.775231 0.0369792 0.109722 
0 0.0889323 0.037963 0.0273438 0.0527778 
0 0.602474 0.971296 0.0377604 0.0527778 
0 0.188802 0.477546 0.0427083 0.0550926 
0 0.397396 0.921759 0.0880208 0.0796296 
0 0.506771 0.644907 0.0369792 0.1 
0 0.246224 0.745602 0.0414063 0.0606481 
0 0.018099 0.960185 0.0361979 0.0675926 
0 0.296875 0.424306 0.0791667 0.050463 
0 0.121615 0.699306 0.0385417 0.0625 
0 0.226302 0.386574 0.046875 0.0574074 
0 0.259245 0.864583 0.0445312 0.0893519 
