0 0.907682 0.0949074 0.0690104 0.062037 
0 0.610286 0.613194 0.0377604 0.116204 
0 0.787109 0.16875 0.0648438 0.106019 
0 0.370833 0.533796 0.0385417 0.0796296 
0 0.185937 0.493981 0.046875 0.0990741 
0 0.453906 0.490509 0.0546875 0.0689815 
0 0.590365 0.75463 0.040625 0.0648148 
0 0.358854 0.32338 0.0375 0.0884259 
0 0.941927 0.168519 0.08125 0.0814815 
0 0.530729 0.128009 0.0333333 0.1625 
0 0.7875 0.0349537 0.0348958 0.0680556 
0 0.917969 0.668056 0.0494792 0.0703704 
0 0.709505 0.169444 0.0716146 0.0796296 
0 0.396875 0.320833 0.0380208 0.0648148 
0 0.836849 0.510417 0.0544271 0.0976852 
0 0.217318 0.347917 0.0398437 0.0810185 
0 0.907812 0.398611 0.0552083 0.0759259 
0 0.271094 0.277778 0.0375 0.105556 
0 0.781771 0.322222 0.06875 0.113889 
0 0.191927 0.179398 0.0416667 0.1125 
0 0.0761719 0.0456019 0.0533854 0.075463 
0 0.456901 0.0326389 0.0450521 0.0652778 
0 0.561979 0.131713 0.034375 0.1375 
0 0.283724 0.424306 0.0554687 0.0550926 
0 0.0222656 0.703009 0.0346354 0.0587963 
0 0.960026 0.587269 0.0518229 0.0847222 
0 0.348177 0.637963 0.0286458 0.0574074 
0 0.339844 0.128935 0.0333333 0.102315 
0 0.51263 0.744444 0.0419271 0.0675926 
0 0.948177 0.0212963 0.0421875 0.0425926 
0 0.474609 0.28125 0.0289063 0.0967593 
0 0.696745 0.883565 0.0403646 0.109722 
0 0.634766 0.763889 0.0445312 0.0527778 
0 0.264323 0.134954 0.0328125 0.0930556 
0 0.142057 0.850231 0.0544271 0.0625 
0 0.404818 0.242361 0.0216146 0.0726852 
0 0.698698 0.449074 0.0270833 0.0851852 
0 0.127083 0.29213 0.0276042 0.0851852 
0 0.0807292 0.212037 0.0515625 0.0824074 
0 0.482422 0.397685 0.0549479 0.0953704 
0 0.0358073 0.52037 0.0575521 0.0824074 
0 0.185417 0.739815 0.0395833 0.0777778 
0 0.313932 0.803241 0.0419271 0.0685185 
0 0.269661 0.837269 0.0304688 0.099537 
0 0.746615 0.269676 0.0489583 0.0875 
0 0.914062 0.877546 0.0645833 0.0625 
0 0.153125 0.618519 0.0322917 0.0824074 
