0 0.792448 0.333333 0.0520833 0.137037 
0 0.160417 0.315278 0.0609375 0.113889 
0 0.297135 0.428704 0.0307292 0.0898148 
0 0.899349 0.734259 0.0591146 0.0712963 
0 0.945312 0.143519 0.084375 0.0824074 
0 0.348177 0.390046 0.0515625 0.0976852 
0 0.34987 0.919213 0.0591146 0.0791667 
0 0.469661 0.131944 0.0700521 0.103704 
0 0.873047 0.65463 0.0622396 0.108333 
0 0.647396 0.493981 0.0390625 0.087963 
0 0.314714 0.240278 0.0669271 0.0675926 
0 0.187109 0.817824 0.0539063 0.0884259 
0 0.778776 0.508333 0.0408854 0.152778 
0 0.186328 0.459259 0.0356771 0.0768519 
0 0.0264323 0.873148 0.0440104 0.0962963 
0 0.817839 0.571296 0.0341146 0.062037 
0 0.511328 0.395139 0.0367187 0.0884259 
0 0.134635 0.717361 0.03125 0.049537 
0 0.335286 0.761806 0.0424479 0.0810185 
0 0.25625 0.30463 0.0588542 0.0777778 
0 0.833073 0.183565 0.0526042 0.125463 
0 0.516536 0.128704 0.0690104 0.0824074 
0 0.117057 0.643981 0.0611979 0.062037 
0 0.232422 0.709028 0.0606771 0.0699074 
0 0.0669271 0.838426 0.0447917 0.101852 
0 0.85651 0.453935 0.0416667 0.0625 
0 0.444531 0.829861 0.0427083 0.108796 
0 0.209115 0.35463 0.0583333 0.0731481 
0 0.253646 0.964583 0.0546875 0.0699074 
0 0.670443 0.130324 0.0674479 0.214352 
0 0.288672 0.573148 0.0507812 0.15 
0 0.449219 0.208565 0.034375 0.0680556 
0 0.983464 0.715741 0.0299479 0.075 
0 0.595182 0.623148 0.0570313 0.103704 
0 0.858464 0.0293981 0.0669271 0.0587963 
0 0.464063 0.364583 0.0416667 0.0550926 
0 0.524349 0.0506944 0.0450521 0.0671296 
0 0.11875 0.330324 0.03125 0.0671296 
0 0.302995 0.893287 0.0570313 0.0615741 
0 0.727604 0.883796 0.0786458 0.0703704 
0 0.779818 0.880556 0.0294271 0.15463 
0 0.66849 0.85 0.0489583 0.0981481 
0 0.54349 0.385417 0.0442708 0.0578704 
0 0.501432 0.585648 0.0528646 0.0666667 
0 0.0914062 0.550694 0.0661458 0.0671296 
0 0.0332031 0.514352 0.0513021 0.0824074 
0 0.0339844 0.292824 0.0570313 0.0837963 
0 0.437109 0.585648 0.0497396 0.0583333 
0 0.388281 0.621065 0.0473958 0.113426 
