0 0.954687 0.484954 0.0354167 0.130093 
0 0.334505 0.808102 0.0304688 0.152315 
0 0.792448 0.474306 0.0614583 0.105093 
0 0.29362 0.819907 0.0434896 0.115741 
0 0.915495 0.688889 0.0372396 0.106481 
0 0.288021 0.721296 0.0864583 0.0935185 
0 0.651823 0.690972 0.0348958 0.0699074 
0 0.920833 0.5125 0.0411458 0.1 
0 0.753906 0.699537 0.0348958 0.0703704 
0 0.815365 0.85 0.0463542 0.0935185 
0 0.67526 0.828935 0.0322917 0.0532407 
0 0.105859 0.962731 0.0669271 0.0680556 
0 0.0445312 0.904398 0.046875 0.135648 
0 0.620573 0.809028 0.0333333 0.10787 
0 0.167448 0.734722 0.126042 0.0722222 
0 0.957943 0.37338 0.0523437 0.0578704 
0 0.24388 0.91412 0.0596354 0.0736111 
0 0.530208 0.810417 0.0375 0.0569444 
0 0.509245 0.890741 0.0497396 0.173148 
0 0.803776 0.955556 0.0539063 0.0675926 
0 0.319531 0.638889 0.0421875 0.0675926 
0 0.760677 0.962731 0.0572917 0.0689815 
0 0.264323 0.266667 0.0395833 0.115741 
