0 0.259245 0.373148 0.0539063 0.105556 
0 0.888151 0.624074 0.0299479 0.0805556 
0 0.558073 0.682407 0.0390625 0.103704 
0 0.329818 0.228241 0.0601562 0.0814815 
0 0.571224 0.338889 0.0565104 0.0509259 
0 0.0570313 0.517824 0.04375 0.0680556 
0 0.739323 0.31088 0.0479167 0.0597222 
0 0.497786 0.311111 0.0539063 0.0601852 
0 0.223568 0.35463 0.0450521 0.0907407 
0 0.604557 0.434259 0.0549479 0.075 
0 0.964453 0.328704 0.0356771 0.1 
0 0.684505 0.337269 0.0497396 0.0726852 
0 0.131901 0.825231 0.0393229 0.0828704 
0 0.903255 0.509954 0.0648438 0.0912037 
0 0.93112 0.960185 0.0539063 0.0759259 
0 0.338932 0.636111 0.0533854 0.0407407 
0 0.254036 0.661111 0.0377604 0.0787037 
0 0.401172 0.508333 0.0315104 0.0888889 
0 0.176823 0.549537 0.0572917 0.102778 
0 0.945833 0.274537 0.0442708 0.0481481 
0 0.789062 0.685648 0.0291667 0.0759259 
0 0.670833 0.505556 0.0447917 0.0564815 
0 0.086849 0.326852 0.0997396 0.0592593 
0 0.300521 0.848843 0.0260417 0.106944 
0 0.705599 0.959259 0.0309896 0.0768519 
0 0.710938 0.673148 0.0458333 0.0990741 
0 0.64987 0.618056 0.0346354 0.0842593 
0 0.286979 0.93588 0.059375 0.075463 
0 0.396484 0.316667 0.0346354 0.0787037 
0 0.144141 0.458333 0.0544271 0.0712963 
0 0.371094 0.934722 0.0447917 0.0768519 
0 0.913021 0.702546 0.0333333 0.075463 
0 0.215885 0.496065 0.0421875 0.074537 
0 0.830599 0.946991 0.0382813 0.0902778 
0 0.0520833 0.161574 0.0432292 0.0861111 
0 0.983464 0.660185 0.0283854 0.106481 
0 0.514583 0.828241 0.0432292 0.0694444 
0 0.322656 0.568981 0.046875 0.0814815 
0 0.211589 0.272454 0.0408854 0.0513889 
0 0.853516 0.72037 0.0460938 0.0805556 
0 0.471875 0.525231 0.0291667 0.0708333 
0 0.164974 0.96875 0.0351562 0.0560185 
0 0.701172 0.791435 0.0361979 0.0893519 
0 0.757292 0.275694 0.0286458 0.0615741 
0 0.801302 0.362731 0.0526042 0.0726852 
0 0.261719 0.499306 0.0546875 0.0458333 
0 0.57474 0.251389 0.0520833 0.0907407 
0 0.778385 0.445833 0.0375 0.0648148 
0 0.615234 0.686574 0.0346354 0.0666667 
0 0.331771 0.476157 0.053125 0.0467593 
0 0.561068 0.781713 0.0294271 0.0782407 
0 0.154036 0.386806 0.0388021 0.0763889 
0 0.898438 0.920139 0.0348958 0.0671296 
0 0.915104 0.390972 0.0286458 0.0856481 
0 0.680729 0.878472 0.034375 0.0893519 
0 0.557552 0.96875 0.0416667 0.0550926 
0 0.592708 0.517361 0.0552083 0.0634259 
0 0.834375 0.324769 0.0614583 0.0486111 
0 0.277083 0.85162 0.0317708 0.0643518 
