0 0.971094 0.144907 0.05625 0.109259 
0 0.955469 0.514815 0.0739583 0.130556 
0 0.961458 0.64537 0.0583333 0.103704 
0 0.588281 0.0979167 0.0604167 0.104167 
0 0.638672 0.225926 0.0351562 0.111111 
0 0.778906 0.630556 0.0385417 0.0527778 
0 0.783203 0.124769 0.0481771 0.14213 
0 0.129557 0.286111 0.0299479 0.0962963 
0 0.845703 0.0381944 0.0606771 0.0671296 
0 0.565885 0.334954 0.0416667 0.0930556 
0 0.941927 0.0527778 0.0645833 0.0796296 
0 0.252474 0.372454 0.0309896 0.074537 
0 0.458464 0.197685 0.0533854 0.112037 
0 0.841797 0.43287 0.0429688 0.0990741 
0 0.286589 0.720833 0.0554687 0.0777778 
0 0.926693 0.369907 0.0502604 0.106481 
0 0.204557 0.375231 0.0507812 0.0541667 
0 0.251693 0.700926 0.0273438 0.075 
0 0.532161 0.401389 0.0304688 0.0842593 
0 0.98151 0.315972 0.0354167 0.0652778 
0 0.0535156 0.577778 0.0820312 0.0851852 
0 0.16237 0.592361 0.0585938 0.0726852 
0 0.161328 0.691435 0.0559896 0.119907 
0 0.520443 0.658565 0.0388021 0.0912037 
0 0.0716146 0.264815 0.0375 0.0712963 
0 0.982943 0.220833 0.0325521 0.0537037 
0 0.335547 0.161111 0.0455729 0.0824074 
0 0.542969 0.47662 0.0291667 0.0560185 
0 0.898958 0.255787 0.0494792 0.0819444 
0 0.465755 0.25463 0.0513021 0.0731481 
0 0.606901 0.419907 0.0356771 0.0796296 
0 0.13125 0.82037 0.0390625 0.0712963 
0 0.343229 0.746065 0.0348958 0.0856481 
0 0.695312 0.516435 0.0359375 0.131944 
0 0.692839 0.341435 0.0299479 0.0680556 
0 0.465365 0.452546 0.0541667 0.0865741 
0 0.41875 0.676389 0.0369792 0.0777778 
0 0.819792 0.137963 0.0427083 0.062037 
0 0.153255 0.456019 0.0361979 0.0638889 
0 0.633333 0.823843 0.0442708 0.0486111 
0 0.302214 0.572917 0.0408854 0.0402778 
0 0.164062 0.303704 0.0432292 0.0583333 
0 0.486068 0.628472 0.0205729 0.0819444 
0 0.737891 0.503009 0.0450521 0.103241 
0 0.914453 0.862037 0.0278646 0.0712963 
0 0.053125 0.761343 0.0338542 0.0939815 
0 0.116927 0.501389 0.0369792 0.117593 
0 0.0570313 0.347685 0.04375 0.0703704 
0 0.0192708 0.345139 0.0375 0.0625 
0 0.200911 0.821991 0.0377604 0.0828704 
0 0.0363281 0.850694 0.0523437 0.0699074 
0 0.765625 0.0233796 0.0609375 0.0467593 
0 0.691016 0.641204 0.0601562 0.0666667 
0 0.292839 0.241435 0.0414063 0.0717593 
0 0.24974 0.813426 0.0479167 0.0592593 
0 0.328125 0.232176 0.0364583 0.0689815 
0 0.790495 0.712269 0.0424479 0.0587963 
0 0.752344 0.91412 0.0359375 0.0810185 
