0 0.66263 0.123611 0.0632813 0.075 
0 0.713802 0.669213 0.0401042 0.0643518 
0 0.57526 0.0696759 0.0354167 0.0865741 
0 0.890625 0.45787 0.0354167 0.0657407 
0 0.570312 0.233102 0.040625 0.0541667 
0 0.370703 0.245139 0.0434896 0.0912037 
0 0.392188 0.0581019 0.0541667 0.0782407 
0 0.159635 0.487037 0.0505208 0.062963 
0 0.436458 0.346991 0.0317708 0.0782407 
0 0.160286 0.38125 0.0460938 0.0939815 
0 0.945312 0.27963 0.053125 0.087963 
0 0.603125 0.0835648 0.03125 0.099537 
0 0.784245 0.656482 0.0476562 0.0685185 
0 0.769531 0.579167 0.0416667 0.0824074 
0 0.213281 0.375463 0.0458333 0.0759259 
0 0.347135 0.145139 0.0552083 0.0708333 
0 0.470052 0.647917 0.0302083 0.0662037 
0 0.526432 0.213194 0.0278646 0.049537 
0 0.560026 0.603241 0.0356771 0.0888889 
0 0.211458 0.191204 0.0609375 0.062963 
0 0.233333 0.0298611 0.0536458 0.0578704 
0 0.900911 0.162963 0.0325521 0.0564815 
0 0.835417 0.228472 0.0432292 0.050463 
0 0.611849 0.436574 0.0466146 0.0407407 
0 0.127995 0.156713 0.0367187 0.0893519 
0 0.325651 0.713657 0.0361979 0.0643518 
0 0.481771 0.311111 0.0427083 0.0768519 
0 0.86237 0.530324 0.0575521 0.0615741 
0 0.51901 0.512731 0.0354167 0.100463 
0 0.298438 0.57338 0.05 0.0541667 
0 0.88776 0.362963 0.0442708 0.0953704 
0 0.053125 0.173611 0.0385417 0.0546296 
0 0.95026 0.548148 0.0536458 0.0796296 
0 0.0329427 0.300694 0.0382813 0.0569444 
0 0.0420573 0.433796 0.0299479 0.115741 
0 0.290234 0.661343 0.0455729 0.050463 
0 0.635286 0.630324 0.0507812 0.0662037 
0 0.347396 0.0386574 0.0640625 0.0449074 
0 0.841797 0.799074 0.0606771 0.112037 
0 0.382292 0.639815 0.0385417 0.0666667 
0 0.659115 0.252083 0.0291667 0.0662037 
0 0.253646 0.180324 0.046875 0.049537 
0 0.864714 0.280324 0.0268229 0.0837963 
