0 0.214583 0.731713 0.0380208 0.0680556 
0 0.609375 0.565046 0.0546875 0.101389 
0 0.916016 0.531482 0.0414063 0.111111 
0 0.667969 0.760417 0.0453125 0.102315 
0 0.672266 0.494907 0.0486979 0.0916667 
0 0.487109 0.55625 0.0528646 0.0884259 
0 0.746094 0.660417 0.0651042 0.0875 
0 0.795443 0.509954 0.0757812 0.0837963 
0 0.291016 0.83287 0.0424479 0.0972222 
0 0.461589 0.902083 0.0408854 0.0782407 
0 0.469271 0.780324 0.0447917 0.0689815 
0 0.133724 0.593287 0.0606771 0.0893519 
0 0.492448 0.703935 0.0427083 0.075463 
