0 0.691406 0.176852 0.0609375 0.115741 
0 0.846224 0.0722222 0.0518229 0.140741 
0 0.630339 0.387963 0.0778646 0.109259 
0 0.558594 0.234259 0.0567708 0.115741 
0 0.505859 0.80787 0.0585938 0.0712963 
0 0.666927 0.805093 0.0536458 0.0657407 
0 0.411589 0.400694 0.0356771 0.0800926 
0 0.363932 0.272222 0.0330729 0.0574074 
0 0.18724 0.450926 0.0416667 0.0703704 
0 0.529297 0.301389 0.0742188 0.0685185 
0 0.656771 0.23125 0.040625 0.179167 
0 0.615234 0.236343 0.0393229 0.106944 
0 0.210286 0.268056 0.0695312 0.100926 
0 0.429948 0.0460648 0.0744792 0.0597222 
0 0.456771 0.784491 0.0359375 0.0430556 
0 0.270182 0.496065 0.0669271 0.0615741 
0 0.55612 0.722222 0.0450521 0.101852 
0 0.223958 0.547222 0.0463542 0.0814815 
0 0.775391 0.952315 0.0559896 0.0824074 
0 0.608333 0.858102 0.0859375 0.0847222 
0 0.1625 0.805556 0.0265625 0.0759259 
0 0.550781 0.0780093 0.046875 0.138426 
0 0.0253906 0.969676 0.0398437 0.0560185 
0 0.4375 0.816898 0.0786458 0.0634259 
0 0.211979 0.187963 0.05625 0.0425926 
0 0.0428385 0.249074 0.0289063 0.0537037 
0 0.251042 0.44838 0.0265625 0.0671296 
0 0.38112 0.502315 0.0289063 0.0694444 
0 0.0785156 0.445139 0.0533854 0.0763889 
0 0.281901 0.0335648 0.0367187 0.0513889 
0 0.0667969 0.357176 0.0424479 0.0476852 
0 0.470964 0.557639 0.0429688 0.099537 
0 0.451693 0.650231 0.0471354 0.0837963 
0 0.101562 0.170139 0.0546875 0.075463 
0 0.720312 0.244676 0.0359375 0.0699074 
0 0.488021 0.978472 0.0458333 0.0430556 
0 0.447917 0.978472 0.034375 0.0421296 
0 0.392057 0.155556 0.0299479 0.135185 
0 0.552734 0.610648 0.0263021 0.126852 
0 0.285807 0.179398 0.0335938 0.0625 
0 0.571745 0.515509 0.0398437 0.074537 
