0 0.889714 0.396528 0.0674479 0.131019 
0 0.677214 0.512731 0.0377604 0.130093 
0 0.920443 0.295602 0.0877604 0.110648 
0 0.976302 0.0636574 0.0473958 0.124537 
0 0.462891 0.214815 0.0429688 0.0898148 
0 0.299609 0.0673611 0.0434896 0.127315 
0 0.394792 0.237963 0.0651042 0.119444 
0 0.616667 0.361343 0.0604167 0.13287 
0 0.840755 0.184491 0.0382813 0.0634259 
0 0.580599 0.123148 0.0341146 0.0787037 
0 0.673437 0.275231 0.046875 0.218056 
0 0.0402344 0.754398 0.0679687 0.166204 
0 0.382031 0.341667 0.0380208 0.135185 
0 0.224479 0.439352 0.0546875 0.0842593 
0 0.555599 0.868056 0.0585938 0.113889 
0 0.446875 0.737963 0.0489583 0.114815 
0 0.539062 0.178472 0.0380208 0.0532407 
0 0.94974 0.198148 0.0958333 0.0694444 
0 0.0977865 0.456481 0.0361979 0.137037 
0 0.816797 0.370139 0.0466146 0.0949074 
0 0.454036 0.313889 0.0841146 0.0685185 
0 0.542448 0.0652778 0.0536458 0.0574074 
0 0.708464 0.846528 0.0419271 0.0689815 
0 0.28138 0.470602 0.0502604 0.0578704 
0 0.262891 0.124769 0.0539063 0.0625 
0 0.299089 0.819676 0.0372396 0.131019 
0 0.507812 0.581944 0.0395833 0.134259 
0 0.413802 0.513194 0.0713542 0.0847222 
0 0.119141 0.355324 0.0393229 0.106944 
0 0.567839 0.594444 0.0658854 0.106481 
0 0.301042 0.911574 0.0583333 0.0925926 
0 0.173177 0.954861 0.05625 0.0699074 
0 0.922917 0.919213 0.0463542 0.0976852 
0 0.775391 0.712963 0.0679687 0.0796296 
0 0.32474 0.613657 0.0453125 0.0643518 
0 0.722656 0.411806 0.0604167 0.0939815 
0 0.820312 0.807639 0.0432292 0.0550926 
0 0.698177 0.906944 0.0682292 0.0842593 
0 0.458073 0.917593 0.0494792 0.105556 
0 0.733464 0.637037 0.0497396 0.155556 
0 0.216016 0.369444 0.0950521 0.102778 
0 0.86276 0.802778 0.0479167 0.0768519 
0 0.601172 0.563426 0.0518229 0.111111 
0 0.272917 0.599769 0.0463542 0.0662037 
0 0.215495 0.588426 0.0684896 0.0731481 
0 0.466536 0.56713 0.0502604 0.0509259 
0 0.120312 0.941898 0.0546875 0.0828704 
0 0.929688 0.765741 0.0411458 0.0925926 
0 0.0483073 0.977546 0.0414063 0.0449074 
0 0.0592448 0.423611 0.0335938 0.0722222 
0 0.545313 0.763426 0.040625 0.0888889 
0 0.872526 0.229398 0.0596354 0.0523148 
0 0.60599 0.826389 0.0291667 0.110185 
0 0.0450521 0.441435 0.0598958 0.0939815 
0 0.588281 0.0513889 0.0395833 0.0962963 
0 0.135286 0.861111 0.0695312 0.0731481 
0 0.975781 0.643981 0.0484375 0.0638889 
0 0.615234 0.65625 0.0372396 0.131019 
0 0.0574219 0.841435 0.0492188 0.1125 
