0 0.841276 0.0699074 0.0726563 0.0824074 
0 0.0808594 0.146528 0.0518229 0.0865741 
0 0.722656 0.0252315 0.0401042 0.050463 
0 0.341276 0.0997685 0.0559896 0.138426 
0 0.60599 0.114815 0.0744792 0.0759259 
0 0.0345052 0.478472 0.0492188 0.099537 
0 0.836979 0.491435 0.0552083 0.0791667 
0 0.523958 0.127083 0.0484375 0.0967593 
0 0.320312 0.379167 0.059375 0.0740741 
0 0.0229167 0.278009 0.0458333 0.0810185 
0 0.847656 0.348843 0.0380208 0.0828704 
0 0.413542 0.069213 0.0447917 0.0828704 
0 0.590755 0.1875 0.0424479 0.0805556 
0 0.494661 0.103009 0.0341146 0.0578704 
0 0.2 0.277315 0.034375 0.0722222 
0 0.110417 0.517361 0.0473958 0.0828704 
0 0.185286 0.49213 0.0434896 0.0842593 
0 0.769531 0.583333 0.0583333 0.0759259 
0 0.983464 0.225694 0.0315104 0.120833 
0 0.9375 0.287963 0.0354167 0.0712963 
