0 0.790104 0.14213 0.0552083 0.131481 
0 0.735937 0.201389 0.0864583 0.131481 
0 0.554688 0.371296 0.0557292 0.15463 
0 0.810547 0.367824 0.0335938 0.143981 
0 0.83151 0.543519 0.0677083 0.122222 
0 0.60013 0.487037 0.0721354 0.119444 
0 0.328385 0.81875 0.0348958 0.103241 
0 0.854557 0.249306 0.0544271 0.0791667 
0 0.383724 0.583796 0.0356771 0.0814815 
0 0.675781 0.326157 0.0447917 0.0662037 
0 0.780729 0.677083 0.0432292 0.123611 
0 0.338151 0.363657 0.0492188 0.146759 
0 0.158464 0.516435 0.0419271 0.10787 
0 0.635156 0.295139 0.04375 0.109722 
0 0.458984 0.449306 0.0565104 0.0726852 
0 0.863281 0.790046 0.0432292 0.0671296 
0 0.129948 0.462037 0.0364583 0.0740741 
0 0.31862 0.0284722 0.0455729 0.0569444 
0 0.709505 0.537731 0.0372396 0.100463 
0 0.827214 0.712731 0.0320312 0.074537 
0 0.953125 0.195602 0.0630208 0.0615741 
0 0.911198 0.811111 0.053125 0.0944444 
0 0.911589 0.65625 0.0377604 0.0726852 
0 0.782682 0.280324 0.0549479 0.0939815 
0 0.459505 0.382407 0.0497396 0.0805556 
0 0.482161 0.128241 0.0518229 0.137037 
0 0.243359 0.665741 0.0393229 0.0824074 
0 0.54388 0.758796 0.0335938 0.0972222 
0 0.710417 0.730093 0.0390625 0.0731481 
0 0.589323 0.331944 0.0526042 0.0564815 
0 0.224089 0.428241 0.0507812 0.0898148 
0 0.527865 0.625926 0.0552083 0.118519 
0 0.615234 0.812037 0.0455729 0.100926 
0 0.614193 0.702083 0.0830729 0.105093 
0 0.774479 0.5125 0.0682292 0.113889 
0 0.488542 0.79213 0.0364583 0.075 
0 0.0626302 0.0740741 0.0627604 0.087963 
0 0.689844 0.424074 0.0395833 0.0712963 
0 0.380078 0.0412037 0.0424479 0.0694444 
0 0.408724 0.475694 0.0382813 0.0634259 
