0 0.721094 0.0402778 0.0421875 0.0777778 
0 0.798307 0.760417 0.0528646 0.0634259 
0 0.113932 0.215046 0.0398437 0.0625 
0 0.575651 0.581713 0.0403646 0.0865741 
0 0.660547 0.151389 0.0445312 0.0944444 
0 0.744141 0.576389 0.0403646 0.0759259 
0 0.555729 0.784259 0.0390625 0.0712963 
0 0.461849 0.367824 0.0330729 0.102315 
0 0.426302 0.331713 0.025 0.122685 
0 0.019401 0.402546 0.0341146 0.0726852 
0 0.676302 0.496065 0.0354167 0.0532407 
0 0.613281 0.173611 0.0385417 0.0537037 
0 0.166536 0.579398 0.0283854 0.0810185 
0 0.081901 0.399537 0.0601562 0.0527778 
0 0.728516 0.0900463 0.0304688 0.100463 
0 0.245573 0.750926 0.040625 0.0574074 
0 0.175391 0.755093 0.0403646 0.109259 
0 0.283984 0.337963 0.0559896 0.0861111 
0 0.0795573 0.112037 0.0335938 0.111111 
0 0.552214 0.326157 0.0289063 0.0939815 
0 0.958594 0.693056 0.053125 0.0925926 
0 0.441797 0.427315 0.0330729 0.0592593 
0 0.283203 0.72662 0.0320312 0.0662037 
0 0.761719 0.384722 0.0338542 0.0583333 
0 0.705078 0.466204 0.0263021 0.0787037 
0 0.515625 0.374769 0.0541667 0.074537 
0 0.626953 0.12963 0.0497396 0.0648148 
0 0.802214 0.0756944 0.0242187 0.0680556 
0 0.765234 0.485185 0.0367187 0.0611111 
0 0.572786 0.037037 0.0513021 0.0509259 
0 0.609375 0.318287 0.040625 0.0615741 
0 0.278646 0.638889 0.0317708 0.0638889 
0 0.386979 0.178704 0.0328125 0.101852 
0 0.912109 0.287037 0.0684896 0.0796296 
0 0.971224 0.302083 0.0346354 0.0569444 
0 0.942318 0.120833 0.0580729 0.0583333 
0 0.314193 0.774306 0.0283854 0.0837963 
0 0.702083 0.591898 0.0302083 0.050463 
0 0.232161 0.427315 0.0263021 0.0685185 
0 0.101172 0.566435 0.0429688 0.113426 
0 0.216016 0.715278 0.0351562 0.0537037 
0 0.76849 0.630093 0.0416667 0.0592593 
0 0.73724 0.378704 0.0317708 0.0425926 
0 0.0188802 0.327315 0.0309896 0.0796296 
0 0.805208 0.281481 0.0307292 0.0444444 
0 0.704167 0.788194 0.0369792 0.1125 
0 0.975651 0.270833 0.0424479 0.0601852 
0 0.445312 0.725231 0.0359375 0.0652778 
0 0.0966146 0.879167 0.0375 0.0435185 
0 0.609375 0.737731 0.0354167 0.0736111 
0 0.865234 0.0706019 0.0289063 0.0958333 
0 0.19375 0.289583 0.0390625 0.0736111 
0 0.397786 0.875232 0.0283854 0.0513889 
0 0.957943 0.360417 0.0356771 0.0615741 
0 0.725521 0.236343 0.0510417 0.0449074 
0 0.636328 0.599537 0.0299479 0.0851852 
0 0.971224 0.586806 0.0481771 0.0541667 
0 0.384766 0.597222 0.0184896 0.0805556 
0 0.13112 0.305093 0.0315104 0.0851852 
