0 0.407292 0.380093 0.0385417 0.0546296 
0 0.680599 0.850694 0.0476562 0.134722 
0 0.267318 0.659259 0.0549479 0.0601852 
0 0.0873698 0.655093 0.0466146 0.0888889 
0 0.0421875 0.913194 0.0395833 0.0949074 
0 0.319661 0.508796 0.0528646 0.0527778 
0 0.794922 0.846296 0.0466146 0.106481 
0 0.0207031 0.456944 0.0408854 0.0583333 
0 0.442839 0.670833 0.0283854 0.0537037 
0 0.719271 0.655324 0.084375 0.0921296 
0 0.236458 0.724769 0.0359375 0.0884259 
0 0.761328 0.795139 0.0585938 0.0532407 
0 0.436719 0.881481 0.0572917 0.0518519 
0 0.510286 0.609028 0.0283854 0.0680556 
0 0.26849 0.435185 0.0427083 0.0592593 
0 0.936979 0.234491 0.0557292 0.109722 
0 0.504818 0.688657 0.0403646 0.074537 
