0 0.430729 0.512963 0.0567708 0.175926 
0 0.767578 0.11713 0.0388021 0.0731481 
0 0.357161 0.483796 0.0367187 0.0861111 
0 0.695833 0.155093 0.0546875 0.0833333 
0 0.463151 0.360417 0.0497396 0.099537 
0 0.415495 0.233565 0.0507812 0.135648 
0 0.094401 0.317824 0.0492188 0.099537 
0 0.475391 0.157639 0.0768229 0.118981 
0 0.398958 0.434028 0.0619792 0.0810185 
0 0.12474 0.516435 0.06875 0.0912037 
0 0.15013 0.421759 0.0361979 0.125 
0 0.840234 0.505093 0.0424479 0.0953704 
0 0.702083 0.335648 0.0645833 0.137037 
0 0.201432 0.206019 0.0393229 0.0796296 
0 0.370573 0.325926 0.0572917 0.062963 
0 0.51901 0.803009 0.0359375 0.0773148 
0 0.129427 0.790972 0.0307292 0.0810185 
0 0.929297 0.351157 0.0403646 0.135648 
0 0.86862 0.797685 0.0408854 0.119444 
0 0.491667 0.230324 0.0479167 0.0986111 
0 0.910547 0.0289352 0.0424479 0.0560185 
0 0.425651 0.846759 0.0440104 0.125 
0 0.263151 0.602546 0.0570313 0.106944 
0 0.113151 0.675463 0.0388021 0.109259 
0 0.964844 0.416667 0.0369792 0.0731481 
0 0.622526 0.469213 0.0549479 0.0671296 
0 0.355208 0.757407 0.0557292 0.0722222 
0 0.66901 0.854167 0.0479167 0.114815 
0 0.451432 0.810417 0.0424479 0.0643518 
0 0.191406 0.461343 0.04375 0.138426 
0 0.19987 0.742593 0.0497396 0.108333 
0 0.66888 0.342593 0.0346354 0.137963 
0 0.0606771 0.600694 0.0817708 0.0912037 
0 0.534245 0.677546 0.0434896 0.0865741 
0 0.230729 0.85625 0.0484375 0.0699074 
0 0.565885 0.324306 0.053125 0.103241 
0 0.864714 0.580324 0.0861979 0.0634259 
0 0.134635 0.223843 0.0494792 0.0550926 
0 0.473177 0.682176 0.053125 0.0625 
0 0.772526 0.338657 0.0627604 0.101389 
0 0.515625 0.527315 0.0364583 0.0962963 
0 0.782682 0.895833 0.0591146 0.0657407 
