0 0.739193 0.79375 0.0398437 0.184722 
0 0.520964 0.959259 0.0523437 0.0787037 
0 0.866667 0.416435 0.0479167 0.0578704 
0 0.712891 0.384028 0.0721354 0.0819444 
0 0.715365 0.71875 0.0416667 0.106019 
0 0.660677 0.0826389 0.0322917 0.0921296 
0 0.664583 0.273843 0.0442708 0.1625 
0 0.564062 0.843056 0.0541667 0.062037 
0 0.827083 0.800926 0.0588542 0.0509259 
0 0.0476562 0.532639 0.0395833 0.0578704 
0 0.332031 0.481481 0.0609375 0.0861111 
0 0.467057 0.564352 0.0263021 0.0796296 
0 0.678255 0.93912 0.0799479 0.0625 
0 0.108464 0.796528 0.0476562 0.0402778 
0 0.711458 0.271296 0.0354167 0.125926 
0 0.554167 0.55463 0.0677083 0.0685185 
0 0.413151 0.348148 0.0679687 0.0583333 
0 0.677734 0.844907 0.0403646 0.0638889 
0 0.805208 0.119907 0.0609375 0.0527778 
0 0.291797 0.0388889 0.0466146 0.0435185 
0 0.0825521 0.412037 0.0442708 0.0740741 
0 0.561979 0.961806 0.0322917 0.0726852 
0 0.384245 0.426157 0.0414063 0.0513889 
0 0.0236979 0.746991 0.0364583 0.0828704 
0 0.41263 0.847222 0.0565104 0.05 
0 0.058724 0.207176 0.0382813 0.0439815 
0 0.483984 0.0925926 0.0341146 0.0759259 
0 0.431901 0.896759 0.0403646 0.0953704 
0 0.168229 0.891435 0.034375 0.0689815 
0 0.321484 0.565509 0.0466146 0.0569444 
0 0.274089 0.759954 0.0283854 0.050463 
0 0.347135 0.602778 0.0364583 0.0666667 
0 0.252083 0.309954 0.0265625 0.0976852 
0 0.0829427 0.242593 0.0606771 0.0333333 
0 0.319792 0.318519 0.028125 0.0583333 
0 0.249349 0.978935 0.0533854 0.0421296 
0 0.053776 0.609722 0.0388021 0.0583333 
0 0.538151 0.266898 0.0585938 0.0930556 
