0 0.589844 0.123611 0.0505208 0.101852 
0 0.902344 0.0513889 0.0510417 0.0972222 
0 0.680599 0.0462963 0.0434896 0.0546296 
0 0.89401 0.717824 0.05 0.0893519 
0 0.30638 0.327778 0.0398437 0.0814815 
0 0.395443 0.570833 0.0455729 0.0814815 
0 0.463672 0.627546 0.0466146 0.0523148 
0 0.411198 0.3125 0.0328125 0.0962963 
0 0.98099 0.262037 0.0380208 0.135185 
0 0.164714 0.484722 0.0403646 0.0611111 
0 0.721224 0.574769 0.0294271 0.0662037 
0 0.520964 0.541204 0.0351562 0.0638889 
0 0.442839 0.405093 0.0585938 0.0944444 
0 0.722656 0.217593 0.0322917 0.0657407 
0 0.684115 0.843287 0.0536458 0.101389 
0 0.958984 0.0638889 0.0606771 0.0824074 
0 0.541016 0.684491 0.0429688 0.0606481 
0 0.180599 0.187269 0.0507812 0.0726852 
0 0.623568 0.796759 0.0528646 0.0675926 
0 0.521484 0.188194 0.0346354 0.0643518 
0 0.354297 0.377083 0.0533854 0.0893519 
0 0.500521 0.27037 0.03125 0.0666667 
0 0.0580729 0.376389 0.0427083 0.0740741 
0 0.488542 0.971065 0.0635417 0.0578704 
0 0.771484 0.236111 0.0705729 0.0712963 
0 0.845703 0.551157 0.0544271 0.074537 
0 0.61276 0.266898 0.0505208 0.0439815 
0 0.0516927 0.0650463 0.0403646 0.0560185 
0 0.80612 0.966204 0.0591146 0.0666667 
0 0.813542 0.290046 0.0619792 0.124537 
0 0.722656 0.753935 0.0578125 0.0486111 
0 0.379427 0.741898 0.0463542 0.0736111 
0 0.857422 0.44213 0.0361979 0.0907407 
0 0.322005 0.644907 0.0528646 0.0925926 
0 0.0302083 0.297917 0.0484375 0.0717593 
0 0.129948 0.559028 0.0317708 0.0597222 
