0 0.682682 0.463657 0.0356771 0.0708333 
0 0.935156 0.153704 0.034375 0.0740741 
0 0.838411 0.0777778 0.0356771 0.0981481 
0 0.414714 0.0344907 0.0611979 0.0634259 
0 0.540495 0.561574 0.0549479 0.0888889 
0 0.970703 0.278009 0.0393229 0.108796 
0 0.602995 0.0574074 0.0486979 0.0583333 
0 0.104167 0.373148 0.0453125 0.0648148 
0 0.515104 0.0631944 0.0432292 0.0384259 
0 0.963411 0.165046 0.0283854 0.0837963 
0 0.475911 0.0222222 0.0658854 0.0444444 
0 0.203516 0.200694 0.0481771 0.0736111 
0 0.714844 0.235185 0.0578125 0.0694444 
0 0.807161 0.855556 0.0424479 0.062037 
0 0.884766 0.0210648 0.0513021 0.0402778 
