0 0.47474 0.641898 0.0510417 0.0625 
0 0.724089 0.621065 0.0518229 0.114352 
0 0.715365 0.317824 0.0390625 0.0449074 
0 0.404948 0.0474537 0.0572917 0.0643518 
0 0.296615 0.0416667 0.034375 0.0555556 
0 0.726562 0.475231 0.046875 0.0625 
0 0.652344 0.64838 0.0364583 0.0736111 
0 0.704167 0.0736111 0.0395833 0.101852 
0 0.547266 0.618981 0.0335938 0.0675926 
0 0.365495 0.205556 0.0351562 0.0712963 
0 0.573698 0.69838 0.0682292 0.0699074 
0 0.405078 0.476157 0.0565104 0.0671296 
0 0.582031 0.765509 0.059375 0.10787 
0 0.303906 0.489583 0.0307292 0.0662037 
0 0.490495 0.764815 0.0815104 0.0703704 
0 0.538151 0.324306 0.0533854 0.0569444 
0 0.594271 0.44213 0.0390625 0.0861111 
0 0.55625 0.55787 0.0411458 0.0481481 
0 0.441146 0.323148 0.0385417 0.0638889 
0 0.464453 0.396296 0.0414063 0.113889 
0 0.500391 0.893981 0.0351562 0.062037 
0 0.200651 0.0777778 0.0523437 0.0574074 
0 0.494792 0.527315 0.0322917 0.0777778 
0 0.520443 0.663194 0.0377604 0.074537 
0 0.666016 0.53125 0.0361979 0.0560185 
0 0.77487 0.497454 0.0632813 0.0587963 
0 0.210156 0.418519 0.0322917 0.0472222 
0 0.409375 0.567593 0.0515625 0.0731481 
0 0.638151 0.570602 0.0320312 0.109722 
0 0.666927 0.0738426 0.025 0.0652778 
0 0.646484 0.140046 0.0320312 0.0810185 
0 0.351823 0.043287 0.0510417 0.0421296 
0 0.205599 0.132407 0.0544271 0.0416667 
0 0.605469 0.068287 0.0395833 0.0615741 
0 0.316016 0.129861 0.0539063 0.0606481 
0 0.503385 0.563194 0.0338542 0.0597222 
0 0.479688 0.296759 0.04375 0.116667 
0 0.0882813 0.0256944 0.0348958 0.050463 
0 0.634766 0.332407 0.0403646 0.130556 
0 0.192448 0.521296 0.0260417 0.0416667 
0 0.282682 0.395833 0.0460938 0.0537037 
0 0.53763 0.893981 0.0408854 0.0481481 
0 0.145052 0.146296 0.0359375 0.0527778 
