0 0.672917 0.634954 0.0609375 0.105093 
0 0.864193 0.798148 0.0450521 0.0925926 
0 0.670964 0.881019 0.0325521 0.0638889 
0 0.475781 0.59375 0.04375 0.0615741 
0 0.770964 0.902778 0.0309896 0.0898148 
0 0.517578 0.0893519 0.0950521 0.117593 
0 0.273177 0.682176 0.0421875 0.0773148 
0 0.559505 0.586806 0.0617188 0.0828704 
0 0.229948 0.062037 0.0390625 0.0805556 
0 0.422396 0.60162 0.0411458 0.0967593 
0 0.465495 0.77338 0.0341146 0.0550926 
0 0.570312 0.871528 0.0421875 0.075463 
0 0.179688 0.30787 0.0526042 0.087037 
