0 0.555078 0.0731481 0.0398437 0.0824074 
0 0.866797 0.0675926 0.0434896 0.112963 
0 0.911589 0.229167 0.0617188 0.107407 
0 0.35013 0.112731 0.0877604 0.14213 
0 0.934115 0.119676 0.0447917 0.102315 
0 0.361328 0.35463 0.0809896 0.0759259 
0 0.594271 0.701389 0.0651042 0.123148 
0 0.344531 0.816435 0.046875 0.0708333 
0 0.0501302 0.0916667 0.0513021 0.106481 
0 0.660677 0.576389 0.0552083 0.107407 
0 0.0828125 0.312963 0.0442708 0.0703704 
0 0.466016 0.28588 0.0429688 0.144907 
0 0.934505 0.84375 0.0601562 0.0875 
0 0.781771 0.399074 0.0505208 0.0740741 
0 0.325911 0.490046 0.0403646 0.0736111 
0 0.427474 0.0238426 0.0341146 0.0476852 
0 0.667448 0.509491 0.0734375 0.0717593 
0 0.557682 0.319213 0.0372396 0.149537 
0 0.630339 0.337731 0.0429688 0.10787 
0 0.959896 0.974074 0.0796875 0.0518519 
0 0.41862 0.834259 0.0492188 0.0990741 
0 0.232292 0.42037 0.0296875 0.0888889 
0 0.705078 0.474769 0.0528646 0.11713 
0 0.140885 0.191898 0.0359375 0.0606481 
0 0.824219 0.289815 0.0515625 0.0833333 
0 0.38138 0.768287 0.0398437 0.135648 
0 0.436458 0.0905093 0.0291667 0.0791667 
0 0.201953 0.547454 0.0554687 0.0736111 
0 0.583984 0.5 0.0466146 0.0935185 
0 0.145573 0.522454 0.0359375 0.0578704 
