0 0.230078 0.979167 0.0419271 0.0416667 
0 0.654297 0.0831019 0.0523437 0.116204 
0 0.64401 0.567593 0.0635417 0.0712963 
0 0.323307 0.377546 0.0315104 0.10787 
0 0.744661 0.05 0.0403646 0.1 
0 0.198437 0.717593 0.0385417 0.0888889 
0 0.535677 0.237037 0.0494792 0.111111 
0 0.296354 0.921759 0.03125 0.0861111 
0 0.513672 0.178472 0.0341146 0.0708333 
0 0.801302 0.115278 0.028125 0.0462963 
0 0.115495 0.947917 0.0638021 0.050463 
0 0.432161 0.799537 0.0356771 0.0648148 
0 0.653776 0.344907 0.0289063 0.0472222 
0 0.185286 0.598611 0.0294271 0.0740741 
0 0.310807 0.653704 0.0294271 0.0407407 
0 0.701172 0.96713 0.0507812 0.0611111 
0 0.165625 0.490046 0.0411458 0.0393519 
0 0.370313 0.443981 0.0604167 0.0768519 
0 0.378125 0.513426 0.0640625 0.0388889 
0 0.81888 0.0458333 0.0611979 0.0814815 
0 0.473828 0.71088 0.0398437 0.126389 
0 0.539062 0.505093 0.0395833 0.0916667 
0 0.866146 0.372454 0.0645833 0.0680556 
0 0.527344 0.641898 0.0229167 0.0773148 
0 0.242708 0.406713 0.03125 0.0513889 
0 0.525911 0.0898148 0.0351562 0.0907407 
0 0.190495 0.300694 0.0356771 0.0560185 
0 0.565885 0.643287 0.0364583 0.0689815 
0 0.351823 0.271528 0.0473958 0.0958333 
0 0.09375 0.473148 0.0302083 0.0657407 
0 0.338411 0.97037 0.0414063 0.0537037 
0 0.749089 0.805093 0.0335938 0.0888889 
0 0.0355469 0.3 0.0289063 0.0638889 
0 0.229687 0.204398 0.0484375 0.0467593 
0 0.532292 0.761806 0.05 0.0652778 
0 0.0557292 0.147917 0.0401042 0.0439815 
0 0.0596354 0.74838 0.0369792 0.0412037 
0 0.252604 0.304861 0.0411458 0.0375 
0 0.220182 0.0710648 0.0351562 0.101389 
0 0.690495 0.203009 0.0466146 0.0476852 
0 0.790625 0.840278 0.0182292 0.0703704 
0 0.563932 0.771296 0.0460938 0.0481481 
0 0.267318 0.0729167 0.0315104 0.110648 
0 0.0789063 0.183796 0.034375 0.0453704 
0 0.120573 0.278704 0.03125 0.0638889 
0 0.342448 0.878472 0.0286458 0.0717593 
0 0.671875 0.666204 0.0557292 0.0574074 
0 0.238542 0.350694 0.0411458 0.0708333 
0 0.445833 0.397917 0.0328125 0.0893519 
0 0.827083 0.925231 0.0265625 0.0939815 
0 0.569271 0.431713 0.0421875 0.0421296 
0 0.591276 0.94537 0.0330729 0.062963 
0 0.300781 0.322222 0.034375 0.0388889 
0 0.583984 0.296528 0.0518229 0.0736111 
0 0.0683594 0.322222 0.0361979 0.0944444 
0 0.153385 0.659259 0.0369792 0.0657407 
0 0.128646 0.490046 0.0223958 0.074537 
