0 0.397266 0.210185 0.0419271 0.0648148 
0 0.072526 0.0414352 0.0513021 0.0708333 
0 0.94388 0.0361111 0.0367187 0.0666667 
0 0.96237 0.445833 0.0283854 0.075 
0 0.552734 0.0881944 0.0523437 0.103241 
0 0.212891 0.195139 0.0403646 0.0625 
0 0.933594 0.237037 0.0432292 0.0574074 
0 0.878385 0.0606481 0.0255208 0.110185 
0 0.381901 0.0585648 0.0304688 0.0708333 
0 0.82474 0.123611 0.05625 0.0759259 
0 0.45 0.628472 0.0322917 0.0634259 
0 0.507812 0.357407 0.0484375 0.0842593 
0 0.361589 0.567593 0.0486979 0.0703704 
0 0.865755 0.740278 0.0455729 0.0481481 
0 0.734896 0.590972 0.0385417 0.0587963 
0 0.875 0.261111 0.0447917 0.062037 
0 0.0880208 0.24213 0.0427083 0.0564815 
0 0.526302 0.309722 0.03125 0.0842593 
0 0.769531 0.118519 0.0458333 0.0972222 
0 0.653385 0.0166667 0.0604167 0.0333333 
0 0.708984 0.308333 0.0393229 0.0416667 
0 0.876953 0.167824 0.0315104 0.0597222 
0 0.807552 0.0652778 0.0442708 0.0462963 
0 0.732422 0.102315 0.0372396 0.05 
0 0.755859 0.272454 0.0315104 0.0708333 
0 0.140104 0.24375 0.0369792 0.0652778 
0 0.93112 0.322454 0.0408854 0.0643518 
