0 0.961458 0.750926 0.0421875 0.144444 
0 0.248437 0.961111 0.0630208 0.0731481 
0 0.661589 0.798611 0.0846354 0.0722222 
0 0.789583 0.558565 0.0333333 0.141204 
0 0.794401 0.963426 0.0466146 0.0648148 
0 0.904688 0.88287 0.0625 0.0814815 
0 0.35625 0.959954 0.0411458 0.0671296 
0 0.754948 0.721528 0.0791667 0.0597222 
0 0.184245 0.900926 0.0554687 0.0648148 
0 0.242578 0.724769 0.0481771 0.0810185 
0 0.283203 0.839352 0.0580729 0.0805556 
0 0.826563 0.852778 0.0473958 0.0740741 
0 0.670964 0.734722 0.0674479 0.116667 
0 0.943359 0.93125 0.0398437 0.0541667 
0 0.683073 0.49213 0.040625 0.0555556 
0 0.588411 0.245139 0.0507812 0.0856481 
