0 0.756771 0.530324 0.040625 0.0726852 
0 0.0210938 0.239352 0.0354167 0.12037 
0 0.547786 0.482639 0.0627604 0.0625 
0 0.563542 0.0752315 0.0760417 0.0689815 
0 0.25625 0.717824 0.0744792 0.121759 
0 0.294401 0.522917 0.0606771 0.0958333 
0 0.0665365 0.637269 0.0783854 0.0699074 
0 0.759766 0.662731 0.0783854 0.0699074 
0 0.773438 0.370602 0.0541667 0.0763889 
0 0.789583 0.136343 0.0385417 0.0634259 
0 0.0208333 0.34537 0.0416667 0.0675926 
0 0.611849 0.496065 0.0575521 0.0680556 
0 0.731901 0.29537 0.0549479 0.113889 
0 0.803776 0.789815 0.0361979 0.108333 
0 0.63125 0.262037 0.0541667 0.12037 
0 0.148958 0.747917 0.04375 0.101389 
0 0.114193 0.700463 0.0481771 0.0731481 
0 0.724219 0.150926 0.0364583 0.1 
0 0.970703 0.54537 0.0278646 0.0953704 
0 0.286979 0.233565 0.028125 0.0837963 
0 0.379557 0.908102 0.0742188 0.0671296 
0 0.199349 0.400926 0.0669271 0.062963 
0 0.598177 0.630787 0.0328125 0.11713 
0 0.880859 0.316435 0.0575521 0.149537 
0 0.507422 0.397685 0.0471354 0.102778 
0 0.932161 0.182639 0.0440104 0.0736111 
0 0.065625 0.460417 0.0442708 0.099537 
0 0.434245 0.52662 0.0570313 0.0828704 
0 0.834375 0.620833 0.065625 0.0527778 
0 0.670313 0.540509 0.0473958 0.0689815 
0 0.664583 0.593287 0.0447917 0.0449074 
0 0.616667 0.439352 0.040625 0.062963 
0 0.292839 0.429167 0.0335938 0.109259 
0 0.260938 0.159259 0.0666667 0.0675926 
0 0.601042 0.340972 0.0359375 0.120833 
0 0.94388 0.429861 0.0320312 0.121759 
0 0.623047 0.849074 0.0466146 0.0731481 
0 0.830599 0.520833 0.0440104 0.062037 
0 0.9375 0.238657 0.0536458 0.0800926 
0 0.547786 0.340741 0.0486979 0.0935185 
0 0.82513 0.0449074 0.0471354 0.0861111 
0 0.675781 0.884722 0.0572917 0.131481 
0 0.814453 0.895833 0.0554687 0.109259 
0 0.134505 0.515278 0.0455729 0.0546296 
0 0.901953 0.827546 0.0924479 0.0606481 
0 0.869661 0.697917 0.0252604 0.0875 
0 0.21263 0.711343 0.0346354 0.0986111 
0 0.898438 0.475231 0.0401042 0.0615741 
0 0.657682 0.694676 0.0283854 0.0976852 
0 0.950651 0.603704 0.0372396 0.113889 
0 0.222656 0.560185 0.0369792 0.0731481 
0 0.898438 0.686806 0.0296875 0.0467593 
0 0.0395833 0.541898 0.0536458 0.0560185 
0 0.0841146 0.0548611 0.0463542 0.0652778 
0 0.929688 0.981944 0.0635417 0.0361111 
0 0.96875 0.796991 0.0473958 0.115278 
0 0.746094 0.402083 0.0421875 0.0467593 
