0 0.67526 0.277315 0.0359375 0.0972222 
0 0.438021 0.411574 0.05 0.0787037 
0 0.655729 0.451852 0.0682292 0.0833333 
0 0.834896 0.478241 0.0322917 0.15463 
0 0.100781 0.202546 0.0578125 0.0800926 
0 0.748958 0.424537 0.0296875 0.0972222 
0 0.284896 0.093287 0.046875 0.10787 
0 0.433594 0.282407 0.0286458 0.142593 
0 0.202865 0.707407 0.0354167 0.0787037 
0 0.961328 0.875926 0.0460938 0.100926 
0 0.785547 0.559028 0.0398437 0.143981 
0 0.171875 0.253241 0.06875 0.0944444 
0 0.321094 0.0680556 0.0416667 0.0574074 
0 0.0390625 0.462963 0.0380208 0.0666667 
0 0.506901 0.568981 0.0346354 0.087963 
0 0.545833 0.808102 0.0375 0.0634259 
0 0.795964 0.139583 0.0565104 0.141204 
0 0.872526 0.489583 0.0309896 0.14213 
0 0.619141 0.617593 0.0346354 0.0777778 
0 0.358073 0.781713 0.0546875 0.103241 
