0 0.210677 0.0377315 0.0557292 0.0680556 
0 0.0186198 0.484722 0.0341146 0.0657407 
0 0.570312 0.181019 0.0473958 0.0648148 
0 0.511198 0.178241 0.0359375 0.0518519 
0 0.926823 0.336806 0.0385417 0.0680556 
0 0.588802 0.654398 0.04375 0.0800926 
0 0.321224 0.300926 0.0533854 0.0703704 
0 0.485156 0.283565 0.0348958 0.049537 
0 0.554688 0.287731 0.034375 0.0597222 
0 0.378516 0.0384259 0.0257812 0.0712963 
0 0.119141 0.17662 0.0544271 0.0939815 
0 0.78125 0.510417 0.0322917 0.0550926 
0 0.976042 0.568519 0.0479167 0.0648148 
0 0.291276 0.330324 0.0341146 0.0902778 
0 0.484635 0.10787 0.0520833 0.0666667 
0 0.159245 0.122454 0.0518229 0.0699074 
0 0.471875 0.430093 0.0453125 0.0388889 
0 0.728516 0.449306 0.0361979 0.0643518 
0 0.0873698 0.471759 0.0341146 0.0564815 
0 0.562891 0.572222 0.0471354 0.0648148 
0 0.755469 0.259491 0.0572917 0.0902778 
0 0.645964 0.410648 0.0559896 0.0592593 
0 0.89401 0.15 0.0479167 0.0444444 
0 0.820312 0.538426 0.0348958 0.0638889 
0 0.280469 0.0217593 0.0255208 0.0435185 
0 0.738281 0.13912 0.0286458 0.0587963 
0 0.522396 0.483333 0.0302083 0.0564815 
0 0.614193 0.556713 0.0419271 0.0625 
0 0.104687 0.260417 0.0625 0.0893519 
0 0.353255 0.403704 0.0497396 0.062037 
0 0.69974 0.0229167 0.0338542 0.0458333 
0 0.031901 0.17662 0.0627604 0.0597222 
0 0.14375 0.667361 0.0614583 0.0615741 
0 0.366927 0.149537 0.0322917 0.0703704 
0 0.932682 0.483565 0.0226563 0.0902778 
0 0.473958 0.516435 0.0286458 0.0625 
0 0.657682 0.655787 0.0382813 0.0476852 
0 0.201042 0.900926 0.0354167 0.0583333 
0 0.0434896 0.88125 0.0432292 0.0763889 
0 0.160547 0.0215278 0.0669271 0.0421296 
0 0.927734 0.209491 0.0315104 0.0625 
0 0.050651 0.375926 0.0377604 0.062037 
0 0.777865 0.567593 0.0494792 0.0574074 
0 0.0479167 0.340046 0.0447917 0.0782407 
0 0.178516 0.787731 0.0408854 0.110648 
0 0.633724 0.57662 0.0367187 0.0652778 
0 0.364714 0.342593 0.0434896 0.0759259 
0 0.409245 0.807176 0.0320312 0.0634259 
0 0.0138021 0.906944 0.0276042 0.0944444 
0 0.0317708 0.246759 0.04375 0.0564815 
0 0.0398437 0.765741 0.0375 0.0851852 
0 0.397917 0.565278 0.0458333 0.0694444 
0 0.857943 0.365972 0.0492188 0.0680556 
0 0.585547 0.321991 0.0429688 0.0467593 
0 0.0792969 0.675694 0.0278646 0.0717593 
0 0.890104 0.564583 0.0541667 0.0791667 
