0 0.928255 0.913194 0.116406 0.109722 
0 0.704557 0.490509 0.0705729 0.15787 
0 0.143099 0.768287 0.0434896 0.0578704 
0 0.691927 0.0662037 0.0505208 0.0981481 
0 0.815885 0.817824 0.0791667 0.0782407 
0 0.897005 0.724769 0.110677 0.0958333 
0 0.741146 0.681019 0.0463542 0.0851852 
0 0.544922 0.83125 0.0658854 0.0662037 
0 0.709375 0.964352 0.0744792 0.0666667 
0 0.656641 0.566898 0.0341146 0.0699074 
0 0.811068 0.678472 0.0690104 0.145833 
0 0.880339 0.278472 0.0481771 0.0486111 
0 0.521484 0.658102 0.0361979 0.0958333 
0 0.647526 0.756713 0.0429688 0.188426 
0 0.875911 0.564815 0.0492188 0.0518519 
0 0.648438 0.368056 0.0770833 0.0851852 
0 0.368359 0.0423611 0.0263021 0.0847222 
0 0.703646 0.784259 0.0567708 0.175 
0 0.598177 0.178472 0.0630208 0.075463 
0 0.657682 0.631944 0.0445312 0.0777778 
0 0.215365 0.0886574 0.0364583 0.0884259 
0 0.243359 0.674074 0.0388021 0.0953704 
0 0.380859 0.309028 0.0372396 0.0865741 
0 0.609896 0.950463 0.0364583 0.0731481 
0 0.522005 0.158565 0.0523437 0.0606481 
0 0.025 0.561574 0.0442708 0.0740741 
0 0.489714 0.903704 0.0434896 0.0666667 
0 0.476302 0.256944 0.0395833 0.0407407 
0 0.833984 0.0203704 0.0804688 0.0407407 
0 0.0252604 0.428935 0.0338542 0.0532407 
0 0.270573 0.0268519 0.0838542 0.0537037 
0 0.153776 0.274769 0.0481771 0.0662037 
0 0.415755 0.228704 0.0460938 0.0592593 
0 0.567839 0.543056 0.0835937 0.05 
0 0.46237 0.643287 0.0278646 0.0680556 
0 0.115365 0.655093 0.0567708 0.0657407 
0 0.540625 0.338426 0.0395833 0.0740741 
0 0.952604 0.177546 0.0338542 0.0513889 
0 0.101953 0.914815 0.0273438 0.0444444 
0 0.641016 0.0319444 0.0429688 0.062963 
0 0.473568 0.490741 0.0372396 0.037963 
0 0.277734 0.904398 0.0539063 0.0476852 
0 0.250781 0.450463 0.0348958 0.0537037 
0 0.190885 0.164815 0.0635417 0.0425926 
0 0.175911 0.348843 0.0242187 0.0476852 
0 0.347786 0.488426 0.0346354 0.161111 
0 0.428516 0.496991 0.0419271 0.119907 
0 0.0875 0.31412 0.0296875 0.0921296 
0 0.837891 0.979167 0.0591146 0.0416667 
0 0.0742188 0.0631944 0.0307292 0.0773148 
