0 0.879948 0.0583333 0.0625 0.114815 
0 0.686068 0.128472 0.0273438 0.115278 
0 0.66849 0.0518519 0.0583333 0.0675926 
0 0.586458 0.0900463 0.0354167 0.133796 
0 0.940885 0.708796 0.059375 0.0768519 
0 0.784245 0.806481 0.0684896 0.062963 
0 0.634766 0.203935 0.0414063 0.0736111 
0 0.476562 0.107639 0.0630208 0.050463 
0 0.791536 0.221296 0.0278646 0.075 
0 0.707422 0.676157 0.0523437 0.0865741 
0 0.619141 0.938426 0.0403646 0.0685185 
0 0.482161 0.174306 0.0549479 0.0671296 
0 0.701172 0.911574 0.0330729 0.0472222 
0 0.215885 0.0965278 0.0302083 0.0467593 
0 0.603516 0.262731 0.0429688 0.0782407 
0 0.395052 0.3 0.0645833 0.0601852 
0 0.441927 0.403935 0.0270833 0.0884259 
0 0.714453 0.311806 0.0601562 0.0949074 
0 0.47513 0.506713 0.0372396 0.0615741 
0 0.543359 0.225231 0.0429688 0.0625 
0 0.328125 0.299769 0.0328125 0.0652778 
0 0.31224 0.587731 0.0364583 0.0726852 
0 0.33151 0.715972 0.0583333 0.0634259 
0 0.378385 0.946991 0.0442708 0.0587963 
0 0.291797 0.413194 0.0346354 0.0680556 
0 0.258333 0.482639 0.0447917 0.049537 
0 0.725521 0.0840278 0.0364583 0.0541667 
0 0.666536 0.663657 0.0200521 0.0856481 
0 0.658203 0.81412 0.0518229 0.0606481 
0 0.482943 0.448843 0.0372396 0.0578704 
0 0.79987 0.572917 0.0653646 0.0606481 
0 0.477344 0.0486111 0.0463542 0.0675926 
0 0.582552 0.331019 0.0833333 0.062963 
0 0.33138 0.205787 0.0184896 0.0680556 
0 0.784635 0.412037 0.025 0.0555556 
0 0.553646 0.0222222 0.0359375 0.0444444 
0 0.677734 0.369213 0.0580729 0.0856481 
0 0.697266 0.275 0.0523437 0.12037 
0 0.106901 0.337731 0.0335938 0.050463 
0 0.765625 0.577083 0.034375 0.0523148 
0 0.232422 0.753704 0.0325521 0.087037 
0 0.139062 0.758333 0.05 0.0555556 
0 0.465365 0.2875 0.0369792 0.0462963 
0 0.879948 0.122917 0.0276042 0.0652778 
0 0.313411 0.449074 0.0283854 0.075 
0 0.797266 0.0412037 0.0398437 0.0675926 
0 0.223047 0.32338 0.0372396 0.0412037 
0 0.748047 0.729167 0.0330729 0.0731481 
0 0.399219 0.398611 0.0328125 0.0657407 
0 0.382552 0.85162 0.03125 0.0736111 
0 0.0252604 0.0782407 0.0442708 0.0416667 
0 0.744141 0.61875 0.0351562 0.0476852 
0 0.269271 0.835648 0.0489583 0.062963 
0 0.164974 0.453472 0.0325521 0.0532407 
0 0.45651 0.608102 0.0322917 0.0662037 
0 0.460156 0.825231 0.0265625 0.0726852 
0 0.414193 0.251852 0.0289063 0.0546296 
0 0.185026 0.798148 0.0325521 0.0527778 
0 0.177995 0.606713 0.0356771 0.0606481 
0 0.572266 0.56088 0.0393229 0.0810185 
0 0.682161 0.226852 0.0794271 0.0972222 
0 0.177734 0.543056 0.0346354 0.037037 
0 0.336979 0.163889 0.0239583 0.0462963 
0 0.136198 0.213194 0.0317708 0.0430556 
0 0.0265625 0.826157 0.0369792 0.0458333 
0 0.647917 0.56713 0.0453125 0.0527778 
0 0.135547 0.794213 0.0367187 0.0412037 
0 0.101562 0.713889 0.0390625 0.0472222 
