0 0.714844 0.368287 0.0984375 0.179167 
0 0.408464 0.762963 0.0643229 0.125926 
0 0.70026 0.239583 0.059375 0.104167 
0 0.457943 0.20463 0.0486979 0.0472222 
0 0.401042 0.0354167 0.0682292 0.0708333 
0 0.447266 0.456019 0.0393229 0.0574074 
0 0.407943 0.339352 0.0695312 0.133333 
0 0.513151 0.294676 0.111198 0.0791667 
0 0.458333 0.932407 0.040625 0.0564815 
0 0.323568 0.877546 0.0736979 0.0652778 
0 0.596615 0.943519 0.0359375 0.109259 
0 0.566406 0.543287 0.0364583 0.2125 
0 0.236979 0.628935 0.0598958 0.0643518 
0 0.726042 0.691435 0.0255208 0.0439815 
0 0.275911 0.753935 0.0408854 0.0597222 
0 0.494141 0.939815 0.0330729 0.12037 
0 0.555208 0.15 0.0395833 0.0814815 
0 0.246615 0.183102 0.0515625 0.0958333 
0 0.326432 0.272454 0.0382813 0.153241 
0 0.125391 0.407639 0.0367187 0.0726852 
0 0.351562 0.525231 0.040625 0.127315 
0 0.874089 0.407176 0.0372396 0.074537 
0 0.461458 0.837731 0.0536458 0.0560185 
0 0.54974 0.875 0.0333333 0.0638889 
0 0.262109 0.492361 0.0424479 0.127315 
0 0.188672 0.174537 0.0627604 0.0574074 
0 0.114323 0.953935 0.0359375 0.0893519 
0 0.683073 0.311111 0.0364583 0.122222 
0 0.339844 0.764352 0.0885417 0.147222 
0 0.0958333 0.682639 0.0619792 0.0893519 
0 0.409245 0.447222 0.0388021 0.0898148 
0 0.381641 0.309954 0.0263021 0.0532407 
0 0.595703 0.711111 0.0507812 0.0925926 
0 0.525391 0.902083 0.0335938 0.114352 
0 0.475391 0.535417 0.0346354 0.143981 
0 0.221484 0.919213 0.0299479 0.0513889 
0 0.530339 0.533796 0.0466146 0.114815 
0 0.254167 0.71088 0.0338542 0.0902778 
0 0.428646 0.627083 0.0286458 0.0634259 
0 0.351562 0.184491 0.0416667 0.121759 
0 0.29375 0.387731 0.0546875 0.0847222 
0 0.642578 0.819907 0.0466146 0.0787037 
0 0.314453 0.116898 0.0565104 0.0597222 
0 0.629818 0.018287 0.0257812 0.0365741 
0 0.665104 0.710185 0.0182292 0.0638889 
0 0.506771 0.652778 0.0552083 0.0546296 
0 0.157682 0.724769 0.0450521 0.0476852 
0 0.603125 0.781944 0.0395833 0.0444444 
0 0.588411 0.24375 0.0486979 0.050463 
0 0.0602865 0.795833 0.0533854 0.062963 
0 0.256901 0.877546 0.0393229 0.0837963 
0 0.976562 0.119676 0.0427083 0.0513889 
0 0.0283854 0.865046 0.0494792 0.0597222 
0 0.072526 0.868519 0.0382813 0.0574074 
0 0.414583 0.567593 0.0338542 0.0324074 
0 0.378125 0.933333 0.0286458 0.111111 
0 0.941406 0.59375 0.0317708 0.0523148 
0 0.494661 0.861574 0.0486979 0.0509259 
0 0.459505 0.643287 0.0476562 0.106944 
0 0.147526 0.322917 0.0388021 0.099537 
