0 0.852083 0.183102 0.0520833 0.0810185 
0 0.875 0.656018 0.0338542 0.114815 
0 0.893099 0.208102 0.0257812 0.118056 
0 0.863672 0.0263889 0.0424479 0.0527778 
0 0.914974 0.0405093 0.0809896 0.0800926 
0 0.717318 0.646296 0.0367187 0.075 
0 0.653255 0.638889 0.0216146 0.0796296 
0 0.302474 0.302778 0.0315104 0.123148 
0 0.0363281 0.269444 0.0367187 0.0972222 
0 0.61862 0.33588 0.0382813 0.0736111 
0 0.783203 0.844907 0.0497396 0.0833333 
0 0.238672 0.342593 0.0377604 0.137037 
0 0.241667 0.464815 0.0375 0.0407407 
0 0.703125 0.560648 0.0401042 0.0759259 
0 0.647005 0.726157 0.0486979 0.0643518 
0 0.19375 0.58287 0.0354167 0.0861111 
0 0.224609 0.524769 0.0486979 0.075463 
0 0.0367187 0.491204 0.0338542 0.0675926 
0 0.589323 0.681713 0.0421875 0.0800926 
0 0.0665365 0.503009 0.0247396 0.108796 
0 0.232943 0.236574 0.0575521 0.0564815 
0 0.530859 0.346528 0.0476562 0.0560185 
0 0.585938 0.540046 0.0369792 0.0810185 
0 0.182161 0.432639 0.0330729 0.0828704 
0 0.759245 0.433796 0.0575521 0.0722222 
0 0.394271 0.296065 0.0364583 0.0819444 
0 0.458724 0.405093 0.0299479 0.062037 
0 0.125911 0.678472 0.0367187 0.0587963 
0 0.526302 0.816898 0.0375 0.0606481 
0 0.802734 0.759491 0.0320312 0.0634259 
0 0.101432 0.211806 0.0388021 0.0782407 
0 0.354818 0.441204 0.0242187 0.0861111 
0 0.720703 0.804167 0.0445312 0.062037 
0 0.688542 0.259259 0.046875 0.1 
0 0.436458 0.260185 0.0416667 0.0888889 
0 0.514583 0.23125 0.0421875 0.0541667 
0 0.688932 0.617824 0.0361979 0.0458333 
0 0.930208 0.28287 0.0708333 0.0833333 
0 0.773958 0.509491 0.0526042 0.0513889 
0 0.332292 0.376852 0.0526042 0.1 
0 0.416536 0.156713 0.0533854 0.0569444 
0 0.959896 0.596759 0.0317708 0.100926 
0 0.172005 0.651852 0.0429688 0.037963 
0 0.484896 0.458333 0.0276042 0.0574074 
0 0.530729 0.131481 0.0348958 0.087037 
0 0.850651 0.813194 0.0330729 0.0560185 
0 0.844792 0.732176 0.0520833 0.0513889 
0 0.883333 0.47662 0.034375 0.0875 
0 0.265625 0.546528 0.0385417 0.0625 
0 0.752474 0.250231 0.0372396 0.0634259 
0 0.898438 0.742593 0.0505208 0.0703704 
0 0.822266 0.788194 0.0341146 0.0680556 
0 0.541016 0.481944 0.0403646 0.0703704 
0 0.679167 0.410185 0.0380208 0.0537037 
0 0.395443 0.486111 0.0372396 0.062037 
0 0.926693 0.385417 0.0669271 0.0486111 
0 0.116406 0.577778 0.0338542 0.087037 
0 0.754297 0.382639 0.0450521 0.0736111 
0 0.725 0.121296 0.0348958 0.0944444 
0 0.849089 0.931481 0.0356771 0.0407407 
