0 0.534635 0.182639 0.0572917 0.0921296 
0 0.738672 0.424306 0.0356771 0.10787 
0 0.270182 0.431944 0.0367187 0.101852 
0 0.317318 0.263889 0.0221354 0.0777778 
0 0.682682 0.309722 0.0242187 0.105556 
0 0.864193 0.288426 0.0268229 0.0453704 
0 0.260938 0.30463 0.0276042 0.110185 
0 0.974609 0.0333333 0.0507812 0.0574074 
0 0.659245 0.653935 0.0278646 0.131019 
0 0.93112 0.280787 0.0544271 0.0652778 
0 0.868099 0.0247685 0.0335938 0.049537 
0 0.733854 0.268287 0.0385417 0.0578704 
0 0.713411 0.341204 0.0414063 0.0527778 
0 0.817448 0.592361 0.046875 0.0652778 
0 0.69375 0.453935 0.0354167 0.049537 
0 0.901953 0.936574 0.0388021 0.0796296 
0 0.609375 0.18588 0.0385417 0.0532407 
0 0.913021 0.103241 0.0916667 0.0898148 
0 0.641667 0.2625 0.0395833 0.087963 
0 0.98737 0.454398 0.0216146 0.0875 
0 0.0365885 0.428009 0.0669271 0.0541667 
0 0.739193 0.517361 0.0320312 0.0643518 
0 0.11276 0.492593 0.0442708 0.0601852 
0 0.380599 0.322222 0.0398437 0.0740741 
0 0.587891 0.971296 0.0361979 0.0546296 
0 0.803125 0.314583 0.0494792 0.0550926 
0 0.0333333 0.518287 0.0338542 0.0856481 
0 0.263932 0.61412 0.0414063 0.0560185 
0 0.814453 0.106944 0.0289063 0.103704 
0 0.966406 0.55463 0.040625 0.0555556 
0 0.116927 0.572454 0.0348958 0.0643518 
0 0.423047 0.457639 0.0450521 0.0439815 
0 0.182682 0.502546 0.0372396 0.0615741 
0 0.754818 0.306019 0.0346354 0.0518519 
0 0.433203 0.137731 0.0471354 0.0486111 
0 0.563411 0.520833 0.0460938 0.0666667 
0 0.661589 0.453472 0.0341146 0.0680556 
0 0.860807 0.35162 0.0414063 0.0615741 
0 0.911198 0.356019 0.0380208 0.075 
0 0.141927 0.528704 0.0328125 0.0685185 
0 0.455078 0.811111 0.0242187 0.0546296 
0 0.746484 0.741898 0.0445312 0.0643518 
0 0.465755 0.53912 0.0445312 0.0606481 
0 0.835938 0.184722 0.05 0.075 
0 0.378646 0.580324 0.040625 0.0587963 
