0 0.238411 0.125 0.0294271 0.10463 
0 0.863281 0.139352 0.0411458 0.0722222 
0 0.0992187 0.398843 0.0333333 0.0439815 
0 0.687891 0.815509 0.0382813 0.0819444 
0 0.847656 0.238426 0.0348958 0.114815 
0 0.155339 0.578009 0.0346354 0.0625 
0 0.3875 0.216435 0.0333333 0.116204 
0 0.858333 0.484491 0.0380208 0.0384259 
0 0.155339 0.0400463 0.0346354 0.0606481 
0 0.118229 0.08125 0.0463542 0.0708333 
0 0.623047 0.431019 0.0450521 0.0685185 
0 0.561589 0.163889 0.0429688 0.062037 
0 0.775391 0.106481 0.0304688 0.0416667 
0 0.81888 0.379167 0.0361979 0.0768519 
0 0.0833333 0.22037 0.0432292 0.0703704 
0 0.165755 0.288426 0.0507812 0.087037 
0 0.367448 0.109028 0.0234375 0.0921296 
0 0.198047 0.185185 0.0398437 0.107407 
0 0.0388021 0.21713 0.0401042 0.0944444 
0 0.610807 0.251389 0.0315104 0.0611111 
0 0.853906 0.617593 0.0520833 0.0675926 
0 0.819401 0.755556 0.0351562 0.062963 
0 0.152734 0.482176 0.0341146 0.0643518 
0 0.280078 0.314583 0.0325521 0.0587963 
0 0.158073 0.635417 0.0427083 0.0652778 
0 0.928255 0.317593 0.0304688 0.106481 
0 0.580599 0.264815 0.0403646 0.0759259 
0 0.991276 0.447454 0.0158854 0.100463 
0 0.0342448 0.333102 0.0320312 0.0958333 
0 0.260807 0.0277778 0.0367187 0.0537037 
0 0.902865 0.52338 0.04375 0.0939815 
