0 0.0772135 0.616435 0.0658854 0.103241 
0 0.811979 0.362731 0.0635417 0.106944 
0 0.259505 0.517361 0.0705729 0.121759 
0 0.863281 0.0375 0.0546875 0.0740741 
0 0.859896 0.908102 0.0776042 0.0958333 
0 0.10612 0.14375 0.0606771 0.0662037 
0 0.473698 0.627315 0.0515625 0.119444 
0 0.160417 0.484954 0.0354167 0.102315 
0 0.894531 0.788889 0.0416667 0.153704 
0 0.395573 0.51088 0.0614583 0.154167 
0 0.84375 0.566667 0.059375 0.126852 
0 0.703646 0.68912 0.0666667 0.0652778 
0 0.615755 0.215741 0.0377604 0.142593 
0 0.492448 0.274537 0.0770833 0.0666667 
0 0.0321615 0.715046 0.0544271 0.0699074 
0 0.440625 0.837731 0.0307292 0.133796 
0 0.960417 0.687268 0.0458333 0.141204 
0 0.585026 0.324306 0.0367187 0.163426 
0 0.591797 0.0351852 0.0450521 0.0685185 
0 0.364453 0.946991 0.0622396 0.0976852 
0 0.766146 0.421296 0.0557292 0.0944444 
0 0.724089 0.44537 0.0481771 0.0916667 
0 0.932161 0.532176 0.100781 0.0652778 
0 0.770964 0.728009 0.0544271 0.074537 
0 0.0822917 0.430556 0.0328125 0.0462963 
0 0.573698 0.133102 0.0703125 0.0680556 
0 0.532292 0.714583 0.0557292 0.0587963 
0 0.14349 0.379398 0.0265625 0.0671296 
0 0.336719 0.736111 0.040625 0.0712963 
0 0.409896 0.717593 0.0458333 0.0675926 
0 0.211328 0.962731 0.0497396 0.0699074 
0 0.631901 0.894213 0.0559896 0.0652778 
0 0.917969 0.721296 0.0359375 0.101852 
0 0.953125 0.841898 0.0359375 0.106019 
0 0.153125 0.176389 0.034375 0.0722222 
0 0.460677 0.602546 0.0333333 0.109722 
0 0.356901 0.862269 0.0575521 0.0791667 
0 0.0845052 0.958333 0.0450521 0.0805556 
0 0.617188 0.388194 0.0494792 0.0523148 
0 0.326693 0.662269 0.0533854 0.0976852 
0 0.843229 0.700463 0.0536458 0.0925926 
0 0.180469 0.961111 0.0453125 0.075 
0 0.208333 0.359491 0.0442708 0.0569444 
0 0.0542969 0.828704 0.0695312 0.05 
