0 0.961979 0.386111 0.0458333 0.103704 
0 0.442578 0.438426 0.0476562 0.0916667 
0 0.216797 0.312269 0.0513021 0.0726852 
0 0.0567708 0.506944 0.0614583 0.0935185 
0 0.351953 0.482176 0.0596354 0.0726852 
0 0.971745 0.103472 0.0393229 0.104167 
0 0.566797 0.435417 0.0403646 0.121759 
0 0.958594 0.6875 0.0515625 0.0694444 
0 0.905339 0.271296 0.0434896 0.131481 
0 0.269531 0.530787 0.0630208 0.0597222 
0 0.983464 0.237037 0.0309896 0.135185 
0 0.860286 0.465278 0.0289063 0.106481 
0 0.631771 0.347222 0.0776042 0.0787037 
0 0.41849 0.214352 0.0354167 0.0666667 
0 0.35625 0.406713 0.0578125 0.0615741 
0 0.127214 0.64838 0.0289063 0.1125 
0 0.374219 0.315278 0.03125 0.0657407 
0 0.885286 0.343981 0.0299479 0.1 
0 0.552734 0.925231 0.0377604 0.0800926 
0 0.0515625 0.86875 0.0328125 0.0837963 
0 0.599219 0.792824 0.0395833 0.0912037 
0 0.6625 0.0828704 0.0166667 0.0675926 
0 0.704557 0.625 0.0471354 0.0490741 
0 0.0542969 0.390741 0.0434896 0.0740741 
0 0.536589 0.651852 0.0367187 0.0453704 
0 0.822266 0.319907 0.0408854 0.0648148 
0 0.770964 0.426157 0.0617188 0.0615741 
0 0.142448 0.820602 0.0390625 0.0597222 
0 0.480469 0.840278 0.03125 0.0907407 
0 0.756771 0.538426 0.0541667 0.0759259 
0 0.041276 0.62338 0.0450521 0.0606481 
0 0.327344 0.353241 0.0348958 0.062037 
0 0.729036 0.140278 0.0320312 0.05 
0 0.144271 0.425463 0.0453125 0.0592593 
0 0.775391 0.31713 0.0455729 0.075 
0 0.166016 0.855556 0.0398437 0.0722222 
0 0.817839 0.207407 0.0330729 0.0388889 
0 0.183464 0.577083 0.0372396 0.0912037 
0 0.127734 0.455324 0.0664062 0.0819444 
0 0.514714 0.384259 0.0309896 0.0675926 
0 0.755859 0.975 0.0554687 0.05 
0 0.705599 0.222917 0.0466146 0.101389 
0 0.504818 0.115046 0.0460938 0.0819444 
0 0.838281 0.674074 0.0322917 0.0546296 
0 0.782292 0.196759 0.0510417 0.0601852 
0 0.308594 0.055787 0.0546875 0.0717593 
0 0.603516 0.519676 0.0632813 0.0513889 
