0 0.724089 0.121296 0.0575521 0.143519 
0 0.909766 0.715741 0.0617188 0.0601852 
0 0.404297 0.258333 0.0434896 0.087963 
0 0.810026 0.0425926 0.0361979 0.0851852 
0 0.669401 0.746528 0.0382813 0.0736111 
0 0.614193 0.732639 0.0320312 0.0736111 
0 0.593359 0.653704 0.0367187 0.0675926 
0 0.721094 0.312963 0.0390625 0.0759259 
0 0.347917 0.771759 0.0619792 0.0675926 
0 0.565495 0.373843 0.0346354 0.0902778 
0 0.379687 0.350926 0.03125 0.0537037 
0 0.712891 0.425 0.0408854 0.0601852 
0 0.216406 0.47037 0.0390625 0.0981481 
0 0.885807 0.300694 0.0341146 0.123611 
0 0.0766927 0.519907 0.0309896 0.087037 
0 0.33112 0.54375 0.0346354 0.0708333 
0 0.276432 0.400926 0.0429688 0.0759259 
0 0.49362 0.762963 0.0481771 0.1 
0 0.802734 0.346296 0.0617188 0.0685185 
0 0.311589 0.367361 0.0393229 0.0921296 
0 0.466797 0.546065 0.0382813 0.049537 
0 0.422786 0.447454 0.0455729 0.0625 
0 0.699219 0.837269 0.0416667 0.0615741 
0 0.796484 0.818056 0.0382813 0.062037 
0 0.977083 0.0203704 0.0432292 0.0398148 
0 0.452474 0.793056 0.0382813 0.0777778 
0 0.423958 0.337269 0.0515625 0.0689815 
0 0.541536 0.726389 0.0252604 0.0666667 
0 0.642057 0.536806 0.0502604 0.0597222 
0 0.748047 0.58588 0.0518229 0.0828704 
0 0.17513 0.412037 0.0335938 0.108333 
0 0.401823 0.898611 0.0338542 0.0685185 
0 0.129167 0.46875 0.04375 0.0875 
0 0.782292 0.414815 0.0526042 0.0638889 
0 0.600521 0.390278 0.028125 0.0611111 
0 0.445052 0.892361 0.0453125 0.0875 
0 0.575651 0.135417 0.0539063 0.0893519 
0 0.667448 0.603009 0.059375 0.0587963 
0 0.0179687 0.669213 0.0328125 0.0930556 
0 0.751953 0.32662 0.0252604 0.115278 
0 0.686458 0.0511574 0.0401042 0.0671296 
0 0.85599 0.136111 0.0526042 0.075 
0 0.960417 0.366667 0.0380208 0.0805556 
0 0.509245 0.447917 0.0398437 0.0726852 
0 0.772526 0.735185 0.0315104 0.0898148 
0 0.571745 0.508796 0.0367187 0.062963 
0 0.340234 0.335417 0.0346354 0.0569444 
0 0.471224 0.353935 0.0476562 0.0643518 
0 0.928125 0.60162 0.0515625 0.0634259 
0 0.197526 0.742593 0.0440104 0.0768519 
0 0.0652344 0.736111 0.0481771 0.0425926 
0 0.895052 0.0675926 0.0348958 0.0925926 
0 0.841797 0.687037 0.0315104 0.0944444 
0 0.0842448 0.696528 0.0445312 0.0486111 
0 0.768099 0.162037 0.0585938 0.0944444 
0 0.889583 0.966204 0.0463542 0.0638889 
0 0.534115 0.97963 0.0442708 0.0407407 
0 0.473177 0.634491 0.0317708 0.0967593 
0 0.910677 0.103935 0.0395833 0.0560185 
0 0.380339 0.55787 0.0320312 0.0648148 
