0 0.774479 0.557639 0.0421875 0.0782407 
0 0.739714 0.754398 0.0476562 0.0773148 
0 0.788542 0.453472 0.0401042 0.0541667 
0 0.241146 0.0324074 0.0479167 0.0648148 
0 0.842708 0.684491 0.0364583 0.0902778 
0 0.578646 0.137731 0.0489583 0.0884259 
0 0.538021 0.39375 0.0348958 0.0652778 
0 0.864193 0.140278 0.0372396 0.105556 
0 0.747135 0.931481 0.0375 0.0675926 
0 0.321094 0.362731 0.0338542 0.0643518 
0 0.0196615 0.84838 0.0346354 0.0652778 
0 0.66849 0.504398 0.021875 0.0819444 
0 0.854036 0.896759 0.0398437 0.0490741 
0 0.359635 0.566898 0.0427083 0.110648 
0 0.976042 0.785185 0.0416667 0.075 
0 0.0938802 0.153472 0.0497396 0.0486111 
0 0.842839 0.178704 0.0570313 0.0953704 
0 0.501042 0.74537 0.0385417 0.0638889 
0 0.342969 0.242361 0.03125 0.0958333 
0 0.793359 0.0453704 0.0429688 0.0675926 
0 0.94388 0.97037 0.0492188 0.0555556 
0 0.0548177 0.132639 0.0372396 0.0643518 
0 0.374089 0.405093 0.0403646 0.0935185 
0 0.734896 0.266898 0.0463542 0.0699074 
0 0.833464 0.301389 0.0450521 0.0648148 
0 0.0354167 0.900231 0.0364583 0.075463 
0 0.965885 0.0800926 0.0385417 0.0583333 
0 0.865755 0.563426 0.0611979 0.105556 
0 0.510286 0.0273148 0.0309896 0.0527778 
0 0.500391 0.286806 0.0398437 0.0810185 
0 0.720703 0.505787 0.0434896 0.0662037 
0 0.975521 0.397685 0.0479167 0.0759259 
0 0.276563 0.527778 0.0442708 0.087037 
0 0.988281 0.55162 0.0213542 0.0976852 
0 0.265625 0.129398 0.05 0.0847222 
0 0.930078 0.270602 0.0539063 0.0699074 
0 0.623568 0.287269 0.0382813 0.104167 
0 0.201432 0.569676 0.0440104 0.0643518 
0 0.650391 0.845833 0.0367187 0.0583333 
