0 0.335547 0.629167 0.0549479 0.117593 
0 0.587891 0.866898 0.0424479 0.0587963 
0 0.819792 0.590278 0.0536458 0.1 
0 0.626562 0.875463 0.0395833 0.101852 
0 0.46901 0.394907 0.0276042 0.0842593 
0 0.696224 0.766898 0.0351562 0.106019 
0 0.658594 0.403472 0.0572917 0.0708333 
0 0.365234 0.749537 0.0388021 0.0953704 
0 0.591797 0.409954 0.0466146 0.0625 
0 0.521484 0.741204 0.0403646 0.130556 
0 0.914583 0.743056 0.0380208 0.0925926 
0 0.591797 0.509028 0.0497396 0.0726852 
0 0.582422 0.973611 0.0559896 0.0527778 
0 0.75 0.957407 0.0364583 0.0694444 
0 0.140885 0.758333 0.0375 0.087037 
0 0.690495 0.48125 0.0575521 0.0652778 
0 0.0989583 0.878472 0.0708333 0.0763889 
0 0.908724 0.566667 0.0377604 0.062037 
0 0.228385 0.822685 0.05 0.0833333 
0 0.191016 0.774306 0.0377604 0.0893519 
0 0.3875 0.875463 0.0645833 0.0777778 
0 0.633724 0.965278 0.0445312 0.0666667 
0 0.577214 0.770833 0.0481771 0.0787037 
0 0.782682 0.545602 0.0466146 0.0625 
0 0.0736979 0.681019 0.0598958 0.0833333 
0 0.758333 0.441204 0.046875 0.0777778 
0 0.968229 0.475231 0.053125 0.0652778 
0 0.789062 0.328241 0.0661458 0.101852 
0 0.330339 0.847917 0.0372396 0.0884259 
0 0.480208 0.7 0.0505208 0.0648148 
