0 0.614323 0.056713 0.0416667 0.109722 
0 0.691406 0.47963 0.0416667 0.062963 
0 0.0859375 0.188194 0.0473958 0.0912037 
0 0.133854 0.424537 0.0515625 0.0888889 
0 0.631901 0.482176 0.0372396 0.0541667 
0 0.236458 0.433102 0.0348958 0.10787 
0 0.782682 0.871065 0.0492188 0.0726852 
0 0.158854 0.265278 0.0296875 0.126852 
0 0.116536 0.32662 0.0507812 0.0513889 
0 0.975521 0.222222 0.0473958 0.114815 
0 0.883333 0.0384259 0.034375 0.0731481 
0 0.276953 0.674769 0.0450521 0.0513889 
0 0.342708 0.385417 0.0411458 0.0439815 
0 0.464583 0.202315 0.0604167 0.0916667 
0 0.710026 0.347454 0.0497396 0.0578704 
0 0.0375 0.295139 0.0380208 0.0986111 
0 0.981641 0.339815 0.0367187 0.0657407 
0 0.605859 0.384954 0.0414063 0.0587963 
0 0.833073 0.278472 0.0598958 0.0773148 
0 0.851562 0.0668981 0.0526042 0.105093 
0 0.582031 0.835648 0.0348958 0.0805556 
0 0.0739583 0.477546 0.0317708 0.101389 
0 0.430859 0.845833 0.0658854 0.0685185 
0 0.239453 0.323148 0.0315104 0.0722222 
0 0.227734 0.581713 0.0549479 0.0708333 
0 0.710417 0.921065 0.0505208 0.0587963 
0 0.120573 0.49213 0.04375 0.0611111 
0 0.539583 0.240741 0.0494792 0.0638889 
0 0.427995 0.768981 0.0591146 0.0833333 
0 0.923828 0.622222 0.0367187 0.10463 
0 0.189583 0.68588 0.034375 0.0708333 
0 0.0740885 0.323843 0.0335938 0.0569444 
0 0.876953 0.955787 0.0346354 0.0625 
0 0.794922 0.177778 0.0356771 0.0648148 
0 0.60013 0.671065 0.0497396 0.099537 
0 0.5 0.286806 0.0682292 0.0597222 
0 0.0329427 0.767361 0.0351562 0.0726852 
0 0.271224 0.323611 0.0330729 0.075 
0 0.280078 0.82338 0.0325521 0.11713 
0 0.705078 0.193287 0.0747396 0.0912037 
0 0.0891927 0.645139 0.0455729 0.0513889 
0 0.307943 0.378009 0.0320312 0.0800926 
0 0.480078 0.801389 0.0346354 0.0777778 
