0 0.853516 0.125231 0.0398437 0.127315 
0 0.869141 0.225694 0.0903646 0.106944 
0 0.827214 0.834259 0.0596354 0.087963 
0 0.269922 0.261343 0.0804688 0.103241 
0 0.52487 0.88287 0.0398437 0.142593 
0 0.664974 0.200231 0.0440104 0.183796 
0 0.967708 0.693981 0.0385417 0.14537 
0 0.239453 0.855093 0.0502604 0.12037 
0 0.909245 0.0733796 0.0658854 0.131944 
0 0.0940104 0.572917 0.0604167 0.0699074 
0 0.178516 0.521296 0.0476562 0.103704 
0 0.561068 0.759491 0.0690104 0.10787 
0 0.0255208 0.518287 0.0484375 0.140278 
0 0.201953 0.644213 0.0518229 0.14213 
0 0.404557 0.232176 0.0497396 0.0671296 
0 0.0364583 0.644444 0.0510417 0.117593 
0 0.433594 0.339352 0.0578125 0.149074 
0 0.561979 0.397454 0.0557292 0.106019 
0 0.809115 0.397685 0.115104 0.0712963 
0 0.101172 0.825926 0.0388021 0.140741 
0 0.141536 0.947917 0.0341146 0.0986111 
0 0.283724 0.761574 0.0346354 0.0861111 
0 0.729557 0.18125 0.0731771 0.0810185 
0 0.318359 0.575926 0.0617188 0.0675926 
0 0.685026 0.0925926 0.0320312 0.087963 
0 0.663021 0.560185 0.06875 0.0925926 
0 0.0234375 0.851389 0.0427083 0.10463 
0 0.720182 0.717824 0.0976562 0.0958333 
0 0.128516 0.471296 0.0669271 0.0555556 
0 0.653776 0.925231 0.0335938 0.121759 
0 0.896484 0.838194 0.0596354 0.0726852 
0 0.681641 0.332176 0.0367187 0.102315 
0 0.11224 0.936574 0.03125 0.115741 
0 0.506771 0.199074 0.0765625 0.062963 
0 0.595703 0.704861 0.0419271 0.0606481 
0 0.809115 0.964352 0.0354167 0.0666667 
0 0.605859 0.362269 0.0460938 0.1125 
0 0.975391 0.42662 0.0492188 0.0939815 
0 0.257552 0.538889 0.0625 0.113889 
0 0.566797 0.965278 0.0710938 0.0685185 
0 0.972656 0.10463 0.046875 0.0916667 
0 0.258854 0.40162 0.0572917 0.11713 
0 0.922396 0.429398 0.0651042 0.0773148 
0 0.979557 0.964352 0.0361979 0.0657407 
0 0.110937 0.420602 0.0854167 0.0726852 
0 0.711458 0.43287 0.0796875 0.0703704 
0 0.160026 0.784722 0.0466146 0.0935185 
