0 0.520443 0.222454 0.0799479 0.116204 
0 0.63776 0.213194 0.071875 0.131019 
0 0.113281 0.377083 0.05625 0.0689815 
0 0.765625 0.396528 0.0552083 0.0763889 
0 0.476823 0.279398 0.0770833 0.0643518 
0 0.814453 0.914815 0.0518229 0.101852 
0 0.868229 0.199537 0.0390625 0.0805556 
0 0.567318 0.922917 0.0450521 0.0949074 
0 0.413281 0.31875 0.0828125 0.0893519 
0 0.0648438 0.437269 0.0286458 0.0893519 
0 0.983073 0.957639 0.0338542 0.075463 
0 0.0679687 0.571528 0.0432292 0.0782407 
0 0.780729 0.0398148 0.0552083 0.0759259 
0 0.0625 0.878472 0.03125 0.0875 
0 0.503385 0.412037 0.0453125 0.101852 
0 0.232682 0.40787 0.0398437 0.087963 
0 0.91263 0.803009 0.0544271 0.0875 
0 0.238542 0.25463 0.0583333 0.107407 
0 0.608854 0.590741 0.0296875 0.0583333 
0 0.0389323 0.54213 0.0601562 0.0925926 
0 0.558073 0.368287 0.0729167 0.0606481 
0 0.48151 0.462037 0.0510417 0.0787037 
0 0.908724 0.927083 0.0570313 0.0773148 
0 0.850651 0.399074 0.0497396 0.0601852 
0 0.589844 0.472685 0.028125 0.0675926 
0 0.461198 0.600694 0.040625 0.0717593 
0 0.654297 0.312963 0.0544271 0.0638889 
0 0.0625 0.638426 0.0489583 0.0611111 
0 0.933073 0.342593 0.0598958 0.0898148 
0 0.491016 0.646759 0.0341146 0.0805556 
0 0.228646 0.0414352 0.0635417 0.0763889 
0 0.423568 0.582639 0.0466146 0.0597222 
0 0.988802 0.865509 0.0197917 0.109722 
0 0.833073 0.65625 0.0598958 0.0671296 
0 0.696354 0.182176 0.0546875 0.049537 
0 0.131771 0.959954 0.0479167 0.0717593 
0 0.608854 0.354167 0.034375 0.0666667 
