0 0.194401 0.824769 0.0518229 0.0430556 
0 0.13776 0.786343 0.065625 0.0597222 
0 0.88776 0.356944 0.0411458 0.0601852 
0 0.765104 0.607639 0.0447917 0.0819444 
0 0.121094 0.514352 0.0364583 0.0481481 
0 0.474609 0.646991 0.0752604 0.0902778 
0 0.202214 0.972222 0.0460938 0.0527778 
0 0.583073 0.774769 0.0526042 0.0939815 
0 0.558203 0.882407 0.0424479 0.0861111 
0 0.61875 0.913194 0.0380208 0.113426 
0 0.732422 0.561111 0.0351562 0.0546296 
0 0.103516 0.0277778 0.0377604 0.0527778 
0 0.509766 0.752778 0.0513021 0.0509259 
0 0.477214 0.870602 0.0403646 0.0819444 
