0 0.689453 0.0891204 0.0309896 0.164352 
0 0.73099 0.53912 0.0583333 0.1125 
0 0.684635 0.211343 0.0333333 0.0708333 
0 0.266536 0.0386574 0.0382813 0.0680556 
0 0.820703 0.140509 0.0830729 0.0865741 
0 0.488802 0.947917 0.0479167 0.0930556 
0 0.414062 0.798148 0.0479167 0.0527778 
0 0.410286 0.234028 0.0460938 0.0597222 
0 0.320833 0.315509 0.0307292 0.0458333 
0 0.41901 0.117593 0.0322917 0.10463 
0 0.0178385 0.377315 0.0330729 0.0740741 
0 0.132682 0.157639 0.0523437 0.0689815 
0 0.249609 0.380324 0.0382813 0.0847222 
0 0.131901 0.0965278 0.0341146 0.0689815 
0 0.734375 0.272917 0.0520833 0.0439815 
0 0.623958 0.197454 0.0385417 0.103241 
0 0.762109 0.467361 0.0950521 0.106944 
0 0.380599 0.353472 0.0294271 0.0523148 
0 0.377474 0.453472 0.0361979 0.0708333 
0 0.78125 0.828472 0.0572917 0.0634259 
0 0.438021 0.34375 0.0411458 0.0486111 
0 0.563021 0.115972 0.0359375 0.106019 
0 0.099349 0.240972 0.0419271 0.0689815 
0 0.686979 0.658102 0.0369792 0.168981 
0 0.632812 0.841435 0.0552083 0.113426 
0 0.159115 0.64375 0.0541667 0.0467593 
0 0.259505 0.813426 0.0398437 0.0740741 
0 0.611719 0.876389 0.046875 0.0694444 
0 0.478516 0.434954 0.0393229 0.0819444 
0 0.446875 0.152778 0.0442708 0.0796296 
0 0.596224 0.372454 0.0507812 0.0680556 
0 0.304167 0.202546 0.0260417 0.0902778 
0 0.616276 0.460185 0.10026 0.0685185 
0 0.660156 0.269676 0.0682292 0.0671296 
0 0.304948 0.274537 0.0192708 0.0648148 
0 0.214193 0.743519 0.0518229 0.0574074 
0 0.190625 0.97662 0.0375 0.0467593 
0 0.566406 0.873148 0.040625 0.062963 
0 0.146354 0.488657 0.0494792 0.0606481 
0 0.232031 0.0361111 0.0302083 0.037963 
0 0.554297 0.425 0.0304688 0.0990741 
0 0.520964 0.609954 0.0361979 0.0671296 
0 0.229036 0.230787 0.0325521 0.0458333 
0 0.371094 0.677083 0.0661458 0.0476852 
0 0.444922 0.239352 0.0299479 0.075 
0 0.35651 0.0280093 0.0234375 0.0560185 
0 0.314974 0.953241 0.0419271 0.0824074 
0 0.0789063 0.488657 0.03125 0.0625 
0 0.0622396 0.8125 0.0375 0.0509259 
0 0.252474 0.964352 0.0361979 0.0527778 
0 0.410677 0.497685 0.0260417 0.0407407 
0 0.135677 0.96875 0.0421875 0.0532407 
0 0.161458 0.731713 0.0291667 0.0569444 
0 0.135286 0.559028 0.0549479 0.0449074 
0 0.298438 0.411806 0.0416667 0.0782407 
0 0.347656 0.204167 0.0276042 0.112037 
0 0.473437 0.661343 0.0375 0.0930556 
0 0.424349 0.0409722 0.0408854 0.0625 
0 0.449479 0.517361 0.0234375 0.0865741 
0 0.222917 0.692824 0.0260417 0.0328704 
0 0.159505 0.867593 0.0476562 0.0425926 
0 0.486458 0.0414352 0.0390625 0.0800926 
0 0.0177083 0.84375 0.0354167 0.0560185 
0 0.0117188 0.58287 0.0213542 0.0388889 
