0 0.54987 0.666667 0.0747396 0.163889 
0 0.782161 0.638426 0.0716146 0.166667 
0 0.430729 0.47662 0.0453125 0.115278 
0 0.211589 0.043287 0.0846354 0.0865741 
0 0.299089 0.82037 0.0398437 0.153704 
0 0.334375 0.36088 0.0395833 0.164352 
0 0.644531 0.701852 0.0484375 0.205556 
0 0.116146 0.740509 0.0510417 0.10787 
0 0.349479 0.826389 0.071875 0.0833333 
0 0.500391 0.368287 0.0403646 0.116204 
0 0.67487 0.614583 0.0611979 0.0699074 
0 0.598698 0.526157 0.0588542 0.0773148 
0 0.752995 0.231019 0.0513021 0.2 
0 0.703646 0.759491 0.059375 0.0865741 
0 0.128385 0.973148 0.0505208 0.0537037 
0 0.061849 0.950231 0.0471354 0.099537 
0 0.195182 0.881019 0.0424479 0.113889 
0 0.41849 0.722685 0.0614583 0.1 
0 0.802214 0.859491 0.103385 0.121759 
0 0.0259115 0.965278 0.0299479 0.0648148 
0 0.401432 0.181944 0.0398437 0.037963 
0 0.981901 0.963426 0.0356771 0.0657407 
0 0.479557 0.663657 0.0398437 0.158796 
0 0.850521 0.947222 0.040625 0.0564815 
0 0.0785156 0.52338 0.0690104 0.0652778 
0 0.447526 0.685185 0.0393229 0.0833333 
0 0.0316406 0.0456019 0.0617188 0.0625 
