0 0.107161 0.831944 0.0617188 0.103704 
0 0.208073 0.885648 0.0421875 0.0898148 
0 0.551693 0.78125 0.0653646 0.13287 
0 0.271745 0.949074 0.0492188 0.101852 
0 0.922786 0.41875 0.0460938 0.129167 
0 0.940495 0.750463 0.0252604 0.127778 
0 0.541016 0.927083 0.0570313 0.0958333 
0 0.920964 0.655787 0.0434896 0.0458333 
0 0.805078 0.692361 0.0356771 0.102315 
0 0.412109 0.83912 0.0294271 0.0837963 
0 0.231771 0.849769 0.0479167 0.0699074 
0 0.918359 0.85162 0.0403646 0.110648 
0 0.0744792 0.612963 0.0333333 0.0592593 
0 0.727995 0.954861 0.0476562 0.0875 
0 0.338802 0.56088 0.0333333 0.0893519 
0 0.729557 0.847454 0.0440104 0.0662037 
0 0.346354 0.619213 0.0489583 0.0550926 
0 0.846745 0.380787 0.0455729 0.0606481 
0 0.269271 0.716667 0.0583333 0.0546296 
0 0.275781 0.80787 0.0276042 0.0981481 
0 0.378906 0.96088 0.0723958 0.050463 
0 0.148047 0.485185 0.0414063 0.0388889 
0 0.909766 0.572222 0.0450521 0.0638889 
0 0.599089 0.599537 0.0492188 0.102778 
0 0.0817708 0.497454 0.0255208 0.0615741 
0 0.0498698 0.490509 0.0252604 0.0486111 
0 0.385677 0.578935 0.0333333 0.120833 
0 0.713411 0.664583 0.0752604 0.0606481 
0 0.154167 0.361574 0.04375 0.0555556 
0 0.163802 0.687037 0.0229167 0.0648148 
0 0.321354 0.462731 0.0473958 0.0699074 
0 0.871484 0.899306 0.0622396 0.0634259 
0 0.0575521 0.678241 0.0427083 0.0675926 
0 0.326823 0.934722 0.0520833 0.0712963 
0 0.822786 0.956713 0.0289063 0.0865741 
0 0.778776 0.485648 0.0361979 0.0972222 
0 0.609375 0.813889 0.028125 0.0490741 
0 0.597656 0.850926 0.0291667 0.101852 
0 0.449219 0.54838 0.0276042 0.0865741 
0 0.683984 0.53588 0.0507812 0.121759 
0 0.513151 0.201157 0.0481771 0.0625 
