0 0.467057 0.273148 0.0372396 0.0462963 
0 0.552734 0.162269 0.0492188 0.0662037 
0 0.088151 0.16875 0.0502604 0.0949074 
0 0.492057 0.165046 0.0434896 0.0532407 
0 0.740755 0.260185 0.0398437 0.062037 
0 0.572786 0.653704 0.0450521 0.0712963 
0 0.18724 0.0284722 0.0473958 0.0569444 
0 0.904297 0.32338 0.0346354 0.0726852 
0 0.810026 0.260185 0.0533854 0.0694444 
0 0.64362 0.65162 0.0382813 0.0486111 
0 0.45651 0.706944 0.034375 0.0851852 
0 0.376042 0.0481481 0.0390625 0.0824074 
0 0.457161 0.094213 0.0617188 0.0782407 
0 0.594792 0.546296 0.0338542 0.0527778 
0 0.0270833 0.49838 0.0348958 0.075463 
0 0.490104 0.87963 0.0333333 0.0944444 
0 0.710417 0.435417 0.0302083 0.074537 
0 0.536198 0.278009 0.0364583 0.0625 
0 0.874609 0.131481 0.0471354 0.0472222 
0 0.908203 0.188426 0.0335938 0.062037 
0 0.36276 0.461111 0.0317708 0.0685185 
0 0.844141 0.364583 0.0559896 0.0800926 
0 0.021875 0.167593 0.0421875 0.0546296 
0 0.0833333 0.249074 0.0588542 0.0833333 
0 0.0183594 0.240046 0.0367187 0.050463 
0 0.270964 0.328704 0.0372396 0.0944444 
0 0.76862 0.507407 0.0367187 0.0601852 
0 0.245182 0.475694 0.0445312 0.0652778 
0 0.135547 0.114583 0.0481771 0.0615741 
0 0.669922 0.462963 0.0257812 0.0703704 
0 0.334896 0.963426 0.0640625 0.0722222 
0 0.0307292 0.372685 0.0390625 0.0712963 
0 0.214974 0.794676 0.0356771 0.0958333 
0 0.973568 0.305324 0.0440104 0.0541667 
0 0.223568 0.124306 0.0330729 0.0643518 
0 0.458203 0.422685 0.0549479 0.0490741 
0 0.378646 0.180556 0.046875 0.0777778 
0 0.401823 0.203241 0.0421875 0.062963 
0 0.88125 0.561574 0.0640625 0.0805556 
0 0.959896 0.557407 0.0489583 0.0574074 
0 0.829557 0.840741 0.0356771 0.0537037 
0 0.179818 0.201389 0.0601562 0.0787037 
0 0.652734 0.847685 0.0398437 0.0435185 
0 0.568359 0.854398 0.0372396 0.0819444 
0 0.914062 0.476852 0.0286458 0.0916667 
0 0.0632813 0.677546 0.0369792 0.0800926 
0 0.546875 0.57037 0.0473958 0.0592593 
0 0.332161 0.395833 0.0507812 0.0564815 
0 0.511719 0.484491 0.0291667 0.0458333 
0 0.435807 0.54375 0.0315104 0.0837963 
0 0.309896 0.437269 0.053125 0.0634259 
0 0.123177 0.665046 0.0598958 0.0532407 
0 0.0677083 0.464352 0.0380208 0.0648148 
0 0.790625 0.723843 0.0453125 0.0958333 
0 0.520052 0.896528 0.0265625 0.0875 
