0 0.613281 0.0886574 0.053125 0.121759 
0 0.917448 0.631019 0.0552083 0.0833333 
0 0.186589 0.315741 0.0424479 0.0805556 
0 0.814974 0.52662 0.0695312 0.0699074 
0 0.982422 0.458333 0.0346354 0.0972222 
0 0.585938 0.75 0.034375 0.0555556 
0 0.304427 0.524306 0.0458333 0.0828704 
0 0.582031 0.398148 0.0458333 0.0953704 
0 0.939453 0.155324 0.0377604 0.0569444 
0 0.740755 0.462731 0.0393229 0.074537 
0 0.538021 0.621528 0.0494792 0.0828704 
0 0.153906 0.581944 0.03125 0.075 
0 0.0994792 0.69537 0.0348958 0.0824074 
0 0.957422 0.60625 0.0565104 0.0763889 
0 0.952214 0.365509 0.0710938 0.0606481 
0 0.0222656 0.658796 0.0434896 0.0740741 
0 0.85651 0.266667 0.0307292 0.112963 
0 0.69388 0.965972 0.0440104 0.0634259 
0 0.729036 0.729167 0.0393229 0.0842593 
0 0.633333 0.96713 0.0463542 0.0648148 
0 0.827604 0.694444 0.0348958 0.0666667 
0 0.954557 0.682639 0.0330729 0.0986111 
0 0.63138 0.477546 0.0315104 0.0634259 
0 0.0839844 0.402546 0.0388021 0.0625 
