0 0.666536 0.262731 0.0346354 0.149537 
0 0.716797 0.037963 0.108594 0.0685185 
0 0.78763 0.0928241 0.0466146 0.0967593 
0 0.594792 0.685185 0.0583333 0.15 
0 0.602995 0.196991 0.0419271 0.0625 
0 0.697786 0.246065 0.0341146 0.134722 
0 0.571745 0.256944 0.0533854 0.0981481 
0 0.530729 0.599306 0.0807292 0.0486111 
0 0.63724 0.877546 0.065625 0.0856481 
0 0.461849 0.66088 0.0700521 0.0699074 
0 0.4875 0.922685 0.0604167 0.0722222 
0 0.557552 0.35463 0.0364583 0.0481481 
0 0.80026 0.381944 0.03125 0.0833333 
0 0.266406 0.244676 0.0317708 0.0430556 
0 0.445833 0.192593 0.034375 0.0425926 
0 0.509245 0.358333 0.0382813 0.112037 
0 0.336589 0.638889 0.0382813 0.0583333 
0 0.20638 0.676157 0.0419271 0.0532407 
0 0.490755 0.474074 0.0638021 0.0462963 
0 0.544401 0.303935 0.0742188 0.0513889 
0 0.170833 0.824769 0.0447917 0.0717593 
0 0.66901 0.5125 0.05625 0.0666667 
0 0.26875 0.372454 0.0484375 0.0458333 
0 0.75625 0.267593 0.0572917 0.132407 
0 0.145833 0.0974537 0.0338542 0.0689815 
0 0.0311198 0.453472 0.0434896 0.049537 
0 0.111328 0.460185 0.0419271 0.05 
0 0.075651 0.13588 0.0356771 0.0615741 
0 0.260547 0.789352 0.0356771 0.0981481 
0 0.470703 0.425 0.0273438 0.0740741 
0 0.553125 0.560648 0.0625 0.0444444 
0 0.349089 0.466898 0.0382813 0.0449074 
0 0.454818 0.0365741 0.0200521 0.0731481 
0 0.58112 0.160185 0.0434896 0.0564815 
0 0.416536 0.844907 0.0565104 0.062037 
0 0.101562 0.531713 0.0354167 0.0532407 
0 0.372526 0.790741 0.0388021 0.0444444 
0 0.189974 0.573843 0.0460938 0.050463 
0 0.220573 0.797454 0.0421875 0.0671296 
0 0.33763 0.961111 0.0497396 0.0592593 
0 0.257812 0.848148 0.0432292 0.0648148 
0 0.353125 0.102778 0.034375 0.12963 
0 0.492448 0.536574 0.0322917 0.0675926 
0 0.717708 0.421528 0.0328125 0.0375 
0 0.337109 0.844676 0.0356771 0.0523148 
0 0.608333 0.485648 0.0567708 0.0638889 
0 0.0760417 0.277315 0.0416667 0.037037 
0 0.440365 0.240278 0.0395833 0.0509259 
0 0.386719 0.468287 0.0416667 0.0884259 
0 0.838411 0.169444 0.0440104 0.0648148 
0 0.342318 0.353935 0.0565104 0.119907 
0 0.735417 0.0990741 0.034375 0.0675926 
0 0.408203 0.203472 0.0377604 0.0615741 
0 0.523958 0.751389 0.0546875 0.0444444 
0 0.401432 0.956713 0.0497396 0.0828704 
0 0.441276 0.4 0.0294271 0.0518519 
