0 0.542969 0.912269 0.0375 0.0763889 
0 0.650391 0.025463 0.0382813 0.0398148 
0 0.723047 0.127083 0.0549479 0.0541667 
0 0.602995 0.0479167 0.0231771 0.0958333 
0 0.636719 0.0868056 0.0291667 0.0689815 
0 0.353255 0.113426 0.0403646 0.0453704 
0 0.114453 0.241204 0.0403646 0.0657407 
0 0.398828 0.200926 0.0497396 0.0435185 
0 0.510286 0.251157 0.0299479 0.0319444 
0 0.626042 0.148843 0.0328125 0.0550926 
0 0.583984 0.532176 0.0367187 0.0476852 
0 0.48138 0.446065 0.0414063 0.0458333 
0 0.585026 0.356019 0.0393229 0.0453704 
0 0.392578 0.537731 0.0419271 0.050463 
0 0.301042 0.114815 0.0421875 0.0592593 
0 0.506771 0.181944 0.0411458 0.0648148 
0 0.508333 0.0900463 0.0296875 0.0393519 
0 0.539062 0.579861 0.0239583 0.0393519 
0 0.341276 0.686343 0.0299479 0.0365741 
0 0.0476562 0.741667 0.0338542 0.0564815 
0 0.620182 0.227546 0.0236979 0.0800926 
0 0.644141 0.625926 0.0226563 0.0842593 
0 0.195182 0.72662 0.0382813 0.0652778 
0 0.640104 0.789815 0.0666667 0.0611111 
0 0.378646 0.310648 0.0432292 0.05 
0 0.573177 0.684028 0.0333333 0.0578704 
0 0.528906 0.0696759 0.0317708 0.0486111 
0 0.558594 0.275231 0.0244792 0.0402778 
0 0.175 0.88287 0.0395833 0.0407407 
0 0.335677 0.236574 0.0411458 0.0361111 
0 0.367708 0.729167 0.0255208 0.0722222 
0 0.611328 0.653704 0.0372396 0.0509259 
0 0.633333 0.859722 0.0390625 0.062037 
0 0.305339 0.0668981 0.0335938 0.0634259 
0 0.536198 0.677083 0.0234375 0.0837963 
0 0.404948 0.881944 0.0416667 0.0435185 
0 0.609766 0.52963 0.0356771 0.0537037 
0 0.407813 0.612731 0.0364583 0.0560185 
0 0.611328 0.602315 0.0283854 0.0666667 
0 0.127344 0.148148 0.0276042 0.0564815 
0 0.228906 0.418056 0.0333333 0.0453704 
0 0.685026 0.317593 0.0653646 0.0527778 
