0 0.802734 0.630324 0.122135 0.075463 
0 0.662109 0.325926 0.0492188 0.159259 
0 0.767187 0.175463 0.0260417 0.0796296 
0 0.76276 0.342824 0.0385417 0.141204 
0 0.806641 0.923611 0.0429688 0.140741 
0 0.538542 0.394444 0.0286458 0.0759259 
0 0.586979 0.625 0.0692708 0.0564815 
0 0.121354 0.246991 0.0354167 0.0782407 
0 0.617188 0.8125 0.034375 0.0972222 
0 0.662109 0.512269 0.0341146 0.0680556 
0 0.4875 0.73912 0.0328125 0.114352 
0 0.0602865 0.16088 0.0335938 0.0467593 
0 0.745703 0.162963 0.0539063 0.140741 
0 0.701172 0.837269 0.0773437 0.0847222 
0 0.556641 0.804167 0.0273438 0.136111 
0 0.683594 0.167361 0.05625 0.0708333 
0 0.20651 0.766435 0.0791667 0.0689815 
0 0.425781 0.633102 0.0463542 0.0847222 
0 0.635677 0.702778 0.0442708 0.0425926 
0 0.123568 0.138889 0.0294271 0.0666667 
0 0.0770833 0.818287 0.0557292 0.0578704 
0 0.5375 0.471296 0.0427083 0.0787037 
0 0.525391 0.056713 0.0388021 0.0550926 
0 0.528255 0.158565 0.0304688 0.0356481 
0 0.205859 0.212037 0.0440104 0.062037 
0 0.683594 0.539352 0.0848958 0.142593 
0 0.304036 0.403241 0.0539063 0.0509259 
0 0.172526 0.23912 0.0429688 0.10787 
0 0.914062 0.363426 0.0338542 0.0462963 
0 0.616667 0.255324 0.0333333 0.0587963 
0 0.776953 0.967824 0.0460938 0.0625 
0 0.270964 0.542361 0.0377604 0.0634259 
0 0.797266 0.445602 0.0398437 0.143056 
0 0.326693 0.0988426 0.0403646 0.0467593 
0 0.403255 0.877083 0.0382813 0.0486111 
0 0.658724 0.436111 0.0341146 0.0462963 
0 0.348568 0.90625 0.0700521 0.0949074 
0 0.288021 0.766204 0.0536458 0.0472222 
0 0.174349 0.0951389 0.0440104 0.0449074 
0 0.359635 0.0296296 0.0307292 0.0462963 
0 0.314063 0.130324 0.025 0.0578704 
0 0.350911 0.180324 0.0486979 0.0828704 
0 0.0459635 0.517824 0.0476562 0.0449074 
0 0.482161 0.511343 0.0315104 0.0865741 
