0 0.683594 0.674074 0.0572917 0.17963 
0 0.456771 0.908102 0.0515625 0.138426 
0 0.445703 0.303009 0.0747396 0.0615741 
0 0.657682 0.174074 0.0731771 0.0796296 
0 0.659115 0.325463 0.0375 0.0685185 
0 0.492708 0.116435 0.0333333 0.0828704 
0 0.736328 0.90787 0.0638021 0.0657407 
0 0.475781 0.56088 0.0458333 0.120833 
0 0.680208 0.541435 0.1 0.0689815 
0 0.102995 0.0747685 0.0856771 0.0717593 
0 0.0859375 0.420833 0.0583333 0.0444444 
0 0.63763 0.682407 0.0252604 0.0796296 
0 0.546354 0.325463 0.0645833 0.0453704 
0 0.438932 0.114583 0.0664062 0.0884259 
0 0.506771 0.604167 0.0546875 0.0685185 
0 0.701172 0.104861 0.0429688 0.0949074 
0 0.145443 0.735185 0.0377604 0.0527778 
0 0.314453 0.475694 0.0315104 0.0532407 
0 0.457031 0.514352 0.0604167 0.0666667 
0 0.571224 0.212963 0.0507812 0.0685185 
0 0.606901 0.240046 0.100781 0.0634259 
0 0.527865 0.424306 0.0473958 0.0763889 
0 0.534635 0.867593 0.0473958 0.101852 
0 0.167057 0.263426 0.0361979 0.0990741 
0 0.310937 0.520139 0.0369792 0.0569444 
0 0.18138 0.444676 0.0575521 0.0791667 
0 0.210026 0.716435 0.0794271 0.0578704 
0 0.302214 0.871065 0.0263021 0.074537 
0 0.0445312 0.715972 0.0328125 0.100463 
0 0.351302 0.70787 0.0260417 0.0833333 
0 0.135937 0.519213 0.0546875 0.0736111 
0 0.471224 0.357407 0.0622396 0.0583333 
0 0.41263 0.869444 0.0518229 0.0638889 
0 0.229167 0.576852 0.0713542 0.0518519 
0 0.159375 0.650926 0.034375 0.0583333 
0 0.515625 0.546528 0.0463542 0.0699074 
0 0.404818 0.774769 0.0346354 0.0949074 
0 0.587891 0.789583 0.0289063 0.0717593 
0 0.529297 0.782639 0.0820312 0.0615741 
0 0.371745 0.332639 0.0460938 0.0625 
0 0.278125 0.0289352 0.05 0.0541667 
0 0.195703 0.548148 0.0460938 0.0481481 
0 0.101693 0.712269 0.0570313 0.0634259 
0 0.0183594 0.862731 0.0341146 0.0560185 
0 0.130469 0.797454 0.0276042 0.0662037 
0 0.629948 0.963657 0.0375 0.0726852 
0 0.295443 0.717593 0.0325521 0.132407 
0 0.73151 0.0180556 0.0395833 0.0342593 
0 0.309766 0.0914352 0.0429688 0.0412037 
0 0.511719 0.378704 0.0458333 0.087037 
0 0.270573 0.118287 0.0869792 0.0560185 
0 0.441667 0.22037 0.0348958 0.0472222 
0 0.191406 0.0599537 0.0864583 0.100463 
0 0.270052 0.661574 0.0385417 0.0768519 
0 0.502474 0.983565 0.0544271 0.0328704 
0 0.103906 0.0287037 0.040625 0.0574074 
0 0.0393229 0.241435 0.0348958 0.0856481 
0 0.560547 0.660185 0.0388021 0.0740741 
0 0.278906 0.171296 0.0546875 0.0462963 
0 0.134766 0.94537 0.0372396 0.0953704 
