0 0.192969 0.94537 0.0354167 0.0657407 
0 0.679297 0.925231 0.0450521 0.0819444 
0 0.394531 0.750463 0.05625 0.0731481 
0 0.01875 0.928704 0.034375 0.0537037 
0 0.685547 0.801389 0.0664062 0.118519 
0 0.353776 0.290741 0.0393229 0.112037 
0 0.539583 0.936574 0.0364583 0.119444 
0 0.0691406 0.96875 0.0455729 0.0587963 
0 0.701693 0.499074 0.0507812 0.100926 
0 0.777344 0.711806 0.0302083 0.0689815 
0 0.98099 0.513889 0.0338542 0.0833333 
0 0.453776 0.670139 0.0497396 0.0782407 
0 0.360286 0.834259 0.0335938 0.0805556 
0 0.979036 0.84375 0.0419271 0.0615741 
0 0.935156 0.793519 0.0484375 0.0898148 
0 0.7875 0.446759 0.0744792 0.135185 
0 0.361328 0.505556 0.0283854 0.0509259 
0 0.285156 0.975694 0.0291667 0.0486111 
0 0.0235677 0.559954 0.0455729 0.0717593 
0 0.329818 0.96713 0.0351562 0.0648148 
0 0.672396 0.737037 0.0447917 0.0796296 
0 0.157813 0.654861 0.0348958 0.0662037 
0 0.408854 0.928935 0.0630208 0.0791667 
0 0.404818 0.576389 0.0289063 0.0898148 
0 0.757292 0.765972 0.0583333 0.0847222 
0 0.140755 0.493981 0.0309896 0.0527778 
0 0.602995 0.610648 0.0419271 0.0916667 
0 0.309115 0.78588 0.0317708 0.0625 
0 0.475781 0.853704 0.0307292 0.0851852 
0 0.630859 0.597222 0.0273438 0.0592593 
0 0.642969 0.280556 0.034375 0.0555556 
