0 0.474349 0.130324 0.0502604 0.0856481 
0 0.666016 0.550231 0.0622396 0.100463 
0 0.44388 0.645833 0.0653646 0.0722222 
0 0.571745 0.164352 0.0757812 0.0759259 
0 0.495833 0.536574 0.0484375 0.0527778 
0 0.30612 0.306713 0.0367187 0.0587963 
0 0.530339 0.507176 0.0382813 0.0662037 
0 0.663021 0.831481 0.0828125 0.0592593 
0 0.477083 0.291435 0.0369792 0.174537 
0 0.54349 0.612731 0.0890625 0.0976852 
0 0.325391 0.459722 0.0351562 0.103704 
0 0.620052 0.723843 0.0557292 0.0671296 
0 0.735807 0.681481 0.115365 0.0814815 
0 0.467057 0.865741 0.0950521 0.087037 
0 0.628516 0.385648 0.0960938 0.0777778 
0 0.117969 0.59375 0.0677083 0.0560185 
0 0.0880208 0.88287 0.05625 0.0675926 
0 0.288281 0.528935 0.0604167 0.0606481 
0 0.317318 0.965278 0.0403646 0.0638889 
0 0.597656 0.817361 0.0895833 0.0773148 
0 0.275651 0.37037 0.0653646 0.0657407 
0 0.661589 0.369213 0.0351562 0.0578704 
0 0.423828 0.184954 0.0721354 0.0541667 
0 0.134245 0.92963 0.0497396 0.105556 
0 0.557552 0.90625 0.0567708 0.0689815 
0 0.319401 0.562037 0.0408854 0.0472222 
0 0.0222656 0.345602 0.0440104 0.0513889 
0 0.159635 0.291667 0.0567708 0.106481 
0 0.21901 0.528704 0.0557292 0.062963 
0 0.486068 0.0770833 0.0861979 0.121759 
0 0.441927 0.228935 0.0661458 0.050463 
0 0.254167 0.603704 0.0848958 0.0675926 
0 0.590365 0.43588 0.0359375 0.10787 
0 0.496484 0.669676 0.0356771 0.105093 
0 0.10013 0.0685185 0.0372396 0.10463 
0 0.266536 0.784259 0.0351562 0.0481481 
0 0.154297 0.169444 0.0330729 0.102778 
0 0.336198 0.357639 0.0348958 0.0439815 
0 0.785677 0.0215278 0.0609375 0.0430556 
0 0.375521 0.736111 0.0338542 0.0657407 
0 0.0358073 0.197222 0.0341146 0.0574074 
0 0.122526 0.684954 0.0554687 0.0587963 
0 0.188802 0.90463 0.059375 0.0527778 
0 0.179427 0.380556 0.0588542 0.0675926 
0 0.369531 0.869907 0.0317708 0.0851852 
0 0.120052 0.48912 0.0494792 0.121759 
0 0.202734 0.261343 0.0768229 0.0643518 
