0 0.290755 0.41713 0.0742188 0.105556 
0 0.634245 0.565972 0.0575521 0.0847222 
0 0.798828 0.362269 0.0429688 0.0921296 
0 0.390625 0.496065 0.0510417 0.0782407 
0 0.49362 0.555787 0.0398437 0.0902778 
0 0.549349 0.438426 0.0690104 0.0935185 
0 0.962891 0.928009 0.0388021 0.0912037 
0 0.511198 0.338889 0.0578125 0.0638889 
0 0.95651 0.283565 0.053125 0.139352 
0 0.0768229 0.52037 0.05625 0.0712963 
0 0.669401 0.326389 0.0356771 0.0824074 
0 0.326172 0.640972 0.0445312 0.0782407 
0 0.962891 0.458796 0.0434896 0.1 
0 0.84375 0.76088 0.0364583 0.0976852 
0 0.101172 0.637269 0.0554687 0.0699074 
0 0.479818 0.686111 0.0497396 0.0851852 
0 0.754297 0.504167 0.0393229 0.110185 
0 0.134635 0.571065 0.0390625 0.110648 
0 0.963281 0.709259 0.0453125 0.0564815 
0 0.216797 0.579398 0.0486979 0.106944 
0 0.729036 0.564352 0.0414063 0.0842593 
0 0.552214 0.609954 0.0679687 0.118981 
0 0.536198 0.743519 0.0416667 0.0583333 
0 0.138672 0.680093 0.0299479 0.111111 
0 0.738281 0.890741 0.0536458 0.0814815 
0 0.401172 0.93912 0.0539063 0.100463 
0 0.847135 0.646759 0.0536458 0.0796296 
0 0.0466146 0.615509 0.0291667 0.125463 
0 0.180729 0.51088 0.0536458 0.0708333 
0 0.854948 0.459954 0.0385417 0.0986111 
0 0.0557292 0.759491 0.0375 0.0828704 
0 0.134635 0.477546 0.0484375 0.0615741 
0 0.867578 0.725694 0.0294271 0.075463 
0 0.643099 0.444907 0.0398437 0.087963 
0 0.0933594 0.737037 0.0377604 0.0537037 
0 0.589844 0.444444 0.0484375 0.0601852 
0 0.508854 0.922917 0.0432292 0.0828704 
0 0.689453 0.178935 0.0299479 0.075463 
0 0.545964 0.962731 0.0398437 0.0708333 
0 0.316406 0.3375 0.0265625 0.0833333 
0 0.98737 0.780787 0.0216146 0.0939815 
