0 0.693359 0.616204 0.0617188 0.157407 
0 0.57474 0.361343 0.0796875 0.173611 
0 0.657812 0.407639 0.0932292 0.113426 
0 0.621094 0.762963 0.0546875 0.0925926 
0 0.16888 0.492593 0.0544271 0.121296 
0 0.505859 0.399074 0.0330729 0.12963 
0 0.791016 0.293287 0.0299479 0.11713 
0 0.488932 0.240972 0.0591146 0.0625 
0 0.655208 0.594213 0.059375 0.114352 
0 0.504297 0.100926 0.0903646 0.15463 
0 0.755339 0.359259 0.0356771 0.0592593 
0 0.214714 0.144213 0.0736979 0.0726852 
0 0.755859 0.767361 0.0351562 0.152315 
0 0.388021 0.835648 0.0489583 0.0768519 
0 0.0985677 0.868981 0.0622396 0.0453704 
0 0.533203 0.527778 0.0606771 0.105556 
0 0.555599 0.0719907 0.0341146 0.0763889 
0 0.582552 0.624074 0.0671875 0.0981481 
0 0.256641 0.928704 0.0507812 0.123148 
0 0.0322917 0.181944 0.028125 0.118519 
0 0.107031 0.660648 0.0463542 0.0537037 
0 0.605469 0.493981 0.119792 0.106481 
0 0.183724 0.324074 0.0783854 0.0731481 
0 0.192318 0.0456019 0.0585938 0.0865741 
0 0.158203 0.702778 0.0377604 0.0777778 
0 0.13724 0.930556 0.0338542 0.0935185 
0 0.0339844 0.41713 0.0268229 0.0972222 
0 0.0983073 0.945139 0.0393229 0.0615741 
0 0.290625 0.744213 0.0291667 0.0856481 
0 0.740234 0.499537 0.0278646 0.0611111 
0 0.497786 0.486111 0.0554687 0.0592593 
0 0.128385 0.388426 0.0432292 0.0814815 
0 0.0822917 0.403704 0.04375 0.0722222 
0 0.10638 0.738889 0.0627604 0.0546296 
0 0.109635 0.272685 0.0546875 0.0490741 
0 0.540625 0.742824 0.0364583 0.156944 
0 0.215365 0.772222 0.0494792 0.0481481 
0 0.304167 0.533796 0.03125 0.0842593 
0 0.351042 0.197222 0.0447917 0.126852 
0 0.338802 0.464815 0.0609375 0.0787037 
0 0.596615 0.869676 0.0359375 0.174537 
0 0.0608073 0.259028 0.0434896 0.0810185 
0 0.118099 0.319213 0.0622396 0.0560185 
0 0.146354 0.611343 0.0572917 0.0439815 
0 0.267969 0.519907 0.0546875 0.0509259 
0 0.0981771 0.155787 0.0265625 0.0930556 
0 0.0286458 0.343519 0.0447917 0.0490741 
0 0.408464 0.644444 0.0533854 0.152778 
0 0.183854 0.549537 0.0526042 0.116667 
0 0.258724 0.290741 0.0513021 0.0481481 
0 0.190755 0.268287 0.0429688 0.075463 
0 0.542057 0.318981 0.0325521 0.0898148 
0 0.34375 0.340509 0.0338542 0.0958333 
