0 0.883203 0.673611 0.0513021 0.0898148 
0 0.928776 0.663194 0.0549479 0.130093 
0 0.714323 0.855556 0.04375 0.133333 
0 0.489974 0.810185 0.0460938 0.0953704 
0 0.230078 0.20463 0.0486979 0.0888889 
0 0.485677 0.496528 0.0473958 0.0921296 
0 0.234375 0.736111 0.0697917 0.107407 
0 0.334766 0.615509 0.0356771 0.101389 
0 0.101042 0.574306 0.0473958 0.174537 
0 0.978906 0.341667 0.0421875 0.0703704 
0 0.395443 0.0916667 0.0367187 0.0777778 
0 0.485677 0.883565 0.0286458 0.0523148 
0 0.489193 0.340741 0.0341146 0.0851852 
0 0.414583 0.552546 0.0276042 0.0560185 
0 0.729427 0.523148 0.0369792 0.0805556 
0 0.766536 0.411111 0.0460938 0.121296 
0 0.366927 0.882407 0.065625 0.087037 
0 0.520052 0.602778 0.053125 0.0666667 
0 0.804688 0.134259 0.0364583 0.0601852 
0 0.532682 0.752778 0.0367187 0.0601852 
0 0.523958 0.356944 0.0572917 0.0574074 
0 0.420703 0.667824 0.0450521 0.0819444 
0 0.852474 0.55787 0.0669271 0.0657407 
0 0.639063 0.906018 0.0359375 0.0972222 
0 0.301693 0.892361 0.0471354 0.0976852 
0 0.696224 0.649306 0.0471354 0.0893519 
0 0.951693 0.833333 0.0617188 0.0787037 
0 0.790495 0.702546 0.0585938 0.0625 
0 0.0966146 0.296528 0.0338542 0.0541667 
0 0.369792 0.18125 0.0447917 0.0662037 
0 0.710026 0.565972 0.0585938 0.123611 
0 0.185417 0.660185 0.0583333 0.173148 
0 0.529297 0.449769 0.0356771 0.106944 
0 0.296354 0.550231 0.0338542 0.0476852 
0 0.979557 0.946991 0.0356771 0.0837963 
0 0.465625 0.703009 0.0364583 0.0402778 
0 0.963802 0.508102 0.0609375 0.0699074 
0 0.146094 0.979398 0.0598958 0.0412037 
0 0.460026 0.0280093 0.0419271 0.0560185 
0 0.341797 0.982639 0.0361979 0.0337963 
0 0.98724 0.430556 0.0244792 0.087037 
