0 0.660156 0.632407 0.0645833 0.123148 
0 0.401432 0.411343 0.0377604 0.0615741 
0 0.701693 0.415046 0.0388021 0.116204 
0 0.311849 0.2125 0.0622396 0.0638889 
0 0.711979 0.621065 0.0354167 0.0587963 
0 0.44375 0.70787 0.0364583 0.0648148 
0 0.30638 0.0680556 0.0492188 0.062963 
0 0.337109 0.319676 0.0429688 0.074537 
0 0.409635 0.259491 0.04375 0.0902778 
0 0.621094 0.247917 0.0385417 0.0689815 
0 0.347135 0.456713 0.028125 0.0625 
0 0.0610677 0.0909722 0.0434896 0.0625 
0 0.579167 0.967593 0.0442708 0.0648148 
0 0.70599 0.154398 0.0421875 0.0828704 
0 0.658203 0.974769 0.0382813 0.050463 
0 0.207552 0.925463 0.0520833 0.0490741 
0 0.509245 0.596528 0.0403646 0.0597222 
0 0.55026 0.548611 0.025 0.062037 
0 0.63138 0.790046 0.0440104 0.1125 
0 0.22474 0.55162 0.0442708 0.0819444 
0 0.163021 0.215046 0.046875 0.0532407 
0 0.40599 0.900231 0.0401042 0.0939815 
0 0.690885 0.35 0.0369792 0.0666667 
0 0.642969 0.352315 0.059375 0.0574074 
0 0.0735677 0.408102 0.0278646 0.0625 
0 0.32526 0.624074 0.0572917 0.0583333 
0 0.772917 0.0925926 0.0390625 0.126852 
0 0.564844 0.827546 0.0427083 0.0856481 
0 0.493229 0.456944 0.053125 0.0462963 
0 0.611849 0.512731 0.0424479 0.0856481 
0 0.20625 0.0208333 0.0395833 0.0407407 
0 0.427995 0.76875 0.0294271 0.0652778 
0 0.367708 0.909028 0.0380208 0.0578704 
0 0.310286 0.163194 0.0591146 0.050463 
0 0.596615 0.763889 0.0270833 0.102778 
0 0.460938 0.196991 0.034375 0.0662037 
0 0.104687 0.176389 0.0260417 0.0444444 
0 0.61224 0.1125 0.0286458 0.0805556 
0 0.51263 0.0680556 0.0242187 0.0935185 
0 0.284505 0.0967593 0.0429688 0.0444444 
0 0.789583 0.208333 0.0369792 0.0453704 
0 0.526302 0.426852 0.0375 0.103704 
0 0.289714 0.740509 0.0429688 0.0662037 
0 0.423307 0.359722 0.0335938 0.0703704 
0 0.178646 0.13125 0.0458333 0.0560185 
0 0.6875 0.921991 0.0255208 0.0800926 
0 0.207292 0.82037 0.0322917 0.0694444 
0 0.540104 0.891435 0.0302083 0.0606481 
0 0.250781 0.631944 0.0489583 0.0648148 
0 0.471745 0.524306 0.0403646 0.0393519 
0 0.571224 0.428935 0.0351562 0.050463 
0 0.68112 0.285648 0.0304688 0.0759259 
0 0.178906 0.638426 0.0286458 0.0481481 
0 0.195052 0.104861 0.0453125 0.0717593 
0 0.200911 0.486111 0.0315104 0.0777778 
0 0.416406 0.6875 0.0302083 0.0944444 
0 0.11875 0.345833 0.0447917 0.0490741 
0 0.564453 0.60625 0.0419271 0.0717593 
0 0.119401 0.24838 0.0231771 0.0449074 
0 0.241536 0.507639 0.0325521 0.0569444 
0 0.474089 0.979398 0.0575521 0.0412037 
0 0.501953 0.893287 0.0554687 0.0893519 
0 0.650391 0.446528 0.0393229 0.0412037 
0 0.0148437 0.658102 0.0291667 0.0569444 
