0 0.672917 0.754167 0.0609375 0.0925926 
0 0.798828 0.541204 0.0372396 0.102778 
0 0.680729 0.556019 0.0375 0.115741 
0 0.4625 0.0821759 0.0458333 0.074537 
0 0.508724 0.487731 0.0513021 0.0986111 
0 0.239323 0.701389 0.05 0.0694444 
0 0.760677 0.436574 0.0947917 0.0601852 
0 0.439583 0.878009 0.0364583 0.0643518 
0 0.144271 0.0555556 0.0229167 0.0722222 
0 0.798828 0.319444 0.0643229 0.0694444 
0 0.517057 0.22338 0.0539063 0.0625 
0 0.15013 0.698843 0.0398437 0.0773148 
0 0.827604 0.6875 0.046875 0.0416667 
0 0.570833 0.107639 0.0421875 0.0958333 
0 0.315625 0.767361 0.0348958 0.0615741 
0 0.438281 0.756481 0.03125 0.103704 
0 0.631771 0.636806 0.0463542 0.180093 
0 0.885286 0.227083 0.0617188 0.099537 
0 0.157031 0.374306 0.0333333 0.0902778 
0 0.351562 0.793287 0.0395833 0.0726852 
0 0.520573 0.797685 0.0703125 0.062963 
0 0.273958 0.173843 0.0557292 0.0513889 
0 0.186849 0.0409722 0.0393229 0.0791667 
0 0.750911 0.615741 0.0299479 0.0712963 
0 0.188151 0.241204 0.0351562 0.0740741 
0 0.046875 0.314815 0.0640625 0.0435185 
0 0.138542 0.309722 0.0338542 0.0722222 
0 0.152474 0.537731 0.0226563 0.0736111 
0 0.704557 0.228241 0.0309896 0.0527778 
0 0.427995 0.0993056 0.0278646 0.113426 
0 0.461198 0.286343 0.0364583 0.0532407 
0 0.301042 0.681944 0.065625 0.0833333 
0 0.63763 0.402315 0.0393229 0.122222 
0 0.205078 0.955787 0.0497396 0.0800926 
0 0.0266927 0.262269 0.0471354 0.049537 
0 0.0638021 0.0891204 0.0317708 0.0578704 
0 0.766667 0.169444 0.0375 0.116667 
0 0.329167 0.0513889 0.0359375 0.0333333 
0 0.466146 0.453009 0.0546875 0.0587963 
0 0.474609 0.0217593 0.0424479 0.0435185 
0 0.290495 0.455787 0.0424479 0.075463 
0 0.103646 0.646296 0.0307292 0.0574074 
0 0.680208 0.0229167 0.0385417 0.0449074 
0 0.629948 0.185648 0.0822917 0.075 
0 0.415234 0.678472 0.0434896 0.0689815 
0 0.226562 0.0939815 0.0447917 0.0805556 
0 0.17526 0.30625 0.0260417 0.0402778 
0 0.259375 0.795602 0.0307292 0.0893519 
0 0.049349 0.535648 0.0643229 0.0416667 
0 0.434635 0.231713 0.0979167 0.0587963 
0 0.14388 0.936806 0.0440104 0.0856481 
0 0.0246094 0.624537 0.0372396 0.0527778 
0 0.183464 0.111343 0.0559896 0.0587963 
0 0.261589 0.305787 0.0263021 0.103241 
0 0.571745 0.0305556 0.0315104 0.0611111 
0 0.414844 0.589352 0.0328125 0.0583333 
