0 0.907292 0.0828704 0.120833 0.15 
0 0.867188 0.205556 0.134896 0.0731481 
0 0.713411 0.155093 0.0924479 0.165741 
0 0.658724 0.516898 0.0450521 0.0652778 
0 0.813021 0.733102 0.0463542 0.0578704 
0 0.398828 0.900231 0.0986979 0.0810185 
0 0.744141 0.214352 0.0440104 0.101852 
0 0.836458 0.158333 0.117188 0.0731481 
0 0.129818 0.863657 0.0341146 0.0569444 
0 0.832031 0.337037 0.0401042 0.0833333 
0 0.537109 0.174537 0.0429688 0.10463 
0 0.60599 0.948843 0.0338542 0.0467593 
0 0.263672 0.081713 0.0575521 0.102315 
0 0.536589 0.0340278 0.0289063 0.0680556 
0 0.641146 0.874537 0.040625 0.160185 
0 0.513672 0.423148 0.0518229 0.0564815 
0 0.186068 0.463194 0.0486979 0.0597222 
0 0.631771 0.270139 0.0463542 0.0569444 
0 0.397656 0.548148 0.0442708 0.0527778 
0 0.567448 0.538657 0.0578125 0.0560185 
0 0.261198 0.840741 0.046875 0.0759259 
0 0.410156 0.2 0.0666667 0.0638889 
0 0.616667 0.364352 0.0723958 0.0638889 
0 0.124219 0.683565 0.0380208 0.0625 
0 0.0247396 0.0398148 0.0385417 0.0712963 
0 0.581641 0.143981 0.0351562 0.114815 
0 0.58151 0.025463 0.0395833 0.0509259 
0 0.105208 0.759028 0.0479167 0.0550926 
0 0.605078 0.735648 0.0638021 0.0787037 
0 0.603906 0.294676 0.034375 0.0828704 
0 0.70599 0.288657 0.0864583 0.0634259 
0 0.0835937 0.508565 0.0484375 0.0625 
0 0.441146 0.380556 0.0302083 0.0712963 
0 0.540104 0.284259 0.0692708 0.0564815 
0 0.29349 0.406944 0.075 0.062963 
0 0.271745 0.308565 0.0669271 0.0680556 
0 0.333724 0.763889 0.0393229 0.0925926 
0 0.772917 0.453472 0.0729167 0.0773148 
0 0.703646 0.629167 0.053125 0.106481 
0 0.415495 0.139352 0.0591146 0.0481481 
0 0.222656 0.36412 0.0546875 0.0449074 
0 0.233984 0.574306 0.0460938 0.0523148 
0 0.907161 0.981944 0.0502604 0.0361111 
0 0.627474 0.437037 0.0710938 0.087037 
0 0.0617188 0.663194 0.0302083 0.0532407 
0 0.659766 0.102778 0.0403646 0.0601852 
0 0.408464 0.702315 0.0403646 0.0740741 
0 0.244792 0.20625 0.0671875 0.0458333 
0 0.435026 0.492593 0.0252604 0.0722222 
0 0.033724 0.213657 0.0606771 0.0708333 
