0 0.875521 0.0798611 0.0567708 0.1375 
0 0.941927 0.740278 0.0588542 0.0759259 
0 0.634766 0.236574 0.0403646 0.0740741 
0 0.586979 0.124537 0.034375 0.134259 
0 0.789062 0.26412 0.0296875 0.0708333 
0 0.583984 0.368287 0.0835937 0.0652778 
0 0.666016 0.0944444 0.0518229 0.0638889 
0 0.470052 0.0747685 0.0692708 0.0828704 
0 0.706641 0.752083 0.0533854 0.0865741 
0 0.378516 0.966898 0.0434896 0.0643518 
0 0.684505 0.16875 0.0320312 0.118981 
0 0.259635 0.506019 0.040625 0.05 
0 0.788151 0.839352 0.0736979 0.0657407 
0 0.671875 0.394213 0.0557292 0.0986111 
0 0.698177 0.311574 0.0541667 0.121296 
0 0.398698 0.326852 0.0630208 0.0611111 
0 0.719271 0.343287 0.0536458 0.0810185 
0 0.547396 0.258333 0.04375 0.062963 
0 0.558073 0.0381944 0.0354167 0.0763889 
0 0.369141 0.589815 0.0273438 0.062963 
0 0.0272135 0.842361 0.0372396 0.0439815 
0 0.333984 0.330787 0.0367187 0.0708333 
0 0.48737 0.210185 0.0606771 0.062963 
0 0.234115 0.772917 0.0348958 0.0828704 
0 0.32474 0.743519 0.040625 0.0601852 
0 0.336849 0.419907 0.0403646 0.0777778 
0 0.0759115 0.52037 0.0341146 0.05 
0 0.135417 0.812963 0.0385417 0.037963 
0 0.875391 0.571528 0.0440104 0.0689815 
0 0.0334635 0.371991 0.0210938 0.0671296 
0 0.662109 0.849537 0.0544271 0.0648148 
0 0.475521 0.756944 0.03125 0.05 
0 0.475911 0.144907 0.0638021 0.0472222 
0 0.457943 0.635417 0.0330729 0.0625 
0 0.724089 0.124074 0.0356771 0.0537037 
0 0.303255 0.284028 0.0497396 0.0671296 
0 0.13776 0.232407 0.0348958 0.0490741 
0 0.417448 0.27662 0.0302083 0.0486111 
0 0.68112 0.271296 0.0825521 0.100926 
0 0.142318 0.769213 0.0507812 0.0513889 
0 0.776953 0.0358796 0.0341146 0.0717593 
0 0.72513 0.482407 0.0533854 0.0481481 
0 0.485547 0.481944 0.0356771 0.0648148 
0 0.395964 0.428009 0.0445312 0.0643518 
0 0.23737 0.563889 0.0382813 0.0694444 
0 0.622135 0.964352 0.04375 0.0675926 
0 0.295443 0.436343 0.0315104 0.0662037 
0 0.792448 0.612963 0.0734375 0.0675926 
0 0.339323 0.189352 0.0265625 0.0518519 
0 0.601042 0.290278 0.0411458 0.0796296 
0 0.164323 0.199306 0.0359375 0.0717593 
0 0.109766 0.350926 0.0356771 0.0537037 
0 0.332682 0.588194 0.0367187 0.074537 
0 0.464583 0.318519 0.0369792 0.05 
0 0.801302 0.094213 0.0333333 0.074537 
0 0.299479 0.0990741 0.028125 0.0685185 
0 0.877474 0.165046 0.0294271 0.0578704 
0 0.384375 0.871065 0.0317708 0.0782407 
0 0.625911 0.55787 0.0283854 0.0388889 
0 0.218229 0.118056 0.03125 0.0462963 
0 0.312109 0.604861 0.0351562 0.0662037 
0 0.650911 0.594907 0.0403646 0.0592593 
0 0.552734 0.492361 0.0622396 0.0578704 
0 0.0222656 0.20787 0.0341146 0.0740741 
0 0.316406 0.471759 0.0265625 0.0611111 
0 0.133854 0.931481 0.0442708 0.0518519 
0 0.0235677 0.0972222 0.0393229 0.0388889 
0 0.477344 0.543519 0.0442708 0.0574074 
0 0.575651 0.580324 0.0408854 0.0587963 
0 0.484375 0.620602 0.0395833 0.0486111 
0 0.667578 0.55 0.0403646 0.0398148 
0 0.120182 0.530787 0.0294271 0.0662037 
0 0.369401 0.278935 0.0195312 0.0662037 
0 0.103385 0.563889 0.0385417 0.0611111 
0 0.570833 0.869907 0.0276042 0.1 
0 0.205729 0.325926 0.0286458 0.0638889 
