0 0.192057 0.162731 0.0289063 0.131019 
0 0.31862 0.233565 0.0559896 0.0800926 
0 0.447266 0.1 0.0367187 0.087037 
0 0.227995 0.0928241 0.0367187 0.106944 
0 0.158724 0.17963 0.0216146 0.0944444 
0 0.411849 0.0240741 0.0289063 0.0481481 
0 0.926172 0.2375 0.0585938 0.0592593 
0 0.725651 0.0388889 0.0752604 0.0712963 
0 0.142448 0.472685 0.0333333 0.106481 
0 0.788672 0.470139 0.0486979 0.0939815 
0 0.334245 0.324074 0.0388021 0.0787037 
0 0.366927 0.0585648 0.0380208 0.110648 
0 0.152865 0.562963 0.0401042 0.0555556 
0 0.41875 0.240741 0.0328125 0.102778 
0 0.441406 0.493519 0.0458333 0.0638889 
0 0.185677 0.758796 0.0567708 0.102778 
0 0.89349 0.536343 0.0692708 0.0532407 
0 0.958464 0.195139 0.0794271 0.0615741 
0 0.58737 0.574537 0.0580729 0.075 
0 0.385417 0.353935 0.0354167 0.0912037 
0 0.690495 0.547917 0.0299479 0.0717593 
0 0.405729 0.405324 0.046875 0.0782407 
0 0.901302 0.594213 0.0328125 0.075463 
0 0.232031 0.365741 0.0552083 0.0777778 
0 0.390885 0.731944 0.0578125 0.126852 
0 0.566406 0.378241 0.0296875 0.0694444 
0 0.259245 0.473148 0.0554687 0.0453704 
0 0.456771 0.382639 0.059375 0.0680556 
