0 0.744141 0.0388889 0.0424479 0.0472222 
0 0.527344 0.351852 0.0453125 0.075 
0 0.412109 0.704861 0.0502604 0.0541667 
0 0.528255 0.257639 0.0346354 0.0587963 
0 0.607031 0.0414352 0.03125 0.0384259 
0 0.57474 0.766898 0.0296875 0.0365741 
0 0.635677 0.0451389 0.0239583 0.0902778 
0 0.621094 0.887269 0.0401042 0.0717593 
0 0.192448 0.790278 0.0458333 0.0435185 
0 0.364453 0.857639 0.0356771 0.0458333 
0 0.686458 0.204167 0.0510417 0.0453704 
0 0.504948 0.615278 0.0401042 0.05 
0 0.348177 0.70787 0.03125 0.0537037 
0 0.47526 0.545139 0.0208333 0.0958333 
0 0.655729 0.407176 0.0286458 0.0819444 
0 0.184896 0.388426 0.0359375 0.037963 
0 0.661589 0.326157 0.0388021 0.0625 
0 0.11875 0.274074 0.025 0.0601852 
0 0.530729 0.737963 0.0338542 0.0824074 
0 0.674219 0.271759 0.028125 0.0648148 
0 0.303906 0.5125 0.03125 0.0388889 
0 0.633724 0.229167 0.0289063 0.0990741 
0 0.453385 0.903704 0.0333333 0.075 
0 0.505339 0.0284722 0.0377604 0.0569444 
0 0.325 0.210185 0.0302083 0.0481481 
0 0.486849 0.237037 0.0330729 0.0425926 
0 0.414323 0.522454 0.0328125 0.0347222 
0 0.958073 0.252315 0.0255208 0.0462963 
0 0.941406 0.62662 0.0333333 0.0643518 
0 0.357943 0.254167 0.0403646 0.0537037 
0 0.269271 0.760417 0.0286458 0.0680556 
0 0.539583 0.498148 0.0234375 0.0685185 
0 0.389453 0.634491 0.0382813 0.0652778 
0 0.176172 0.243287 0.0372396 0.0541667 
0 0.201042 0.870139 0.0411458 0.0532407 
0 0.626042 0.744907 0.0401042 0.0453704 
0 0.697786 0.155324 0.0346354 0.0736111 
0 0.388411 0.462037 0.0450521 0.0425926 
0 0.281771 0.137963 0.0333333 0.0574074 
0 0.252734 0.920139 0.0361979 0.0689815 
0 0.300391 0.262269 0.0315104 0.0523148 
0 0.142318 0.762037 0.0320312 0.0518519 
0 0.453125 0.271065 0.046875 0.0467593 
0 0.577604 0.876157 0.0286458 0.0958333 
0 0.242969 0.113194 0.0338542 0.0597222 
0 0.563932 0.263426 0.0257812 0.0759259 
0 0.179427 0.025 0.0244792 0.0444444 
0 0.386719 0.0791667 0.0338542 0.0546296 
0 0.112109 0.124537 0.0414063 0.0361111 
0 0.663151 0.597454 0.0424479 0.0662037 
0 0.294141 0.441204 0.0398437 0.0481481 
0 0.194661 0.120602 0.0434896 0.0458333 
0 0.0966146 0.181019 0.040625 0.0342593 
0 0.752474 0.8125 0.0236979 0.0814815 
0 0.695312 0.574306 0.0260417 0.0680556 
0 0.146224 0.0236111 0.0356771 0.0453704 
0 0.327214 0.336574 0.0351562 0.0444444 
0 0.625 0.566435 0.0432292 0.0458333 
0 0.709505 0.668056 0.0242187 0.0564815 
0 0.552344 0.234722 0.034375 0.0490741 
0 0.879948 0.128009 0.0265625 0.0467593 
0 0.672396 0.526389 0.0390625 0.0435185 
0 0.696354 0.628009 0.046875 0.0856481 
0 0.693359 0.325694 0.0398437 0.0625 
