0 0.452214 0.486111 0.0388021 0.10463 
0 0.797917 0.0449074 0.0541667 0.0898148 
0 0.301953 0.0405093 0.0403646 0.0606481 
0 0.744531 0.23588 0.0744792 0.147685 
0 0.0316406 0.47963 0.0502604 0.142593 
0 0.736328 0.40787 0.0643229 0.0712963 
0 0.960026 0.672222 0.0523437 0.087037 
0 0.26224 0.369444 0.0526042 0.107407 
0 0.828646 0.511343 0.0390625 0.0736111 
0 0.26862 0.273611 0.0330729 0.0833333 
0 0.282943 0.125926 0.0507812 0.0555556 
0 0.801302 0.571991 0.03125 0.0569444 
0 0.667578 0.269213 0.0330729 0.0875 
0 0.928255 0.742824 0.0315104 0.115278 
0 0.219271 0.567361 0.0536458 0.0782407 
0 0.113672 0.55162 0.0320312 0.122685 
0 0.695312 0.44838 0.0255208 0.0893519 
0 0.0723958 0.579861 0.0494792 0.0958333 
0 0.651823 0.386111 0.034375 0.0574074 
0 0.713802 0.597685 0.0671875 0.0824074 
0 0.511328 0.389815 0.0752604 0.0509259 
0 0.872135 0.419213 0.0427083 0.0541667 
0 0.408854 0.651157 0.034375 0.106944 
0 0.55612 0.513426 0.0518229 0.062037 
0 0.391146 0.5625 0.0505208 0.0722222 
0 0.908724 0.647222 0.0247396 0.0898148 
0 0.311198 0.232407 0.0401042 0.0824074 
0 0.364974 0.376389 0.0528646 0.125 
0 0.838411 0.443287 0.0273438 0.0467593 
0 0.699219 0.24375 0.053125 0.0532407 
0 0.835026 0.821296 0.0325521 0.0944444 
0 0.534115 0.683565 0.0546875 0.0671296 
0 0.329557 0.306481 0.0507812 0.117593 
0 0.302734 0.408796 0.0450521 0.136111 
0 0.467318 0.311574 0.0450521 0.107407 
0 0.651432 0.622454 0.0278646 0.0949074 
0 0.75638 0.521296 0.0325521 0.0657407 
0 0.416536 0.324074 0.0294271 0.133333 
0 0.247135 0.483565 0.0536458 0.0708333 
0 0.779297 0.490509 0.0361979 0.0615741 
0 0.498828 0.871528 0.0388021 0.0810185 
0 0.458333 0.722917 0.0432292 0.074537 
0 0.858984 0.943519 0.0502604 0.0972222 
