0 0.70013 0.632639 0.0346354 0.134722 
0 0.617578 0.47338 0.0382813 0.0643518 
0 0.809635 0.414352 0.0427083 0.1 
0 0.721224 0.564352 0.0320312 0.15 
0 0.787109 0.589352 0.0643229 0.134259 
0 0.176042 0.0680556 0.0364583 0.0611111 
0 0.653385 0.27037 0.0338542 0.126852 
0 0.631901 0.959028 0.0544271 0.0773148 
0 0.369401 0.726389 0.0450521 0.0527778 
0 0.712891 0.281713 0.0627604 0.100463 
0 0.113411 0.391204 0.0486979 0.0462963 
0 0.512109 0.774306 0.0638021 0.0726852 
0 0.489974 0.965278 0.0768229 0.0601852 
0 0.108984 0.71713 0.0408854 0.0416667 
0 0.73151 0.394676 0.0994792 0.0634259 
0 0.403906 0.73125 0.0359375 0.0986111 
0 0.410417 0.663194 0.0333333 0.0689815 
0 0.366276 0.386806 0.0304688 0.0847222 
0 0.580469 0.66713 0.034375 0.062037 
0 0.573177 0.0819444 0.0489583 0.0592593 
0 0.355469 0.897454 0.040625 0.075463 
0 0.0571615 0.11088 0.0242187 0.0689815 
0 0.747135 0.743056 0.0369792 0.0453704 
0 0.0911458 0.455787 0.0473958 0.0375 
0 0.411328 0.025 0.0679687 0.05 
0 0.282031 0.131713 0.0395833 0.0578704 
0 0.223828 0.895833 0.0455729 0.0527778 
0 0.416016 0.28125 0.0289063 0.0606481 
0 0.148047 0.799537 0.0434896 0.0583333 
0 0.351302 0.66875 0.0421875 0.0671296 
0 0.442057 0.50787 0.0664062 0.0712963 
0 0.0947917 0.0678241 0.0338542 0.0449074 
0 0.0871094 0.337731 0.0388021 0.0523148 
0 0.329427 0.290509 0.0307292 0.0773148 
0 0.182552 0.145833 0.04375 0.0509259 
0 0.588411 0.55 0.0606771 0.0944444 
0 0.870573 0.289583 0.0260417 0.050463 
0 0.773828 0.370833 0.0382813 0.0518519 
0 0.696745 0.79213 0.0533854 0.062037 
0 0.828125 0.702315 0.0328125 0.0935185 
0 0.382812 0.229861 0.0385417 0.0569444 
0 0.208854 0.79375 0.0489583 0.0597222 
0 0.586458 0.866898 0.0458333 0.0467593 
0 0.303516 0.378935 0.0403646 0.0550926 
0 0.270312 0.228704 0.0463542 0.0435185 
0 0.373047 0.587731 0.0356771 0.0606481 
0 0.288281 0.590278 0.0541667 0.0444444 
0 0.163411 0.702315 0.0403646 0.0833333 
0 0.11276 0.277546 0.0401042 0.0375 
0 0.63763 0.810417 0.0601562 0.0541667 
0 0.459505 0.131944 0.0653646 0.0601852 
0 0.458984 0.433565 0.0346354 0.0467593 
0 0.496354 0.722685 0.0239583 0.075 
0 0.575651 0.624074 0.0570313 0.0527778 
0 0.435547 0.310648 0.0315104 0.0814815 
0 0.417969 0.433565 0.0375 0.0643518 
0 0.138542 0.153472 0.0182292 0.0699074 
0 0.0811198 0.577083 0.0325521 0.0402778 
0 0.155078 0.29537 0.0398437 0.0731481 
0 0.358464 0.487037 0.0351562 0.112963 
0 0.555208 0.890509 0.03125 0.0449074 
0 0.773438 0.547917 0.0317708 0.0513889 
0 0.0727865 0.798843 0.0632813 0.115278 
0 0.227474 0.340278 0.0533854 0.0425926 
0 0.165885 0.377083 0.0479167 0.0597222 
0 0.484375 0.0641204 0.0515625 0.0486111 
0 0.466276 0.640741 0.0471354 0.0574074 
0 0.222526 0.167361 0.0518229 0.0356481 
