0 0.569922 0.311806 0.0486979 0.11713 
0 0.592839 0.0949074 0.0768229 0.112963 
0 0.0248698 0.438194 0.0497396 0.0976852 
0 0.830078 0.282639 0.0549479 0.074537 
0 0.302474 0.128009 0.0591146 0.111574 
0 0.479688 0.195139 0.0838542 0.100463 
0 0.382552 0.459722 0.0411458 0.0675926 
0 0.168359 0.262269 0.0617188 0.0699074 
0 0.854948 0.839583 0.0421875 0.0634259 
0 0.909115 0.848148 0.0453125 0.05 
0 0.721615 0.0761574 0.0661458 0.121759 
0 0.746094 0.398611 0.0765625 0.0907407 
0 0.651432 0.359722 0.0325521 0.0759259 
0 0.535156 0.344676 0.0442708 0.0884259 
0 0.476562 0.313657 0.0369792 0.0513889 
0 0.929297 0.929861 0.0533854 0.074537 
0 0.307422 0.786343 0.0335938 0.0606481 
0 0.116797 0.328935 0.0309896 0.0967593 
0 0.538021 0.156944 0.0645833 0.0666667 
0 0.808984 0.480787 0.0372396 0.0689815 
0 0.96237 0.025463 0.0346354 0.0509259 
0 0.094401 0.43287 0.0643229 0.0981481 
0 0.299609 0.27662 0.0434896 0.106944 
0 0.618099 0.253935 0.0820312 0.0615741 
0 0.291016 0.557176 0.0393229 0.0856481 
0 0.674349 0.24213 0.0346354 0.0731481 
0 0.610807 0.539583 0.0367187 0.0671296 
0 0.45651 0.597917 0.0421875 0.0699074 
0 0.67474 0.181019 0.0390625 0.0675926 
0 0.875 0.402315 0.0385417 0.0907407 
0 0.909245 0.299769 0.0674479 0.0847222 
0 0.623958 0.405324 0.0390625 0.0486111 
0 0.534635 0.544676 0.0296875 0.0912037 
0 0.966797 0.707407 0.0325521 0.0666667 
0 0.602604 0.838194 0.0473958 0.0939815 
0 0.378906 0.281481 0.0302083 0.106481 
0 0.708073 0.490972 0.0546875 0.0689815 
0 0.283203 0.382639 0.0440104 0.0800926 
0 0.836328 0.952315 0.0502604 0.0648148 
0 0.507812 0.505787 0.0369792 0.0643518 
0 0.116927 0.446991 0.0453125 0.0986111 
0 0.239323 0.432176 0.0390625 0.0884259 
0 0.238281 0.278009 0.0296875 0.0726852 
0 0.898958 0.0416667 0.0567708 0.0527778 
0 0.424609 0.215741 0.0351562 0.107407 
0 0.661719 0.48912 0.0302083 0.0597222 
0 0.561589 0.886343 0.0388021 0.0791667 
0 0.241016 0.321065 0.0476562 0.0597222 
0 0.912109 0.427315 0.0346354 0.0583333 
0 0.0996094 0.784259 0.0294271 0.0824074 
0 0.630859 0.966204 0.0398437 0.0638889 
