0 0.665104 0.222685 0.0880208 0.12963 
0 0.483203 0.802083 0.0570313 0.0967593 
0 0.727604 0.911343 0.09375 0.0708333 
0 0.76224 0.173611 0.0838542 0.121296 
0 0.857422 0.144213 0.0330729 0.100463 
0 0.51224 0.537037 0.0536458 0.087037 
0 0.732031 0.734028 0.059375 0.0986111 
0 0.589323 0.0506944 0.0760417 0.0708333 
0 0.355729 0.837963 0.0375 0.05 
0 0.494271 0.0990741 0.0375 0.112037 
0 0.475521 0.603704 0.0729167 0.062963 
0 0.385026 0.18588 0.0445312 0.0837963 
0 0.292318 0.934954 0.0601562 0.0717593 
0 0.330599 0.620833 0.0356771 0.05 
0 0.760286 0.466435 0.0585938 0.0791667 
0 0.289714 0.24375 0.0575521 0.0726852 
0 0.496094 0.413426 0.028125 0.0564815 
0 0.457422 0.90625 0.0440104 0.0597222 
0 0.530859 0.738194 0.0497396 0.0773148 
0 0.699219 0.784259 0.0625 0.126852 
0 0.132161 0.790972 0.0471354 0.0708333 
0 0.599609 0.250463 0.0351562 0.12963 
0 0.632812 0.770833 0.0541667 0.0638889 
0 0.907812 0.150926 0.05625 0.0546296 
0 0.198698 0.580093 0.0442708 0.062963 
0 0.0990885 0.0837963 0.0570313 0.0731481 
0 0.659115 0.160417 0.0682292 0.113426 
0 0.403125 0.341898 0.040625 0.0763889 
0 0.326172 0.365046 0.0695312 0.050463 
0 0.519531 0.3125 0.0651042 0.0648148 
0 0.68112 0.613426 0.0799479 0.0731481 
0 0.371094 0.543519 0.0510417 0.0842593 
0 0.413802 0.463194 0.0671875 0.0699074 
0 0.43724 0.316435 0.0265625 0.109722 
0 0.689453 0.961806 0.0533854 0.0467593 
0 0.54974 0.455324 0.034375 0.100463 
0 0.132943 0.197685 0.0648438 0.0675926 
0 0.617188 0.864583 0.0557292 0.106019 
0 0.197917 0.381019 0.0640625 0.0462963 
0 0.590365 0.801389 0.0447917 0.0842593 
0 0.342187 0.444907 0.0395833 0.0388889 
0 0.179167 0.322917 0.0572917 0.0689815 
0 0.425781 0.195139 0.0401042 0.0532407 
0 0.960417 0.927083 0.0390625 0.0634259 
0 0.337891 0.225694 0.0414063 0.0597222 
0 0.465625 0.25625 0.0401042 0.1375 
0 0.0145833 0.0747685 0.0291667 0.074537 
