0 0.370833 0.242593 0.0510417 0.113889 
0 0.0540365 0.237963 0.0434896 0.0814815 
0 0.417969 0.265972 0.0385417 0.148611 
0 0.925781 0.210185 0.0520833 0.137037 
0 0.981901 0.570833 0.0361979 0.0509259 
0 0.742578 0.824769 0.0502604 0.0763889 
0 0.410807 0.422917 0.0528646 0.0976852 
0 0.577083 0.428241 0.0302083 0.0648148 
0 0.0333333 0.403935 0.0572917 0.0782407 
0 0.732422 0.435648 0.0502604 0.0611111 
0 0.178125 0.570602 0.0364583 0.125463 
0 0.189974 0.352315 0.0356771 0.106481 
0 0.100521 0.39537 0.0359375 0.075 
0 0.222917 0.642593 0.0375 0.0787037 
0 0.45013 0.894213 0.0492188 0.0967593 
0 0.963932 0.792824 0.0377604 0.0726852 
0 0.882292 0.85787 0.0369792 0.0388889 
0 0.893099 0.661806 0.0486979 0.0606481 
0 0.847266 0.357639 0.0414063 0.0513889 
0 0.104557 0.228935 0.0424479 0.143056 
0 0.152604 0.117824 0.0380208 0.0671296 
0 0.510286 0.496528 0.0268229 0.103241 
0 0.013151 0.167824 0.0263021 0.1125 
0 0.242057 0.868056 0.0450521 0.0925926 
0 0.850651 0.285648 0.0367187 0.0768519 
0 0.270312 0.405324 0.0265625 0.1125 
0 0.245964 0.528009 0.0419271 0.0615741 
0 0.643099 0.602546 0.0434896 0.0541667 
