0 0.278516 0.150926 0.0648438 0.114815 
0 0.482422 0.0949074 0.111198 0.0768519 
0 0.0683594 0.622917 0.0507812 0.122685 
0 0.636198 0.26412 0.0760417 0.0763889 
0 0.615234 0.391898 0.0419271 0.190278 
0 0.332031 0.177315 0.0651042 0.0907407 
0 0.1625 0.357407 0.0552083 0.185185 
0 0.948698 0.15787 0.0963542 0.139815 
0 0.55625 0.809722 0.0473958 0.121296 
0 0.086849 0.698843 0.0627604 0.129167 
0 0.885677 0.690972 0.0651042 0.175463 
0 0.0997396 0.515741 0.0723958 0.087037 
0 0.39974 0.345602 0.0380208 0.0634259 
0 0.344531 0.47338 0.0453125 0.0791667 
0 0.0776042 0.941898 0.0526042 0.0958333 
0 0.717839 0.933333 0.0335938 0.0851852 
0 0.0247396 0.731019 0.0473958 0.0601852 
0 0.0373698 0.850231 0.0585938 0.0782407 
0 0.603906 0.574769 0.0515625 0.131944 
0 0.789583 0.109722 0.0791667 0.1 
0 0.73776 0.693519 0.0421875 0.158333 
0 0.682682 0.672685 0.0367187 0.0574074 
0 0.206771 0.893287 0.0416667 0.099537 
0 0.973177 0.578241 0.0479167 0.0796296 
0 0.767057 0.425926 0.0544271 0.126852 
0 0.319531 0.844676 0.0489583 0.0652778 
0 0.662109 0.910417 0.0731771 0.0902778 
0 0.214323 0.451389 0.0463542 0.0712963 
0 0.416536 0.426389 0.0507812 0.0814815 
0 0.481901 0.70787 0.0513021 0.113889 
0 0.502865 0.354167 0.0458333 0.10463 
0 0.926693 0.2625 0.0877604 0.12963 
0 0.745573 0.513426 0.0463542 0.106481 
0 0.525391 0.526157 0.0372396 0.16713 
0 0.352344 0.406481 0.104687 0.0703704 
0 0.290234 0.565509 0.0367187 0.19213 
0 0.244401 0.918519 0.0367187 0.0851852 
0 0.190234 0.786111 0.0570313 0.0740741 
0 0.0177083 0.629861 0.0328125 0.106944 
0 0.407161 0.188194 0.0476562 0.116204 
0 0.323438 0.694444 0.0833333 0.0666667 
0 0.134766 0.931481 0.0523437 0.0601852 
0 0.83151 0.197454 0.046875 0.124537 
0 0.448047 0.790278 0.0382813 0.123148 
0 0.412109 0.629398 0.0789063 0.101389 
0 0.477734 0.272454 0.0346354 0.120833 
0 0.98138 0.0423611 0.0361979 0.0847222 
