0 0.86862 0.259028 0.0575521 0.0949074 
0 0.615234 0.560417 0.0361979 0.0625 
0 0.64349 0.231944 0.0776042 0.0601852 
0 0.61237 0.301389 0.0492188 0.0888889 
0 0.57526 0.491667 0.04375 0.0490741 
0 0.80026 0.230093 0.0291667 0.0509259 
0 0.76849 0.332639 0.053125 0.128241 
0 0.629427 0.172685 0.0338542 0.0509259 
0 0.636719 0.483333 0.0317708 0.0759259 
0 0.744141 0.237269 0.0898438 0.0615741 
0 0.45599 0.0666667 0.0713542 0.062963 
0 0.145182 0.0844907 0.0476562 0.0578704 
0 0.611849 0.853009 0.108594 0.0912037 
0 0.475 0.11412 0.0395833 0.0671296 
0 0.744141 0.842824 0.0643229 0.109722 
0 0.464193 0.187037 0.0554687 0.0777778 
0 0.514193 0.817361 0.0591146 0.0828704 
0 0.73151 0.690046 0.0791667 0.103241 
0 0.501953 0.915741 0.0315104 0.0564815 
0 0.46901 0.357639 0.0515625 0.110648 
0 0.0373698 0.385648 0.0424479 0.0759259 
0 0.382812 0.175 0.0645833 0.0638889 
0 0.680729 0.732639 0.0369792 0.143981 
0 0.394922 0.0638889 0.0361979 0.0518519 
0 0.67487 0.317593 0.0565104 0.0703704 
0 0.346484 0.11875 0.0486979 0.0837963 
0 0.078776 0.627083 0.0356771 0.0689815 
0 0.350781 0.366898 0.0411458 0.0856481 
0 0.639583 0.946065 0.034375 0.0958333 
0 0.802214 0.673843 0.0497396 0.0662037 
0 0.721745 0.531713 0.0539063 0.0532407 
0 0.694401 0.959259 0.0440104 0.0657407 
0 0.302344 0.959259 0.04375 0.0796296 
0 0.285156 0.508333 0.0510417 0.0907407 
0 0.242318 0.308565 0.0236979 0.0523148 
0 0.267057 0.259491 0.0283854 0.0958333 
0 0.363542 0.569444 0.0390625 0.0842593 
0 0.24375 0.373611 0.0395833 0.0509259 
0 0.0252604 0.230787 0.0333333 0.0606481 
0 0.570833 0.0958333 0.0666667 0.0842593 
0 0.263411 0.0277778 0.0393229 0.0537037 
0 0.529818 0.784722 0.0632813 0.0611111 
0 0.686458 0.511574 0.0317708 0.137037 
0 0.266016 0.184259 0.0289063 0.0657407 
0 0.165755 0.902778 0.0242187 0.0462963 
0 0.475521 0.819907 0.0255208 0.0953704 
0 0.683073 0.025463 0.0302083 0.0425926 
0 0.151562 0.431481 0.0609375 0.0481481 
0 0.230339 0.737731 0.0414063 0.0486111 
0 0.60013 0.79537 0.0502604 0.0824074 
0 0.236458 0.928704 0.0411458 0.0546296 
0 0.754818 0.178241 0.0367187 0.0555556 
0 0.520052 0.713889 0.05625 0.0703704 
0 0.18151 0.308102 0.0395833 0.0689815 
0 0.347656 0.241898 0.0390625 0.0976852 
0 0.0942708 0.430093 0.0338542 0.0712963 
0 0.164714 0.714815 0.0388021 0.087037 
0 0.395703 0.125694 0.0445312 0.0467593 
0 0.939974 0.0884259 0.0330729 0.0824074 
