0 0.686979 0.9125 0.0583333 0.157407 
0 0.506901 0.756944 0.0591146 0.0962963 
0 0.438151 0.317593 0.0627604 0.0777778 
0 0.663542 0.193056 0.0625 0.0953704 
0 0.446484 0.510417 0.0841146 0.0615741 
0 0.652865 0.41713 0.0770833 0.0657407 
0 0.589453 0.0560185 0.0341146 0.108333 
0 0.47513 0.766667 0.0434896 0.135185 
0 0.495443 0.31875 0.0356771 0.074537 
0 0.275911 0.218056 0.0544271 0.0638889 
0 0.525911 0.116435 0.0398437 0.0587963 
0 0.313672 0.670139 0.0382813 0.0587963 
0 0.297135 0.903704 0.0354167 0.143519 
0 0.445573 0.703935 0.0484375 0.0671296 
0 0.332292 0.0451389 0.040625 0.0513889 
0 0.0871094 0.591667 0.0575521 0.0601852 
0 0.977995 0.144907 0.0429688 0.0694444 
0 0.694401 0.333565 0.0450521 0.0921296 
0 0.319141 0.154398 0.0408854 0.119907 
0 0.722656 0.221065 0.125521 0.0875 
0 0.374089 0.543519 0.0466146 0.0712963 
0 0.653255 0.527778 0.0330729 0.0592593 
0 0.025 0.968982 0.0442708 0.062037 
0 0.535677 0.210648 0.09375 0.0981481 
0 0.0433594 0.402083 0.0361979 0.0902778 
0 0.505859 0.816204 0.0528646 0.0481481 
0 0.542969 0.539352 0.0640625 0.0546296 
0 0.171745 0.0706019 0.0622396 0.0939815 
0 0.267318 0.845602 0.0330729 0.0634259 
0 0.230729 0.76088 0.0614583 0.0458333 
0 0.334375 0.578935 0.03125 0.0652778 
0 0.271484 0.0212963 0.0736979 0.0407407 
0 0.636719 0.904398 0.025 0.075463 
0 0.14375 0.708333 0.05 0.0490741 
0 0.584505 0.448843 0.0752604 0.0671296 
0 0.680208 0.75787 0.0942708 0.0740741 
0 0.147005 0.911343 0.0414063 0.0541667 
0 0.522917 0.639815 0.0427083 0.115741 
0 0.0432292 0.883333 0.0333333 0.0990741 
0 0.501432 0.620139 0.0252604 0.108796 
0 0.110547 0.265972 0.0768229 0.0736111 
0 0.179297 0.606019 0.0502604 0.0814815 
0 0.366406 0.0398148 0.0317708 0.0796296 
0 0.197266 0.741898 0.0481771 0.0532407 
0 0.0190104 0.0930556 0.0359375 0.0537037 
0 0.39362 0.044213 0.0247396 0.0884259 
0 0.334896 0.794213 0.0286458 0.0736111 
0 0.169401 0.220602 0.0455729 0.100463 
0 0.614323 0.186806 0.05625 0.0717593 
0 0.260547 0.518981 0.0481771 0.037037 
0 0.619661 0.371528 0.0617188 0.0643518 
0 0.129167 0.961111 0.025 0.062037 
0 0.558594 0.88287 0.0421875 0.0972222 
0 0.131771 0.345139 0.0911458 0.0671296 
0 0.540104 0.969444 0.0427083 0.0509259 
0 0.08125 0.183565 0.0244792 0.0615741 
0 0.269271 0.301852 0.0776042 0.0546296 
0 0.132943 0.676157 0.0497396 0.0976852 
0 0.114844 0.174306 0.0463542 0.131019 
0 0.211198 0.243287 0.0552083 0.0717593 
0 0.0888021 0.0835648 0.0395833 0.0328704 
0 0.170703 0.434259 0.0382813 0.107407 
0 0.0963542 0.873148 0.040625 0.062037 
0 0.442187 0.40463 0.0291667 0.0277778 
0 0.315885 0.265046 0.0369792 0.0356481 
0 0.211198 0.969444 0.0526042 0.0574074 
