0 0.770573 0.437963 0.053125 0.133333 
0 0.632292 0.248843 0.0395833 0.103241 
0 0.692839 0.592824 0.0283854 0.050463 
0 0.704557 0.371065 0.0325521 0.0550926 
0 0.653255 0.88287 0.0398437 0.0851852 
0 0.588802 0.396759 0.0447917 0.0583333 
0 0.712891 0.877546 0.0627604 0.0662037 
0 0.828125 0.315278 0.0760417 0.0638889 
0 0.359375 0.538657 0.0609375 0.0587963 
0 0.421745 0.337269 0.0606771 0.0782407 
0 0.669922 0.284028 0.0341146 0.101389 
0 0.623047 0.315509 0.0341146 0.0486111 
0 0.766146 0.307639 0.0489583 0.0578704 
0 0.630469 0.620602 0.0640625 0.0819444 
0 0.568359 0.788194 0.0408854 0.0458333 
0 0.566016 0.15162 0.0565104 0.0726852 
0 0.608854 0.549074 0.0723958 0.0740741 
0 0.525391 0.397222 0.0382813 0.0990741 
0 0.501432 0.151852 0.0434896 0.125926 
0 0.42474 0.771065 0.0364583 0.0578704 
0 0.43112 0.498843 0.0330729 0.050463 
0 0.509375 0.290278 0.0390625 0.0861111 
0 0.679167 0.403241 0.0328125 0.122222 
0 0.588411 0.65625 0.0325521 0.0662037 
0 0.353906 0.116898 0.0473958 0.0615741 
0 0.378516 0.0717593 0.0382813 0.0685185 
0 0.672917 0.140972 0.0421875 0.13287 
0 0.525391 0.0236111 0.0289063 0.0462963 
0 0.526823 0.630556 0.0630208 0.0574074 
0 0.503906 0.73912 0.0229167 0.0523148 
0 0.298568 0.882407 0.0382813 0.0555556 
0 0.303125 0.513889 0.0328125 0.062963 
0 0.495833 0.512037 0.0479167 0.0685185 
0 0.360417 0.59213 0.0380208 0.0490741 
0 0.485547 0.259954 0.0398437 0.102315 
0 0.214062 0.0217593 0.0479167 0.0425926 
0 0.602083 0.917593 0.0234375 0.0805556 
0 0.426562 0.405556 0.0567708 0.0490741 
0 0.613672 0.700463 0.0361979 0.0518519 
0 0.290625 0.746065 0.0328125 0.0513889 
