0 0.579036 0.407639 0.0346354 0.136574 
0 0.725521 0.261111 0.05625 0.0861111 
0 0.492448 0.90463 0.0432292 0.0648148 
0 0.318359 0.416898 0.0393229 0.0986111 
0 0.598568 0.127778 0.0393229 0.125 
0 0.607422 0.794676 0.0455729 0.0597222 
0 0.26224 0.740046 0.046875 0.0791667 
0 0.290495 0.18287 0.0393229 0.0648148 
0 0.441797 0.178472 0.0528646 0.0884259 
0 0.648047 0.147222 0.0664062 0.0583333 
0 0.50638 0.402546 0.0304688 0.0523148 
0 0.378906 0.622917 0.0489583 0.0699074 
0 0.651432 0.381481 0.0440104 0.0453704 
0 0.221745 0.350694 0.0309896 0.049537 
0 0.427214 0.811343 0.0424479 0.0467593 
0 0.483984 0.513426 0.0471354 0.062963 
0 0.26901 0.06875 0.0416667 0.0476852 
0 0.566797 0.569907 0.0450521 0.0981481 
0 0.409896 0.571065 0.0395833 0.0365741 
0 0.260547 0.558102 0.0544271 0.0652778 
0 0.609375 0.663889 0.0427083 0.123148 
0 0.229687 0.966204 0.0526042 0.0546296 
0 0.544922 0.16713 0.0263021 0.0601852 
0 0.386719 0.33125 0.05625 0.0384259 
0 0.535156 0.811343 0.0494792 0.0532407 
0 0.369792 0.108333 0.0385417 0.0990741 
0 0.291016 0.262731 0.0497396 0.0615741 
0 0.289974 0.349074 0.0382813 0.0731481 
0 0.679167 0.267593 0.0291667 0.0472222 
0 0.0520833 0.539352 0.0447917 0.0675926 
0 0.227214 0.794444 0.0466146 0.0407407 
0 0.164453 0.746759 0.0367187 0.0518519 
0 0.44362 0.323148 0.0414063 0.0703704 
0 0.257552 0.1125 0.0385417 0.0472222 
0 0.349089 0.0708333 0.0361979 0.0759259 
0 0.352995 0.238657 0.0335938 0.0782407 
0 0.629427 0.0261574 0.0484375 0.0449074 
0 0.195312 0.256481 0.0640625 0.0611111 
0 0.284375 0.932176 0.0395833 0.0708333 
0 0.425911 0.94375 0.0377604 0.104167 
0 0.536719 0.613657 0.04375 0.0699074 
0 0.552214 0.234028 0.0455729 0.122685 
0 0.703516 0.0787037 0.0299479 0.037963 
0 0.173958 0.368519 0.05 0.0435185 
0 0.401432 0.0240741 0.0492188 0.0462963 
0 0.45013 0.0865741 0.0252604 0.0768519 
0 0.472396 0.738194 0.053125 0.0634259 
0 0.251432 0.367824 0.0304688 0.0856481 
0 0.0501302 0.417361 0.0393229 0.0486111 
0 0.947266 0.649306 0.0611979 0.174537 
0 0.271354 0.799537 0.0260417 0.0546296 
0 0.134505 0.57963 0.0497396 0.0416667 
0 0.353776 0.509954 0.0424479 0.0467593 
0 0.839844 0.957407 0.0390625 0.0546296 
0 0.10026 0.86713 0.0473958 0.0509259 
0 0.0980469 0.0388889 0.0330729 0.0490741 
0 0.61276 0.191667 0.0411458 0.0546296 
0 0.142708 0.77662 0.0333333 0.0523148 
0 0.33763 0.312963 0.0398437 0.0638889 
0 0.694401 0.410185 0.0429688 0.0907407 
