0 0.419434 0.818848 0.0654297 0.0791016 
0 0.158691 0.858398 0.0732422 0.0566406 
0 0.0517578 0.929199 0.0976562 0.0751953 
0 0.172852 0.609863 0.138672 0.0693359 
0 0.960938 0.682617 0.0703125 0.0898438 
0 0.92334 0.907715 0.0654297 0.0888672 
0 0.0522461 0.0351562 0.0986328 0.0625 
0 0.76123 0.911133 0.0849609 0.0761719 
0 0.919434 0.0932617 0.102539 0.0791016 
0 0.51416 0.390625 0.118164 0.0976562 
0 0.500488 0.0449219 0.0654297 0.0664062 
0 0.574219 0.90625 0.101562 0.111328 
0 0.46875 0.0996094 0.0976562 0.0664062 
0 0.816895 0.749023 0.0888672 0.0605469 
0 0.161621 0.0708008 0.0888672 0.0615234 
0 0.48877 0.550293 0.0732422 0.124023 
0 0.0405273 0.771484 0.0771484 0.09375 
0 0.950195 0.794922 0.0742188 0.0761719 
0 0.270996 0.0268555 0.0830078 0.0537109 
0 0.756348 0.193359 0.0771484 0.0820312 
0 0.489258 0.974609 0.0917969 0.0507812 
0 0.156738 0.0258789 0.114258 0.0498047 
0 0.982422 0.617188 0.0332031 0.0761719 
0 0.455078 0.504883 0.0605469 0.0683594 
0 0.270996 0.989258 0.0712891 0.0214844 
0 0.181641 0.988281 0.078125 0.0234375 
