0 0.930664 0.366211 0.0996094 0.0820312 
0 0.03125 0.479492 0.0585938 0.0644531 
0 0.744141 0.855957 0.0917969 0.0888672 
0 0.538086 0.816406 0.0800781 0.0898438 
0 0.645996 0.0722656 0.0751953 0.0625 
0 0.294922 0.451172 0.0976562 0.302734 
0 0.417969 0.674805 0.0839844 0.111328 
0 0.707031 0.499512 0.101562 0.114258 
0 0.960938 0.12207 0.0683594 0.0839844 
0 0.331055 0.340332 0.0722656 0.108398 
0 0.262207 0.853027 0.120117 0.0771484 
0 0.707031 0.624023 0.101562 0.144531 
0 0.206055 0.585938 0.150391 0.0957031 
0 0.848145 0.598145 0.157227 0.19043 
0 0.510254 0.304688 0.102539 0.0898438 
0 0.112793 0.145996 0.161133 0.114258 
0 0.717773 0.0820312 0.0996094 0.103516 
0 0.700195 0.745605 0.0585938 0.0966797 
0 0.246094 0.702637 0.0917969 0.0771484 
0 0.380859 0.0263672 0.0722656 0.0507812 
0 0.285156 0.019043 0.078125 0.0361328 
0 0.143066 0.82373 0.102539 0.0908203 
0 0.253906 0.512695 0.117188 0.0859375 
0 0.0224609 0.832031 0.0449219 0.169922 
