0 0.607422 0.608887 0.113281 0.194336 
0 0.641602 0.946777 0.0722656 0.0966797 
0 0.303223 0.150879 0.120117 0.145508 
0 0.0766602 0.51416 0.0966797 0.151367 
0 0.611328 0.157715 0.123047 0.196289 
0 0.380371 0.720215 0.106445 0.161133 
0 0.116211 0.0771484 0.0957031 0.152344 
0 0.231445 0.644531 0.103516 0.199219 
0 0.398438 0.553711 0.0878906 0.0800781 
0 0.333496 0.0302734 0.0693359 0.0585938 
0 0.145508 0.63916 0.115234 0.0771484 
0 0.488281 0.881348 0.0761719 0.0908203 
0 0.735352 0.461426 0.111328 0.178711 
0 0.350098 0.890137 0.0712891 0.0888672 
0 0.76123 0.810059 0.0732422 0.0986328 
0 0.631348 0.81543 0.0849609 0.113281 
0 0.283691 0.866699 0.0966797 0.0810547 
0 0.852051 0.788086 0.0947266 0.201172 
0 0.508789 0.979492 0.0761719 0.0410156 
0 0.125488 0.87207 0.108398 0.0664062 
