0 0.059082 0.915039 0.0673828 0.136719 
0 0.776855 0.736816 0.0712891 0.0693359 
0 0.0205078 0.818848 0.0371094 0.0693359 
0 0.625 0.303711 0.0683594 0.109375 
0 0.554199 0.950684 0.19043 0.0849609 
0 0.109375 0.595703 0.175781 0.0878906 
0 0.54541 0.330566 0.0712891 0.112305 
0 0.813965 0.263184 0.0537109 0.0927734 
0 0.483398 0.833984 0.0605469 0.0664062 
0 0.61084 0.0756836 0.0615234 0.0693359 
0 0.3125 0.792969 0.0976562 0.0605469 
0 0.487793 0.500977 0.100586 0.09375 
0 0.680176 0.697754 0.0791016 0.0576172 
0 0.354492 0.257812 0.09375 0.21875 
0 0.478027 0.15332 0.0966797 0.0605469 
0 0.792969 0.520996 0.109375 0.0732422 
0 0.711914 0.194336 0.0566406 0.169922 
0 0.208496 0.922363 0.0771484 0.0791016 
0 0.566895 0.538574 0.0849609 0.0458984 
0 0.855957 0.208496 0.0498047 0.110352 
0 0.782227 0.98291 0.0664062 0.0322266 
0 0.927246 0.230957 0.0927734 0.108398 
0 0.607422 0.855469 0.121094 0.0957031 
